/*--------------------------------*- C++ -*----------------------------------*\
| =========                 |                                                 |
| \\      /  F ield         | foam-extend: Open Source CFD                    |
|  \\    /   O peration     | Version:     4.0                                |
|   \\  /    A nd           | Web:         http://www.foam-extend.org         |
|    \\/     M anipulation  |                                                 |
\*---------------------------------------------------------------------------*/
FoamFile
{
    version     2.0;
    format      ascii;
    class       labelList;
    note        "nPoints: 3971 nCells: 3240 nFaces: 10404 nInternalFaces: 9036";
    location    "constant/polyMesh";
    object      neighbour;
}
// * * * * * * * * * * * * * * * * * * * * * * * * * * * * * * * * * * * * * //


9036
(
1
18
180
2
19
181
3
20
182
4
21
183
5
22
184
6
23
185
7
24
186
8
25
187
9
26
188
10
27
189
11
28
190
12
29
191
13
30
192
14
31
193
15
32
194
16
33
195
17
34
196
35
197
19
36
198
20
37
199
21
38
200
22
39
201
23
40
202
24
41
203
25
42
204
26
43
205
27
44
206
28
45
207
29
46
208
30
47
209
31
48
210
32
49
211
33
50
212
34
51
213
35
52
214
53
215
37
54
216
38
55
217
39
56
218
40
57
219
41
58
220
42
59
221
43
60
222
44
61
223
45
62
224
46
63
225
47
64
226
48
65
227
49
66
228
50
67
229
51
68
230
52
69
231
53
70
232
71
233
55
72
234
56
73
235
57
74
236
58
75
237
59
76
238
60
77
239
61
78
240
62
79
241
63
80
242
64
81
243
65
82
244
66
83
245
67
84
246
68
85
247
69
86
248
70
87
249
71
88
250
89
251
73
90
252
74
91
253
75
92
254
76
93
255
77
94
256
78
95
257
79
96
258
80
97
259
81
98
260
82
99
261
83
100
262
84
101
263
85
102
264
86
103
265
87
104
266
88
105
267
89
106
268
107
269
91
108
270
92
109
271
93
110
272
94
111
273
95
112
274
96
113
275
97
114
276
98
115
277
99
116
278
100
117
279
101
118
280
102
119
281
103
120
282
104
121
283
105
122
284
106
123
285
107
124
286
125
287
109
126
288
110
127
289
111
128
290
112
129
291
113
130
292
114
131
293
115
132
294
116
133
295
117
134
296
118
135
297
119
136
298
120
137
299
121
138
300
122
139
301
123
140
302
124
141
303
125
142
304
143
305
127
144
306
128
145
307
129
146
308
130
147
309
131
148
310
132
149
311
133
150
312
134
151
313
135
152
314
136
153
315
137
154
316
138
155
317
139
156
318
140
157
319
141
158
320
142
159
321
143
160
322
161
323
145
162
324
146
163
325
147
164
326
148
165
327
149
166
328
150
167
329
151
168
330
152
169
331
153
170
332
154
171
333
155
172
334
156
173
335
157
174
336
158
175
337
159
176
338
160
177
339
161
178
340
179
341
163
342
164
343
165
344
166
345
167
346
168
347
169
348
170
349
171
350
172
351
173
352
174
353
175
354
176
355
177
356
178
357
179
358
359
181
198
360
182
199
361
183
200
362
184
201
363
185
202
364
186
203
365
187
204
366
188
205
367
189
206
368
190
207
369
191
208
370
192
209
371
193
210
372
194
211
373
195
212
374
196
213
375
197
214
376
215
377
199
216
378
200
217
379
201
218
380
202
219
381
203
220
382
204
221
383
205
222
384
206
223
385
207
224
386
208
225
387
209
226
388
210
227
389
211
228
390
212
229
391
213
230
392
214
231
393
215
232
394
233
395
217
234
396
218
235
397
219
236
398
220
237
399
221
238
400
222
239
401
223
240
402
224
241
403
225
242
404
226
243
405
227
244
406
228
245
407
229
246
408
230
247
409
231
248
410
232
249
411
233
250
412
251
413
235
252
414
236
253
415
237
254
416
238
255
417
239
256
418
240
257
419
241
258
420
242
259
421
243
260
422
244
261
423
245
262
424
246
263
425
247
264
426
248
265
427
249
266
428
250
267
429
251
268
430
269
431
253
270
432
254
271
433
255
272
434
256
273
435
257
274
436
258
275
437
259
276
438
260
277
439
261
278
440
262
279
441
263
280
442
264
281
443
265
282
444
266
283
445
267
284
446
268
285
447
269
286
448
287
449
271
288
450
272
289
451
273
290
452
274
291
453
275
292
454
276
293
455
277
294
456
278
295
457
279
296
458
280
297
459
281
298
460
282
299
461
283
300
462
284
301
463
285
302
464
286
303
465
287
304
466
305
467
289
306
468
290
307
469
291
308
470
292
309
471
293
310
472
294
311
473
295
312
474
296
313
475
297
314
476
298
315
477
299
316
478
300
317
479
301
318
480
302
319
481
303
320
482
304
321
483
305
322
484
323
485
307
324
486
308
325
487
309
326
488
310
327
489
311
328
490
312
329
491
313
330
492
314
331
493
315
332
494
316
333
495
317
334
496
318
335
497
319
336
498
320
337
499
321
338
500
322
339
501
323
340
502
341
503
325
342
504
326
343
505
327
344
506
328
345
507
329
346
508
330
347
509
331
348
510
332
349
511
333
350
512
334
351
513
335
352
514
336
353
515
337
354
516
338
355
517
339
356
518
340
357
519
341
358
520
359
521
343
522
344
523
345
524
346
525
347
526
348
527
349
528
350
529
351
530
352
531
353
532
354
533
355
534
356
535
357
536
358
537
359
538
539
361
378
540
362
379
541
363
380
542
364
381
543
365
382
544
366
383
545
367
384
546
368
385
547
369
386
548
370
387
549
371
388
550
372
389
551
373
390
552
374
391
553
375
392
554
376
393
555
377
394
556
395
557
379
396
558
380
397
559
381
398
560
382
399
561
383
400
562
384
401
563
385
402
564
386
403
565
387
404
566
388
405
567
389
406
568
390
407
569
391
408
570
392
409
571
393
410
572
394
411
573
395
412
574
413
575
397
414
576
398
415
577
399
416
578
400
417
579
401
418
580
402
419
581
403
420
582
404
421
583
405
422
584
406
423
585
407
424
586
408
425
587
409
426
588
410
427
589
411
428
590
412
429
591
413
430
592
431
593
415
432
594
416
433
595
417
434
596
418
435
597
419
436
598
420
437
599
421
438
600
422
439
601
423
440
602
424
441
603
425
442
604
426
443
605
427
444
606
428
445
607
429
446
608
430
447
609
431
448
610
449
611
433
450
612
434
451
613
435
452
614
436
453
615
437
454
616
438
455
617
439
456
618
440
457
619
441
458
620
442
459
621
443
460
622
444
461
623
445
462
624
446
463
625
447
464
626
448
465
627
449
466
628
467
629
451
468
630
452
469
631
453
470
632
454
471
633
455
472
634
456
473
635
457
474
636
458
475
637
459
476
638
460
477
639
461
478
640
462
479
641
463
480
642
464
481
643
465
482
644
466
483
645
467
484
646
485
647
469
486
648
470
487
649
471
488
650
472
489
651
473
490
652
474
491
653
475
492
654
476
493
655
477
494
656
478
495
657
479
496
658
480
497
659
481
498
660
482
499
661
483
500
662
484
501
663
485
502
664
503
665
487
504
666
488
505
667
489
506
668
490
507
669
491
508
670
492
509
671
493
510
672
494
511
673
495
512
674
496
513
675
497
514
676
498
515
677
499
516
678
500
517
679
501
518
680
502
519
681
503
520
682
521
683
505
522
684
506
523
685
507
524
686
508
525
687
509
526
688
510
527
689
511
528
690
512
529
691
513
530
692
514
531
693
515
532
694
516
533
695
517
534
696
518
535
697
519
536
698
520
537
699
521
538
700
539
701
523
702
524
703
525
704
526
705
527
706
528
707
529
708
530
709
531
710
532
711
533
712
534
713
535
714
536
715
537
716
538
717
539
718
719
541
558
720
542
559
721
543
560
722
544
561
723
545
562
724
546
563
725
547
564
726
548
565
727
549
566
728
550
567
729
551
568
730
552
569
731
553
570
732
554
571
733
555
572
734
556
573
735
557
574
736
575
737
559
576
738
560
577
739
561
578
740
562
579
741
563
580
742
564
581
743
565
582
744
566
583
745
567
584
746
568
585
747
569
586
748
570
587
749
571
588
750
572
589
751
573
590
752
574
591
753
575
592
754
593
755
577
594
756
578
595
757
579
596
758
580
597
759
581
598
760
582
599
761
583
600
762
584
601
763
585
602
764
586
603
765
587
604
766
588
605
767
589
606
768
590
607
769
591
608
770
592
609
771
593
610
772
611
773
595
612
774
596
613
775
597
614
776
598
615
777
599
616
778
600
617
779
601
618
780
602
619
781
603
620
782
604
621
783
605
622
784
606
623
785
607
624
786
608
625
787
609
626
788
610
627
789
611
628
790
629
791
613
630
792
614
631
793
615
632
794
616
633
795
617
634
796
618
635
797
619
636
798
620
637
799
621
638
800
622
639
801
623
640
802
624
641
803
625
642
804
626
643
805
627
644
806
628
645
807
629
646
808
647
809
631
648
810
632
649
811
633
650
812
634
651
813
635
652
814
636
653
815
637
654
816
638
655
817
639
656
818
640
657
819
641
658
820
642
659
821
643
660
822
644
661
823
645
662
824
646
663
825
647
664
826
665
827
649
666
828
650
667
829
651
668
830
652
669
831
653
670
832
654
671
833
655
672
834
656
673
835
657
674
836
658
675
837
659
676
838
660
677
839
661
678
840
662
679
841
663
680
842
664
681
843
665
682
844
683
845
667
684
846
668
685
847
669
686
848
670
687
849
671
688
850
672
689
851
673
690
852
674
691
853
675
692
854
676
693
855
677
694
856
678
695
857
679
696
858
680
697
859
681
698
860
682
699
861
683
700
862
701
863
685
702
864
686
703
865
687
704
866
688
705
867
689
706
868
690
707
869
691
708
870
692
709
871
693
710
872
694
711
873
695
712
874
696
713
875
697
714
876
698
715
877
699
716
878
700
717
879
701
718
880
719
881
703
882
704
883
705
884
706
885
707
886
708
887
709
888
710
889
711
890
712
891
713
892
714
893
715
894
716
895
717
896
718
897
719
898
899
721
738
900
722
739
901
723
740
902
724
741
903
725
742
904
726
743
905
727
744
906
728
745
907
729
746
908
730
747
909
731
748
910
732
749
911
733
750
912
734
751
913
735
752
914
736
753
915
737
754
916
755
917
739
756
918
740
757
919
741
758
920
742
759
921
743
760
922
744
761
923
745
762
924
746
763
925
747
764
926
748
765
927
749
766
928
750
767
929
751
768
930
752
769
931
753
770
932
754
771
933
755
772
934
773
935
757
774
936
758
775
937
759
776
938
760
777
939
761
778
940
762
779
941
763
780
942
764
781
943
765
782
944
766
783
945
767
784
946
768
785
947
769
786
948
770
787
949
771
788
950
772
789
951
773
790
952
791
953
775
792
954
776
793
955
777
794
956
778
795
957
779
796
958
780
797
959
781
798
960
782
799
961
783
800
962
784
801
963
785
802
964
786
803
965
787
804
966
788
805
967
789
806
968
790
807
969
791
808
970
809
971
793
810
972
794
811
973
795
812
974
796
813
975
797
814
976
798
815
977
799
816
978
800
817
979
801
818
980
802
819
981
803
820
982
804
821
983
805
822
984
806
823
985
807
824
986
808
825
987
809
826
988
827
989
811
828
990
812
829
991
813
830
992
814
831
993
815
832
994
816
833
995
817
834
996
818
835
997
819
836
998
820
837
999
821
838
1000
822
839
1001
823
840
1002
824
841
1003
825
842
1004
826
843
1005
827
844
1006
845
1007
829
846
1008
830
847
1009
831
848
1010
832
849
1011
833
850
1012
834
851
1013
835
852
1014
836
853
1015
837
854
1016
838
855
1017
839
856
1018
840
857
1019
841
858
1020
842
859
1021
843
860
1022
844
861
1023
845
862
1024
863
1025
847
864
1026
848
865
1027
849
866
1028
850
867
1029
851
868
1030
852
869
1031
853
870
1032
854
871
1033
855
872
1034
856
873
1035
857
874
1036
858
875
1037
859
876
1038
860
877
1039
861
878
1040
862
879
1041
863
880
1042
881
1043
865
882
1044
866
883
1045
867
884
1046
868
885
1047
869
886
1048
870
887
1049
871
888
1050
872
889
1051
873
890
1052
874
891
1053
875
892
1054
876
893
1055
877
894
1056
878
895
1057
879
896
1058
880
897
1059
881
898
1060
899
1061
883
1062
884
1063
885
1064
886
1065
887
1066
888
1067
889
1068
890
1069
891
1070
892
1071
893
1072
894
1073
895
1074
896
1075
897
1076
898
1077
899
1078
1079
901
918
1080
902
919
1081
903
920
1082
904
921
1083
905
922
1084
906
923
1085
907
924
1086
908
925
1087
909
926
1088
910
927
1089
911
928
1090
912
929
1091
913
930
1092
914
931
1093
915
932
1094
916
933
1095
917
934
1096
935
1097
919
936
1098
920
937
1099
921
938
1100
922
939
1101
923
940
1102
924
941
1103
925
942
1104
926
943
1105
927
944
1106
928
945
1107
929
946
1108
930
947
1109
931
948
1110
932
949
1111
933
950
1112
934
951
1113
935
952
1114
953
1115
937
954
1116
938
955
1117
939
956
1118
940
957
1119
941
958
1120
942
959
1121
943
960
1122
944
961
1123
945
962
1124
946
963
1125
947
964
1126
948
965
1127
949
966
1128
950
967
1129
951
968
1130
952
969
1131
953
970
1132
971
1133
955
972
1134
956
973
1135
957
974
1136
958
975
1137
959
976
1138
960
977
1139
961
978
1140
962
979
1141
963
980
1142
964
981
1143
965
982
1144
966
983
1145
967
984
1146
968
985
1147
969
986
1148
970
987
1149
971
988
1150
989
1151
973
990
1152
974
991
1153
975
992
1154
976
993
1155
977
994
1156
978
995
1157
979
996
1158
980
997
1159
981
998
1160
982
999
1161
983
1000
1162
984
1001
1163
985
1002
1164
986
1003
1165
987
1004
1166
988
1005
1167
989
1006
1168
1007
1169
991
1008
1170
992
1009
1171
993
1010
1172
994
1011
1173
995
1012
1174
996
1013
1175
997
1014
1176
998
1015
1177
999
1016
1178
1000
1017
1179
1001
1018
1180
1002
1019
1181
1003
1020
1182
1004
1021
1183
1005
1022
1184
1006
1023
1185
1007
1024
1186
1025
1187
1009
1026
1188
1010
1027
1189
1011
1028
1190
1012
1029
1191
1013
1030
1192
1014
1031
1193
1015
1032
1194
1016
1033
1195
1017
1034
1196
1018
1035
1197
1019
1036
1198
1020
1037
1199
1021
1038
1200
1022
1039
1201
1023
1040
1202
1024
1041
1203
1025
1042
1204
1043
1205
1027
1044
1206
1028
1045
1207
1029
1046
1208
1030
1047
1209
1031
1048
1210
1032
1049
1211
1033
1050
1212
1034
1051
1213
1035
1052
1214
1036
1053
1215
1037
1054
1216
1038
1055
1217
1039
1056
1218
1040
1057
1219
1041
1058
1220
1042
1059
1221
1043
1060
1222
1061
1223
1045
1062
1224
1046
1063
1225
1047
1064
1226
1048
1065
1227
1049
1066
1228
1050
1067
1229
1051
1068
1230
1052
1069
1231
1053
1070
1232
1054
1071
1233
1055
1072
1234
1056
1073
1235
1057
1074
1236
1058
1075
1237
1059
1076
1238
1060
1077
1239
1061
1078
1240
1079
1241
1063
1242
1064
1243
1065
1244
1066
1245
1067
1246
1068
1247
1069
1248
1070
1249
1071
1250
1072
1251
1073
1252
1074
1253
1075
1254
1076
1255
1077
1256
1078
1257
1079
1258
1259
1081
1098
1260
1082
1099
1261
1083
1100
1262
1084
1101
1263
1085
1102
1264
1086
1103
1265
1087
1104
1266
1088
1105
1267
1089
1106
1268
1090
1107
1269
1091
1108
1270
1092
1109
1271
1093
1110
1272
1094
1111
1273
1095
1112
1274
1096
1113
1275
1097
1114
1276
1115
1277
1099
1116
1278
1100
1117
1279
1101
1118
1280
1102
1119
1281
1103
1120
1282
1104
1121
1283
1105
1122
1284
1106
1123
1285
1107
1124
1286
1108
1125
1287
1109
1126
1288
1110
1127
1289
1111
1128
1290
1112
1129
1291
1113
1130
1292
1114
1131
1293
1115
1132
1294
1133
1295
1117
1134
1296
1118
1135
1297
1119
1136
1298
1120
1137
1299
1121
1138
1300
1122
1139
1301
1123
1140
1302
1124
1141
1303
1125
1142
1304
1126
1143
1305
1127
1144
1306
1128
1145
1307
1129
1146
1308
1130
1147
1309
1131
1148
1310
1132
1149
1311
1133
1150
1312
1151
1313
1135
1152
1314
1136
1153
1315
1137
1154
1316
1138
1155
1317
1139
1156
1318
1140
1157
1319
1141
1158
1320
1142
1159
1321
1143
1160
1322
1144
1161
1323
1145
1162
1324
1146
1163
1325
1147
1164
1326
1148
1165
1327
1149
1166
1328
1150
1167
1329
1151
1168
1330
1169
1331
1153
1170
1332
1154
1171
1333
1155
1172
1334
1156
1173
1335
1157
1174
1336
1158
1175
1337
1159
1176
1338
1160
1177
1339
1161
1178
1340
1162
1179
1341
1163
1180
1342
1164
1181
1343
1165
1182
1344
1166
1183
1345
1167
1184
1346
1168
1185
1347
1169
1186
1348
1187
1349
1171
1188
1350
1172
1189
1351
1173
1190
1352
1174
1191
1353
1175
1192
1354
1176
1193
1355
1177
1194
1356
1178
1195
1357
1179
1196
1358
1180
1197
1359
1181
1198
1360
1182
1199
1361
1183
1200
1362
1184
1201
1363
1185
1202
1364
1186
1203
1365
1187
1204
1366
1205
1367
1189
1206
1368
1190
1207
1369
1191
1208
1370
1192
1209
1371
1193
1210
1372
1194
1211
1373
1195
1212
1374
1196
1213
1375
1197
1214
1376
1198
1215
1377
1199
1216
1378
1200
1217
1379
1201
1218
1380
1202
1219
1381
1203
1220
1382
1204
1221
1383
1205
1222
1384
1223
1385
1207
1224
1386
1208
1225
1387
1209
1226
1388
1210
1227
1389
1211
1228
1390
1212
1229
1391
1213
1230
1392
1214
1231
1393
1215
1232
1394
1216
1233
1395
1217
1234
1396
1218
1235
1397
1219
1236
1398
1220
1237
1399
1221
1238
1400
1222
1239
1401
1223
1240
1402
1241
1403
1225
1242
1404
1226
1243
1405
1227
1244
1406
1228
1245
1407
1229
1246
1408
1230
1247
1409
1231
1248
1410
1232
1249
1411
1233
1250
1412
1234
1251
1413
1235
1252
1414
1236
1253
1415
1237
1254
1416
1238
1255
1417
1239
1256
1418
1240
1257
1419
1241
1258
1420
1259
1421
1243
1422
1244
1423
1245
1424
1246
1425
1247
1426
1248
1427
1249
1428
1250
1429
1251
1430
1252
1431
1253
1432
1254
1433
1255
1434
1256
1435
1257
1436
1258
1437
1259
1438
1439
1261
1278
1440
1262
1279
1441
1263
1280
1442
1264
1281
1443
1265
1282
1444
1266
1283
1445
1267
1284
1446
1268
1285
1447
1269
1286
1448
1270
1287
1449
1271
1288
1450
1272
1289
1451
1273
1290
1452
1274
1291
1453
1275
1292
1454
1276
1293
1455
1277
1294
1456
1295
1457
1279
1296
1458
1280
1297
1459
1281
1298
1460
1282
1299
1461
1283
1300
1462
1284
1301
1463
1285
1302
1464
1286
1303
1465
1287
1304
1466
1288
1305
1467
1289
1306
1468
1290
1307
1469
1291
1308
1470
1292
1309
1471
1293
1310
1472
1294
1311
1473
1295
1312
1474
1313
1475
1297
1314
1476
1298
1315
1477
1299
1316
1478
1300
1317
1479
1301
1318
1480
1302
1319
1481
1303
1320
1482
1304
1321
1483
1305
1322
1484
1306
1323
1485
1307
1324
1486
1308
1325
1487
1309
1326
1488
1310
1327
1489
1311
1328
1490
1312
1329
1491
1313
1330
1492
1331
1493
1315
1332
1494
1316
1333
1495
1317
1334
1496
1318
1335
1497
1319
1336
1498
1320
1337
1499
1321
1338
1500
1322
1339
1501
1323
1340
1502
1324
1341
1503
1325
1342
1504
1326
1343
1505
1327
1344
1506
1328
1345
1507
1329
1346
1508
1330
1347
1509
1331
1348
1510
1349
1511
1333
1350
1512
1334
1351
1513
1335
1352
1514
1336
1353
1515
1337
1354
1516
1338
1355
1517
1339
1356
1518
1340
1357
1519
1341
1358
1520
1342
1359
1521
1343
1360
1522
1344
1361
1523
1345
1362
1524
1346
1363
1525
1347
1364
1526
1348
1365
1527
1349
1366
1528
1367
1529
1351
1368
1530
1352
1369
1531
1353
1370
1532
1354
1371
1533
1355
1372
1534
1356
1373
1535
1357
1374
1536
1358
1375
1537
1359
1376
1538
1360
1377
1539
1361
1378
1540
1362
1379
1541
1363
1380
1542
1364
1381
1543
1365
1382
1544
1366
1383
1545
1367
1384
1546
1385
1547
1369
1386
1548
1370
1387
1549
1371
1388
1550
1372
1389
1551
1373
1390
1552
1374
1391
1553
1375
1392
1554
1376
1393
1555
1377
1394
1556
1378
1395
1557
1379
1396
1558
1380
1397
1559
1381
1398
1560
1382
1399
1561
1383
1400
1562
1384
1401
1563
1385
1402
1564
1403
1565
1387
1404
1566
1388
1405
1567
1389
1406
1568
1390
1407
1569
1391
1408
1570
1392
1409
1571
1393
1410
1572
1394
1411
1573
1395
1412
1574
1396
1413
1575
1397
1414
1576
1398
1415
1577
1399
1416
1578
1400
1417
1579
1401
1418
1580
1402
1419
1581
1403
1420
1582
1421
1583
1405
1422
1584
1406
1423
1585
1407
1424
1586
1408
1425
1587
1409
1426
1588
1410
1427
1589
1411
1428
1590
1412
1429
1591
1413
1430
1592
1414
1431
1593
1415
1432
1594
1416
1433
1595
1417
1434
1596
1418
1435
1597
1419
1436
1598
1420
1437
1599
1421
1438
1600
1439
1601
1423
1602
1424
1603
1425
1604
1426
1605
1427
1606
1428
1607
1429
1608
1430
1609
1431
1610
1432
1611
1433
1612
1434
1613
1435
1614
1436
1615
1437
1616
1438
1617
1439
1618
1619
1441
1458
1620
1442
1459
1621
1443
1460
1622
1444
1461
1623
1445
1462
1624
1446
1463
1625
1447
1464
1626
1448
1465
1627
1449
1466
1628
1450
1467
1629
1451
1468
1630
1452
1469
1631
1453
1470
1632
1454
1471
1633
1455
1472
1634
1456
1473
1635
1457
1474
1636
1475
1637
1459
1476
1638
1460
1477
1639
1461
1478
1640
1462
1479
1641
1463
1480
1642
1464
1481
1643
1465
1482
1644
1466
1483
1645
1467
1484
1646
1468
1485
1647
1469
1486
1648
1470
1487
1649
1471
1488
1650
1472
1489
1651
1473
1490
1652
1474
1491
1653
1475
1492
1654
1493
1655
1477
1494
1656
1478
1495
1657
1479
1496
1658
1480
1497
1659
1481
1498
1660
1482
1499
1661
1483
1500
1662
1484
1501
1663
1485
1502
1664
1486
1503
1665
1487
1504
1666
1488
1505
1667
1489
1506
1668
1490
1507
1669
1491
1508
1670
1492
1509
1671
1493
1510
1672
1511
1673
1495
1512
1674
1496
1513
1675
1497
1514
1676
1498
1515
1677
1499
1516
1678
1500
1517
1679
1501
1518
1680
1502
1519
1681
1503
1520
1682
1504
1521
1683
1505
1522
1684
1506
1523
1685
1507
1524
1686
1508
1525
1687
1509
1526
1688
1510
1527
1689
1511
1528
1690
1529
1691
1513
1530
1692
1514
1531
1693
1515
1532
1694
1516
1533
1695
1517
1534
1696
1518
1535
1697
1519
1536
1698
1520
1537
1699
1521
1538
1700
1522
1539
1701
1523
1540
1702
1524
1541
1703
1525
1542
1704
1526
1543
1705
1527
1544
1706
1528
1545
1707
1529
1546
1708
1547
1709
1531
1548
1710
1532
1549
1711
1533
1550
1712
1534
1551
1713
1535
1552
1714
1536
1553
1715
1537
1554
1716
1538
1555
1717
1539
1556
1718
1540
1557
1719
1541
1558
1720
1542
1559
1721
1543
1560
1722
1544
1561
1723
1545
1562
1724
1546
1563
1725
1547
1564
1726
1565
1727
1549
1566
1728
1550
1567
1729
1551
1568
1730
1552
1569
1731
1553
1570
1732
1554
1571
1733
1555
1572
1734
1556
1573
1735
1557
1574
1736
1558
1575
1737
1559
1576
1738
1560
1577
1739
1561
1578
1740
1562
1579
1741
1563
1580
1742
1564
1581
1743
1565
1582
1744
1583
1745
1567
1584
1746
1568
1585
1747
1569
1586
1748
1570
1587
1749
1571
1588
1750
1572
1589
1751
1573
1590
1752
1574
1591
1753
1575
1592
1754
1576
1593
1755
1577
1594
1756
1578
1595
1757
1579
1596
1758
1580
1597
1759
1581
1598
1760
1582
1599
1761
1583
1600
1762
1601
1763
1585
1602
1764
1586
1603
1765
1587
1604
1766
1588
1605
1767
1589
1606
1768
1590
1607
1769
1591
1608
1770
1592
1609
1771
1593
1610
1772
1594
1611
1773
1595
1612
1774
1596
1613
1775
1597
1614
1776
1598
1615
1777
1599
1616
1778
1600
1617
1779
1601
1618
1780
1619
1781
1603
1782
1604
1783
1605
1784
1606
1785
1607
1786
1608
1787
1609
1788
1610
1789
1611
1790
1612
1791
1613
1792
1614
1793
1615
1794
1616
1795
1617
1796
1618
1797
1619
1798
1799
1621
1638
1800
1622
1639
1801
1623
1640
1802
1624
1641
1803
1625
1642
1804
1626
1643
1805
1627
1644
1806
1628
1645
1807
1629
1646
1808
1630
1647
1809
1631
1648
1810
1632
1649
1811
1633
1650
1812
1634
1651
1813
1635
1652
1814
1636
1653
1815
1637
1654
1816
1655
1817
1639
1656
1818
1640
1657
1819
1641
1658
1820
1642
1659
1821
1643
1660
1822
1644
1661
1823
1645
1662
1824
1646
1663
1825
1647
1664
1826
1648
1665
1827
1649
1666
1828
1650
1667
1829
1651
1668
1830
1652
1669
1831
1653
1670
1832
1654
1671
1833
1655
1672
1834
1673
1835
1657
1674
1836
1658
1675
1837
1659
1676
1838
1660
1677
1839
1661
1678
1840
1662
1679
1841
1663
1680
1842
1664
1681
1843
1665
1682
1844
1666
1683
1845
1667
1684
1846
1668
1685
1847
1669
1686
1848
1670
1687
1849
1671
1688
1850
1672
1689
1851
1673
1690
1852
1691
1853
1675
1692
1854
1676
1693
1855
1677
1694
1856
1678
1695
1857
1679
1696
1858
1680
1697
1859
1681
1698
1860
1682
1699
1861
1683
1700
1862
1684
1701
1863
1685
1702
1864
1686
1703
1865
1687
1704
1866
1688
1705
1867
1689
1706
1868
1690
1707
1869
1691
1708
1870
1709
1871
1693
1710
1872
1694
1711
1873
1695
1712
1874
1696
1713
1875
1697
1714
1876
1698
1715
1877
1699
1716
1878
1700
1717
1879
1701
1718
1880
1702
1719
1881
1703
1720
1882
1704
1721
1883
1705
1722
1884
1706
1723
1885
1707
1724
1886
1708
1725
1887
1709
1726
1888
1727
1889
1711
1728
1890
1712
1729
1891
1713
1730
1892
1714
1731
1893
1715
1732
1894
1716
1733
1895
1717
1734
1896
1718
1735
1897
1719
1736
1898
1720
1737
1899
1721
1738
1900
1722
1739
1901
1723
1740
1902
1724
1741
1903
1725
1742
1904
1726
1743
1905
1727
1744
1906
1745
1907
1729
1746
1908
1730
1747
1909
1731
1748
1910
1732
1749
1911
1733
1750
1912
1734
1751
1913
1735
1752
1914
1736
1753
1915
1737
1754
1916
1738
1755
1917
1739
1756
1918
1740
1757
1919
1741
1758
1920
1742
1759
1921
1743
1760
1922
1744
1761
1923
1745
1762
1924
1763
1925
1747
1764
1926
1748
1765
1927
1749
1766
1928
1750
1767
1929
1751
1768
1930
1752
1769
1931
1753
1770
1932
1754
1771
1933
1755
1772
1934
1756
1773
1935
1757
1774
1936
1758
1775
1937
1759
1776
1938
1760
1777
1939
1761
1778
1940
1762
1779
1941
1763
1780
1942
1781
1943
1765
1782
1944
1766
1783
1945
1767
1784
1946
1768
1785
1947
1769
1786
1948
1770
1787
1949
1771
1788
1950
1772
1789
1951
1773
1790
1952
1774
1791
1953
1775
1792
1954
1776
1793
1955
1777
1794
1956
1778
1795
1957
1779
1796
1958
1780
1797
1959
1781
1798
1960
1799
1961
1783
1962
1784
1963
1785
1964
1786
1965
1787
1966
1788
1967
1789
1968
1790
1969
1791
1970
1792
1971
1793
1972
1794
1973
1795
1974
1796
1975
1797
1976
1798
1977
1799
1978
1979
1801
1818
1980
1802
1819
1981
1803
1820
1982
1804
1821
1983
1805
1822
1984
1806
1823
1985
1807
1824
1986
1808
1825
1987
1809
1826
1988
1810
1827
1989
1811
1828
1990
1812
1829
1991
1813
1830
1992
1814
1831
1993
1815
1832
1994
1816
1833
1995
1817
1834
1996
1835
1997
1819
1836
1998
1820
1837
1999
1821
1838
2000
1822
1839
2001
1823
1840
2002
1824
1841
2003
1825
1842
2004
1826
1843
2005
1827
1844
2006
1828
1845
2007
1829
1846
2008
1830
1847
2009
1831
1848
2010
1832
1849
2011
1833
1850
2012
1834
1851
2013
1835
1852
2014
1853
2015
1837
1854
2016
1838
1855
2017
1839
1856
2018
1840
1857
2019
1841
1858
2020
1842
1859
2021
1843
1860
2022
1844
1861
2023
1845
1862
2024
1846
1863
2025
1847
1864
2026
1848
1865
2027
1849
1866
2028
1850
1867
2029
1851
1868
2030
1852
1869
2031
1853
1870
2032
1871
2033
1855
1872
2034
1856
1873
2035
1857
1874
2036
1858
1875
2037
1859
1876
2038
1860
1877
2039
1861
1878
2040
1862
1879
2041
1863
1880
2042
1864
1881
2043
1865
1882
2044
1866
1883
2045
1867
1884
2046
1868
1885
2047
1869
1886
2048
1870
1887
2049
1871
1888
2050
1889
2051
1873
1890
2052
1874
1891
2053
1875
1892
2054
1876
1893
2055
1877
1894
2056
1878
1895
2057
1879
1896
2058
1880
1897
2059
1881
1898
2060
1882
1899
2061
1883
1900
2062
1884
1901
2063
1885
1902
2064
1886
1903
2065
1887
1904
2066
1888
1905
2067
1889
1906
2068
1907
2069
1891
1908
2070
1892
1909
2071
1893
1910
2072
1894
1911
2073
1895
1912
2074
1896
1913
2075
1897
1914
2076
1898
1915
2077
1899
1916
2078
1900
1917
2079
1901
1918
2080
1902
1919
2081
1903
1920
2082
1904
1921
2083
1905
1922
2084
1906
1923
2085
1907
1924
2086
1925
2087
1909
1926
2088
1910
1927
2089
1911
1928
2090
1912
1929
2091
1913
1930
2092
1914
1931
2093
1915
1932
2094
1916
1933
2095
1917
1934
2096
1918
1935
2097
1919
1936
2098
1920
1937
2099
1921
1938
2100
1922
1939
2101
1923
1940
2102
1924
1941
2103
1925
1942
2104
1943
2105
1927
1944
2106
1928
1945
2107
1929
1946
2108
1930
1947
2109
1931
1948
2110
1932
1949
2111
1933
1950
2112
1934
1951
2113
1935
1952
2114
1936
1953
2115
1937
1954
2116
1938
1955
2117
1939
1956
2118
1940
1957
2119
1941
1958
2120
1942
1959
2121
1943
1960
2122
1961
2123
1945
1962
2124
1946
1963
2125
1947
1964
2126
1948
1965
2127
1949
1966
2128
1950
1967
2129
1951
1968
2130
1952
1969
2131
1953
1970
2132
1954
1971
2133
1955
1972
2134
1956
1973
2135
1957
1974
2136
1958
1975
2137
1959
1976
2138
1960
1977
2139
1961
1978
2140
1979
2141
1963
2142
1964
2143
1965
2144
1966
2145
1967
2146
1968
2147
1969
2148
1970
2149
1971
2150
1972
2151
1973
2152
1974
2153
1975
2154
1976
2155
1977
2156
1978
2157
1979
2158
2159
1981
1998
2160
1982
1999
2161
1983
2000
2162
1984
2001
2163
1985
2002
2164
1986
2003
2165
1987
2004
2166
1988
2005
2167
1989
2006
2168
1990
2007
2169
1991
2008
2170
1992
2009
2171
1993
2010
2172
1994
2011
2173
1995
2012
2174
1996
2013
2175
1997
2014
2176
2015
2177
1999
2016
2178
2000
2017
2179
2001
2018
2180
2002
2019
2181
2003
2020
2182
2004
2021
2183
2005
2022
2184
2006
2023
2185
2007
2024
2186
2008
2025
2187
2009
2026
2188
2010
2027
2189
2011
2028
2190
2012
2029
2191
2013
2030
2192
2014
2031
2193
2015
2032
2194
2033
2195
2017
2034
2196
2018
2035
2197
2019
2036
2198
2020
2037
2199
2021
2038
2200
2022
2039
2201
2023
2040
2202
2024
2041
2203
2025
2042
2204
2026
2043
2205
2027
2044
2206
2028
2045
2207
2029
2046
2208
2030
2047
2209
2031
2048
2210
2032
2049
2211
2033
2050
2212
2051
2213
2035
2052
2214
2036
2053
2215
2037
2054
2216
2038
2055
2217
2039
2056
2218
2040
2057
2219
2041
2058
2220
2042
2059
2221
2043
2060
2222
2044
2061
2223
2045
2062
2224
2046
2063
2225
2047
2064
2226
2048
2065
2227
2049
2066
2228
2050
2067
2229
2051
2068
2230
2069
2231
2053
2070
2232
2054
2071
2233
2055
2072
2234
2056
2073
2235
2057
2074
2236
2058
2075
2237
2059
2076
2238
2060
2077
2239
2061
2078
2240
2062
2079
2241
2063
2080
2242
2064
2081
2243
2065
2082
2244
2066
2083
2245
2067
2084
2246
2068
2085
2247
2069
2086
2248
2087
2249
2071
2088
2250
2072
2089
2251
2073
2090
2252
2074
2091
2253
2075
2092
2254
2076
2093
2255
2077
2094
2256
2078
2095
2257
2079
2096
2258
2080
2097
2259
2081
2098
2260
2082
2099
2261
2083
2100
2262
2084
2101
2263
2085
2102
2264
2086
2103
2265
2087
2104
2266
2105
2267
2089
2106
2268
2090
2107
2269
2091
2108
2270
2092
2109
2271
2093
2110
2272
2094
2111
2273
2095
2112
2274
2096
2113
2275
2097
2114
2276
2098
2115
2277
2099
2116
2278
2100
2117
2279
2101
2118
2280
2102
2119
2281
2103
2120
2282
2104
2121
2283
2105
2122
2284
2123
2285
2107
2124
2286
2108
2125
2287
2109
2126
2288
2110
2127
2289
2111
2128
2290
2112
2129
2291
2113
2130
2292
2114
2131
2293
2115
2132
2294
2116
2133
2295
2117
2134
2296
2118
2135
2297
2119
2136
2298
2120
2137
2299
2121
2138
2300
2122
2139
2301
2123
2140
2302
2141
2303
2125
2142
2304
2126
2143
2305
2127
2144
2306
2128
2145
2307
2129
2146
2308
2130
2147
2309
2131
2148
2310
2132
2149
2311
2133
2150
2312
2134
2151
2313
2135
2152
2314
2136
2153
2315
2137
2154
2316
2138
2155
2317
2139
2156
2318
2140
2157
2319
2141
2158
2320
2159
2321
2143
2322
2144
2323
2145
2324
2146
2325
2147
2326
2148
2327
2149
2328
2150
2329
2151
2330
2152
2331
2153
2332
2154
2333
2155
2334
2156
2335
2157
2336
2158
2337
2159
2338
2339
2161
2178
2340
2162
2179
2341
2163
2180
2342
2164
2181
2343
2165
2182
2344
2166
2183
2345
2167
2184
2346
2168
2185
2347
2169
2186
2348
2170
2187
2349
2171
2188
2350
2172
2189
2351
2173
2190
2352
2174
2191
2353
2175
2192
2354
2176
2193
2355
2177
2194
2356
2195
2357
2179
2196
2358
2180
2197
2359
2181
2198
2360
2182
2199
2361
2183
2200
2362
2184
2201
2363
2185
2202
2364
2186
2203
2365
2187
2204
2366
2188
2205
2367
2189
2206
2368
2190
2207
2369
2191
2208
2370
2192
2209
2371
2193
2210
2372
2194
2211
2373
2195
2212
2374
2213
2375
2197
2214
2376
2198
2215
2377
2199
2216
2378
2200
2217
2379
2201
2218
2380
2202
2219
2381
2203
2220
2382
2204
2221
2383
2205
2222
2384
2206
2223
2385
2207
2224
2386
2208
2225
2387
2209
2226
2388
2210
2227
2389
2211
2228
2390
2212
2229
2391
2213
2230
2392
2231
2393
2215
2232
2394
2216
2233
2395
2217
2234
2396
2218
2235
2397
2219
2236
2398
2220
2237
2399
2221
2238
2400
2222
2239
2401
2223
2240
2402
2224
2241
2403
2225
2242
2404
2226
2243
2405
2227
2244
2406
2228
2245
2407
2229
2246
2408
2230
2247
2409
2231
2248
2410
2249
2411
2233
2250
2412
2234
2251
2413
2235
2252
2414
2236
2253
2415
2237
2254
2416
2238
2255
2417
2239
2256
2418
2240
2257
2419
2241
2258
2420
2242
2259
2421
2243
2260
2422
2244
2261
2423
2245
2262
2424
2246
2263
2425
2247
2264
2426
2248
2265
2427
2249
2266
2428
2267
2429
2251
2268
2430
2252
2269
2431
2253
2270
2432
2254
2271
2433
2255
2272
2434
2256
2273
2435
2257
2274
2436
2258
2275
2437
2259
2276
2438
2260
2277
2439
2261
2278
2440
2262
2279
2441
2263
2280
2442
2264
2281
2443
2265
2282
2444
2266
2283
2445
2267
2284
2446
2285
2447
2269
2286
2448
2270
2287
2449
2271
2288
2450
2272
2289
2451
2273
2290
2452
2274
2291
2453
2275
2292
2454
2276
2293
2455
2277
2294
2456
2278
2295
2457
2279
2296
2458
2280
2297
2459
2281
2298
2460
2282
2299
2461
2283
2300
2462
2284
2301
2463
2285
2302
2464
2303
2465
2287
2304
2466
2288
2305
2467
2289
2306
2468
2290
2307
2469
2291
2308
2470
2292
2309
2471
2293
2310
2472
2294
2311
2473
2295
2312
2474
2296
2313
2475
2297
2314
2476
2298
2315
2477
2299
2316
2478
2300
2317
2479
2301
2318
2480
2302
2319
2481
2303
2320
2482
2321
2483
2305
2322
2484
2306
2323
2485
2307
2324
2486
2308
2325
2487
2309
2326
2488
2310
2327
2489
2311
2328
2490
2312
2329
2491
2313
2330
2492
2314
2331
2493
2315
2332
2494
2316
2333
2495
2317
2334
2496
2318
2335
2497
2319
2336
2498
2320
2337
2499
2321
2338
2500
2339
2501
2323
2502
2324
2503
2325
2504
2326
2505
2327
2506
2328
2507
2329
2508
2330
2509
2331
2510
2332
2511
2333
2512
2334
2513
2335
2514
2336
2515
2337
2516
2338
2517
2339
2518
2519
2341
2358
2520
2342
2359
2521
2343
2360
2522
2344
2361
2523
2345
2362
2524
2346
2363
2525
2347
2364
2526
2348
2365
2527
2349
2366
2528
2350
2367
2529
2351
2368
2530
2352
2369
2531
2353
2370
2532
2354
2371
2533
2355
2372
2534
2356
2373
2535
2357
2374
2536
2375
2537
2359
2376
2538
2360
2377
2539
2361
2378
2540
2362
2379
2541
2363
2380
2542
2364
2381
2543
2365
2382
2544
2366
2383
2545
2367
2384
2546
2368
2385
2547
2369
2386
2548
2370
2387
2549
2371
2388
2550
2372
2389
2551
2373
2390
2552
2374
2391
2553
2375
2392
2554
2393
2555
2377
2394
2556
2378
2395
2557
2379
2396
2558
2380
2397
2559
2381
2398
2560
2382
2399
2561
2383
2400
2562
2384
2401
2563
2385
2402
2564
2386
2403
2565
2387
2404
2566
2388
2405
2567
2389
2406
2568
2390
2407
2569
2391
2408
2570
2392
2409
2571
2393
2410
2572
2411
2573
2395
2412
2574
2396
2413
2575
2397
2414
2576
2398
2415
2577
2399
2416
2578
2400
2417
2579
2401
2418
2580
2402
2419
2581
2403
2420
2582
2404
2421
2583
2405
2422
2584
2406
2423
2585
2407
2424
2586
2408
2425
2587
2409
2426
2588
2410
2427
2589
2411
2428
2590
2429
2591
2413
2430
2592
2414
2431
2593
2415
2432
2594
2416
2433
2595
2417
2434
2596
2418
2435
2597
2419
2436
2598
2420
2437
2599
2421
2438
2600
2422
2439
2601
2423
2440
2602
2424
2441
2603
2425
2442
2604
2426
2443
2605
2427
2444
2606
2428
2445
2607
2429
2446
2608
2447
2609
2431
2448
2610
2432
2449
2611
2433
2450
2612
2434
2451
2613
2435
2452
2614
2436
2453
2615
2437
2454
2616
2438
2455
2617
2439
2456
2618
2440
2457
2619
2441
2458
2620
2442
2459
2621
2443
2460
2622
2444
2461
2623
2445
2462
2624
2446
2463
2625
2447
2464
2626
2465
2627
2449
2466
2628
2450
2467
2629
2451
2468
2630
2452
2469
2631
2453
2470
2632
2454
2471
2633
2455
2472
2634
2456
2473
2635
2457
2474
2636
2458
2475
2637
2459
2476
2638
2460
2477
2639
2461
2478
2640
2462
2479
2641
2463
2480
2642
2464
2481
2643
2465
2482
2644
2483
2645
2467
2484
2646
2468
2485
2647
2469
2486
2648
2470
2487
2649
2471
2488
2650
2472
2489
2651
2473
2490
2652
2474
2491
2653
2475
2492
2654
2476
2493
2655
2477
2494
2656
2478
2495
2657
2479
2496
2658
2480
2497
2659
2481
2498
2660
2482
2499
2661
2483
2500
2662
2501
2663
2485
2502
2664
2486
2503
2665
2487
2504
2666
2488
2505
2667
2489
2506
2668
2490
2507
2669
2491
2508
2670
2492
2509
2671
2493
2510
2672
2494
2511
2673
2495
2512
2674
2496
2513
2675
2497
2514
2676
2498
2515
2677
2499
2516
2678
2500
2517
2679
2501
2518
2680
2519
2681
2503
2682
2504
2683
2505
2684
2506
2685
2507
2686
2508
2687
2509
2688
2510
2689
2511
2690
2512
2691
2513
2692
2514
2693
2515
2694
2516
2695
2517
2696
2518
2697
2519
2698
2699
2521
2538
2700
2522
2539
2701
2523
2540
2702
2524
2541
2703
2525
2542
2704
2526
2543
2705
2527
2544
2706
2528
2545
2707
2529
2546
2708
2530
2547
2709
2531
2548
2710
2532
2549
2711
2533
2550
2712
2534
2551
2713
2535
2552
2714
2536
2553
2715
2537
2554
2716
2555
2717
2539
2556
2718
2540
2557
2719
2541
2558
2720
2542
2559
2721
2543
2560
2722
2544
2561
2723
2545
2562
2724
2546
2563
2725
2547
2564
2726
2548
2565
2727
2549
2566
2728
2550
2567
2729
2551
2568
2730
2552
2569
2731
2553
2570
2732
2554
2571
2733
2555
2572
2734
2573
2735
2557
2574
2736
2558
2575
2737
2559
2576
2738
2560
2577
2739
2561
2578
2740
2562
2579
2741
2563
2580
2742
2564
2581
2743
2565
2582
2744
2566
2583
2745
2567
2584
2746
2568
2585
2747
2569
2586
2748
2570
2587
2749
2571
2588
2750
2572
2589
2751
2573
2590
2752
2591
2753
2575
2592
2754
2576
2593
2755
2577
2594
2756
2578
2595
2757
2579
2596
2758
2580
2597
2759
2581
2598
2760
2582
2599
2761
2583
2600
2762
2584
2601
2763
2585
2602
2764
2586
2603
2765
2587
2604
2766
2588
2605
2767
2589
2606
2768
2590
2607
2769
2591
2608
2770
2609
2771
2593
2610
2772
2594
2611
2773
2595
2612
2774
2596
2613
2775
2597
2614
2776
2598
2615
2777
2599
2616
2778
2600
2617
2779
2601
2618
2780
2602
2619
2781
2603
2620
2782
2604
2621
2783
2605
2622
2784
2606
2623
2785
2607
2624
2786
2608
2625
2787
2609
2626
2788
2627
2789
2611
2628
2790
2612
2629
2791
2613
2630
2792
2614
2631
2793
2615
2632
2794
2616
2633
2795
2617
2634
2796
2618
2635
2797
2619
2636
2798
2620
2637
2799
2621
2638
2800
2622
2639
2801
2623
2640
2802
2624
2641
2803
2625
2642
2804
2626
2643
2805
2627
2644
2806
2645
2807
2629
2646
2808
2630
2647
2809
2631
2648
2810
2632
2649
2811
2633
2650
2812
2634
2651
2813
2635
2652
2814
2636
2653
2815
2637
2654
2816
2638
2655
2817
2639
2656
2818
2640
2657
2819
2641
2658
2820
2642
2659
2821
2643
2660
2822
2644
2661
2823
2645
2662
2824
2663
2825
2647
2664
2826
2648
2665
2827
2649
2666
2828
2650
2667
2829
2651
2668
2830
2652
2669
2831
2653
2670
2832
2654
2671
2833
2655
2672
2834
2656
2673
2835
2657
2674
2836
2658
2675
2837
2659
2676
2838
2660
2677
2839
2661
2678
2840
2662
2679
2841
2663
2680
2842
2681
2843
2665
2682
2844
2666
2683
2845
2667
2684
2846
2668
2685
2847
2669
2686
2848
2670
2687
2849
2671
2688
2850
2672
2689
2851
2673
2690
2852
2674
2691
2853
2675
2692
2854
2676
2693
2855
2677
2694
2856
2678
2695
2857
2679
2696
2858
2680
2697
2859
2681
2698
2860
2699
2861
2683
2862
2684
2863
2685
2864
2686
2865
2687
2866
2688
2867
2689
2868
2690
2869
2691
2870
2692
2871
2693
2872
2694
2873
2695
2874
2696
2875
2697
2876
2698
2877
2699
2878
2879
2701
2718
2880
2702
2719
2881
2703
2720
2882
2704
2721
2883
2705
2722
2884
2706
2723
2885
2707
2724
2886
2708
2725
2887
2709
2726
2888
2710
2727
2889
2711
2728
2890
2712
2729
2891
2713
2730
2892
2714
2731
2893
2715
2732
2894
2716
2733
2895
2717
2734
2896
2735
2897
2719
2736
2898
2720
2737
2899
2721
2738
2900
2722
2739
2901
2723
2740
2902
2724
2741
2903
2725
2742
2904
2726
2743
2905
2727
2744
2906
2728
2745
2907
2729
2746
2908
2730
2747
2909
2731
2748
2910
2732
2749
2911
2733
2750
2912
2734
2751
2913
2735
2752
2914
2753
2915
2737
2754
2916
2738
2755
2917
2739
2756
2918
2740
2757
2919
2741
2758
2920
2742
2759
2921
2743
2760
2922
2744
2761
2923
2745
2762
2924
2746
2763
2925
2747
2764
2926
2748
2765
2927
2749
2766
2928
2750
2767
2929
2751
2768
2930
2752
2769
2931
2753
2770
2932
2771
2933
2755
2772
2934
2756
2773
2935
2757
2774
2936
2758
2775
2937
2759
2776
2938
2760
2777
2939
2761
2778
2940
2762
2779
2941
2763
2780
2942
2764
2781
2943
2765
2782
2944
2766
2783
2945
2767
2784
2946
2768
2785
2947
2769
2786
2948
2770
2787
2949
2771
2788
2950
2789
2951
2773
2790
2952
2774
2791
2953
2775
2792
2954
2776
2793
2955
2777
2794
2956
2778
2795
2957
2779
2796
2958
2780
2797
2959
2781
2798
2960
2782
2799
2961
2783
2800
2962
2784
2801
2963
2785
2802
2964
2786
2803
2965
2787
2804
2966
2788
2805
2967
2789
2806
2968
2807
2969
2791
2808
2970
2792
2809
2971
2793
2810
2972
2794
2811
2973
2795
2812
2974
2796
2813
2975
2797
2814
2976
2798
2815
2977
2799
2816
2978
2800
2817
2979
2801
2818
2980
2802
2819
2981
2803
2820
2982
2804
2821
2983
2805
2822
2984
2806
2823
2985
2807
2824
2986
2825
2987
2809
2826
2988
2810
2827
2989
2811
2828
2990
2812
2829
2991
2813
2830
2992
2814
2831
2993
2815
2832
2994
2816
2833
2995
2817
2834
2996
2818
2835
2997
2819
2836
2998
2820
2837
2999
2821
2838
3000
2822
2839
3001
2823
2840
3002
2824
2841
3003
2825
2842
3004
2843
3005
2827
2844
3006
2828
2845
3007
2829
2846
3008
2830
2847
3009
2831
2848
3010
2832
2849
3011
2833
2850
3012
2834
2851
3013
2835
2852
3014
2836
2853
3015
2837
2854
3016
2838
2855
3017
2839
2856
3018
2840
2857
3019
2841
2858
3020
2842
2859
3021
2843
2860
3022
2861
3023
2845
2862
3024
2846
2863
3025
2847
2864
3026
2848
2865
3027
2849
2866
3028
2850
2867
3029
2851
2868
3030
2852
2869
3031
2853
2870
3032
2854
2871
3033
2855
2872
3034
2856
2873
3035
2857
2874
3036
2858
2875
3037
2859
2876
3038
2860
2877
3039
2861
2878
3040
2879
3041
2863
3042
2864
3043
2865
3044
2866
3045
2867
3046
2868
3047
2869
3048
2870
3049
2871
3050
2872
3051
2873
3052
2874
3053
2875
3054
2876
3055
2877
3056
2878
3057
2879
3058
3059
2881
2898
3060
2882
2899
3061
2883
2900
3062
2884
2901
3063
2885
2902
3064
2886
2903
3065
2887
2904
3066
2888
2905
3067
2889
2906
3068
2890
2907
3069
2891
2908
3070
2892
2909
3071
2893
2910
3072
2894
2911
3073
2895
2912
3074
2896
2913
3075
2897
2914
3076
2915
3077
2899
2916
3078
2900
2917
3079
2901
2918
3080
2902
2919
3081
2903
2920
3082
2904
2921
3083
2905
2922
3084
2906
2923
3085
2907
2924
3086
2908
2925
3087
2909
2926
3088
2910
2927
3089
2911
2928
3090
2912
2929
3091
2913
2930
3092
2914
2931
3093
2915
2932
3094
2933
3095
2917
2934
3096
2918
2935
3097
2919
2936
3098
2920
2937
3099
2921
2938
3100
2922
2939
3101
2923
2940
3102
2924
2941
3103
2925
2942
3104
2926
2943
3105
2927
2944
3106
2928
2945
3107
2929
2946
3108
2930
2947
3109
2931
2948
3110
2932
2949
3111
2933
2950
3112
2951
3113
2935
2952
3114
2936
2953
3115
2937
2954
3116
2938
2955
3117
2939
2956
3118
2940
2957
3119
2941
2958
3120
2942
2959
3121
2943
2960
3122
2944
2961
3123
2945
2962
3124
2946
2963
3125
2947
2964
3126
2948
2965
3127
2949
2966
3128
2950
2967
3129
2951
2968
3130
2969
3131
2953
2970
3132
2954
2971
3133
2955
2972
3134
2956
2973
3135
2957
2974
3136
2958
2975
3137
2959
2976
3138
2960
2977
3139
2961
2978
3140
2962
2979
3141
2963
2980
3142
2964
2981
3143
2965
2982
3144
2966
2983
3145
2967
2984
3146
2968
2985
3147
2969
2986
3148
2987
3149
2971
2988
3150
2972
2989
3151
2973
2990
3152
2974
2991
3153
2975
2992
3154
2976
2993
3155
2977
2994
3156
2978
2995
3157
2979
2996
3158
2980
2997
3159
2981
2998
3160
2982
2999
3161
2983
3000
3162
2984
3001
3163
2985
3002
3164
2986
3003
3165
2987
3004
3166
3005
3167
2989
3006
3168
2990
3007
3169
2991
3008
3170
2992
3009
3171
2993
3010
3172
2994
3011
3173
2995
3012
3174
2996
3013
3175
2997
3014
3176
2998
3015
3177
2999
3016
3178
3000
3017
3179
3001
3018
3180
3002
3019
3181
3003
3020
3182
3004
3021
3183
3005
3022
3184
3023
3185
3007
3024
3186
3008
3025
3187
3009
3026
3188
3010
3027
3189
3011
3028
3190
3012
3029
3191
3013
3030
3192
3014
3031
3193
3015
3032
3194
3016
3033
3195
3017
3034
3196
3018
3035
3197
3019
3036
3198
3020
3037
3199
3021
3038
3200
3022
3039
3201
3023
3040
3202
3041
3203
3025
3042
3204
3026
3043
3205
3027
3044
3206
3028
3045
3207
3029
3046
3208
3030
3047
3209
3031
3048
3210
3032
3049
3211
3033
3050
3212
3034
3051
3213
3035
3052
3214
3036
3053
3215
3037
3054
3216
3038
3055
3217
3039
3056
3218
3040
3057
3219
3041
3058
3220
3059
3221
3043
3222
3044
3223
3045
3224
3046
3225
3047
3226
3048
3227
3049
3228
3050
3229
3051
3230
3052
3231
3053
3232
3054
3233
3055
3234
3056
3235
3057
3236
3058
3237
3059
3238
3239
3061
3078
3062
3079
3063
3080
3064
3081
3065
3082
3066
3083
3067
3084
3068
3085
3069
3086
3070
3087
3071
3088
3072
3089
3073
3090
3074
3091
3075
3092
3076
3093
3077
3094
3095
3079
3096
3080
3097
3081
3098
3082
3099
3083
3100
3084
3101
3085
3102
3086
3103
3087
3104
3088
3105
3089
3106
3090
3107
3091
3108
3092
3109
3093
3110
3094
3111
3095
3112
3113
3097
3114
3098
3115
3099
3116
3100
3117
3101
3118
3102
3119
3103
3120
3104
3121
3105
3122
3106
3123
3107
3124
3108
3125
3109
3126
3110
3127
3111
3128
3112
3129
3113
3130
3131
3115
3132
3116
3133
3117
3134
3118
3135
3119
3136
3120
3137
3121
3138
3122
3139
3123
3140
3124
3141
3125
3142
3126
3143
3127
3144
3128
3145
3129
3146
3130
3147
3131
3148
3149
3133
3150
3134
3151
3135
3152
3136
3153
3137
3154
3138
3155
3139
3156
3140
3157
3141
3158
3142
3159
3143
3160
3144
3161
3145
3162
3146
3163
3147
3164
3148
3165
3149
3166
3167
3151
3168
3152
3169
3153
3170
3154
3171
3155
3172
3156
3173
3157
3174
3158
3175
3159
3176
3160
3177
3161
3178
3162
3179
3163
3180
3164
3181
3165
3182
3166
3183
3167
3184
3185
3169
3186
3170
3187
3171
3188
3172
3189
3173
3190
3174
3191
3175
3192
3176
3193
3177
3194
3178
3195
3179
3196
3180
3197
3181
3198
3182
3199
3183
3200
3184
3201
3185
3202
3203
3187
3204
3188
3205
3189
3206
3190
3207
3191
3208
3192
3209
3193
3210
3194
3211
3195
3212
3196
3213
3197
3214
3198
3215
3199
3216
3200
3217
3201
3218
3202
3219
3203
3220
3221
3205
3222
3206
3223
3207
3224
3208
3225
3209
3226
3210
3227
3211
3228
3212
3229
3213
3230
3214
3231
3215
3232
3216
3233
3217
3234
3218
3235
3219
3236
3220
3237
3221
3238
3239
3223
3224
3225
3226
3227
3228
3229
3230
3231
3232
3233
3234
3235
3236
3237
3238
3239
)


// ************************************************************************* //
