/*--------------------------------*- C++ -*----------------------------------*\
| =========                 |                                                 |
| \\      /  F ield         | foam-extend: Open Source CFD                    |
|  \\    /   O peration     | Version:     4.0                                |
|   \\  /    A nd           | Web:         http://www.foam-extend.org         |
|    \\/     M anipulation  |                                                 |
\*---------------------------------------------------------------------------*/
FoamFile
{
    version     2.0;
    format      ascii;
    class       faceList;
    location    "constant/polyMesh";
    object      faces;
}
// * * * * * * * * * * * * * * * * * * * * * * * * * * * * * * * * * * * * * //


2895
(
3(3 302 298)
3(90 3 298)
3(90 298 302)
3(90 302 3)
3(303 92 302)
3(302 92 287)
3(303 287 92)
3(110 139 41)
3(348 41 139)
3(110 348 139)
3(110 41 348)
3(298 11 168)
3(312 11 298)
3(312 168 11)
3(88 14 4)
3(88 4 87)
3(14 87 4)
3(88 87 14)
3(126 74 22)
3(126 15 74)
3(126 22 15)
3(22 74 15)
3(93 90 1)
3(93 1 3)
3(93 3 90)
3(90 3 1)
3(167 11 168)
3(167 298 11)
3(35 32 205)
3(35 205 31)
3(35 31 32)
3(32 31 205)
3(117 0 5)
3(117 5 86)
3(117 86 0)
3(86 5 0)
3(289 88 287)
3(302 287 88)
3(302 88 289)
3(315 107 301)
3(301 107 291)
3(315 291 107)
3(303 1 288)
3(303 302 1)
3(1 302 288)
3(265 93 226)
3(93 248 226)
3(265 248 93)
3(82 4 88)
3(82 14 4)
3(82 88 14)
3(83 238 265)
3(83 72 238)
3(72 265 238)
3(83 265 72)
3(92 87 88)
3(92 88 4)
3(92 4 87)
3(17 169 168)
3(312 17 168)
3(312 169 17)
3(104 4 84)
3(94 84 4)
3(104 94 4)
3(104 84 94)
3(118 91 262)
3(262 91 239)
3(118 262 239)
3(118 239 91)
3(107 76 69)
3(69 76 20)
3(107 20 76)
3(107 69 20)
3(111 246 100)
3(111 100 263)
3(111 263 246)
3(263 100 246)
3(87 92 3)
3(93 3 92)
3(93 87 3)
3(93 92 87)
3(327 283 7)
3(327 7 300)
3(300 7 283)
3(103 91 262)
3(103 118 91)
3(103 262 118)
3(113 319 323)
3(60 323 319)
3(113 60 319)
3(113 323 60)
3(349 153 52)
3(349 52 152)
3(52 153 152)
3(58 254 227)
3(129 227 254)
3(129 254 58)
3(129 58 227)
3(115 0 104)
3(115 94 0)
3(94 104 0)
3(115 104 94)
3(94 253 0)
3(94 221 253)
3(0 253 221)
3(94 0 221)
3(129 143 257)
3(349 257 143)
3(129 257 349)
3(129 349 143)
3(101 104 115)
3(101 115 0)
3(101 0 104)
3(29 200 244)
3(29 244 210)
3(29 210 200)
3(210 244 200)
3(11 212 168)
3(216 212 11)
3(216 11 168)
3(89 279 173)
3(89 173 84)
3(279 84 173)
3(89 84 279)
3(262 95 218)
3(95 241 218)
3(262 241 95)
3(114 86 5)
3(114 5 75)
3(86 75 5)
3(114 75 86)
3(248 83 197)
3(248 238 83)
3(83 238 197)
3(83 11 3)
3(83 12 11)
3(11 12 3)
3(83 3 12)
3(172 173 89)
3(172 89 279)
3(97 75 222)
3(97 20 75)
3(75 20 222)
3(97 222 20)
3(249 8 229)
3(271 229 8)
3(271 8 249)
3(330 303 1)
3(330 1 288)
3(9 184 277)
3(272 277 184)
3(9 272 184)
3(9 277 272)
3(216 168 17)
3(216 17 169)
3(307 89 173)
3(307 173 84)
3(307 84 89)
3(237 15 219)
3(81 219 15)
3(81 237 219)
3(81 15 237)
3(129 52 55)
3(129 44 52)
3(55 52 44)
3(129 55 44)
3(270 98 234)
3(270 259 98)
3(98 259 234)
3(88 289 321)
3(82 321 289)
3(88 321 82)
3(88 82 289)
3(92 1 303)
3(92 302 1)
3(89 321 171)
3(321 82 171)
3(89 82 321)
3(89 171 82)
3(8 272 229)
3(9 272 8)
3(9 229 272)
3(9 8 229)
3(212 167 11)
3(88 3 87)
3(88 92 3)
3(79 7 2)
3(116 79 2)
3(116 2 7)
3(116 7 79)
3(115 94 253)
3(115 253 0)
3(332 288 102)
3(332 102 305)
3(305 102 288)
3(76 301 290)
3(336 301 76)
3(336 76 290)
3(330 116 283)
3(116 310 283)
3(330 310 116)
3(123 15 22)
3(123 22 113)
3(123 113 15)
3(113 22 15)
3(68 54 34)
3(68 67 54)
3(54 67 34)
3(68 34 67)
3(206 191 36)
3(206 36 190)
3(36 191 190)
3(95 0 241)
3(95 241 91)
3(95 91 0)
3(0 91 241)
3(117 104 0)
3(117 0 92)
3(104 92 0)
3(117 92 104)
3(29 199 211)
3(26 211 199)
3(29 26 199)
3(29 211 26)
3(178 42 177)
3(205 177 42)
3(205 42 178)
3(76 75 20)
3(75 21 20)
3(76 20 21)
3(76 21 75)
3(208 32 188)
3(208 189 32)
3(32 189 188)
3(110 41 61)
3(60 61 41)
3(110 61 60)
3(110 60 41)
3(310 306 106)
3(310 106 284)
3(106 306 284)
3(239 87 226)
3(93 239 226)
3(93 226 87)
3(93 87 239)
3(289 3 302)
3(289 298 3)
3(287 88 4)
3(287 92 88)
3(287 4 92)
3(264 256 14)
3(264 14 231)
3(14 256 231)
3(24 276 175)
3(24 175 326)
3(276 326 175)
3(24 326 276)
3(321 88 287)
3(102 74 10)
3(74 96 10)
3(102 96 74)
3(102 10 96)
3(272 249 8)
3(248 105 231)
3(269 231 105)
3(269 105 248)
3(83 12 196)
3(83 212 12)
3(83 196 212)
3(12 212 196)
3(15 237 236)
3(103 15 236)
3(103 236 237)
3(103 237 15)
3(77 9 8)
3(115 77 8)
3(115 9 77)
3(115 8 9)
3(105 17 12)
3(12 17 3)
3(105 12 3)
3(105 3 17)
3(124 71 21)
3(71 98 21)
3(124 98 71)
3(124 21 98)
3(262 218 103)
3(236 103 218)
3(262 103 236)
3(105 3 87)
3(105 87 88)
3(105 88 3)
3(95 86 7)
3(95 75 86)
3(95 7 75)
3(86 75 7)
3(256 87 226)
3(226 87 221)
3(256 221 87)
3(259 237 79)
3(259 79 218)
3(79 237 218)
3(78 301 290)
3(78 290 76)
3(78 76 301)
3(80 310 306)
3(80 106 310)
3(80 306 106)
3(267 94 253)
3(267 115 94)
3(267 253 115)
3(330 306 80)
3(330 80 310)
3(71 63 21)
3(71 324 63)
3(71 21 324)
3(21 63 324)
3(118 93 90)
3(118 1 93)
3(118 90 1)
3(335 290 114)
3(335 114 327)
3(327 114 290)
3(329 299 44)
3(44 299 293)
3(329 44 293)
3(104 5 117)
3(104 0 5)
3(2 330 303)
3(2 303 1)
3(2 1 330)
3(17 14 281)
3(82 281 14)
3(82 17 281)
3(82 14 17)
3(4 287 321)
3(4 321 88)
3(13 90 3)
3(13 3 298)
3(13 298 90)
3(117 86 303)
3(86 2 303)
3(117 303 2)
3(117 2 86)
3(92 88 302)
3(307 104 4)
3(307 4 84)
3(307 84 104)
3(18 25 211)
3(26 25 18)
3(26 18 211)
3(26 211 25)
3(118 223 10)
3(118 72 223)
3(72 10 223)
3(118 10 72)
3(72 90 18)
3(102 72 18)
3(102 18 90)
3(102 90 72)
3(88 3 302)
3(88 289 3)
3(68 49 54)
3(68 54 45)
3(68 45 49)
3(54 49 45)
3(127 74 10)
3(127 102 74)
3(127 10 102)
3(304 5 286)
3(5 290 286)
3(304 290 5)
3(322 5 286)
3(322 304 5)
3(48 348 149)
3(348 331 149)
3(48 149 331)
3(48 331 348)
3(232 29 200)
3(232 244 29)
3(120 27 100)
3(120 108 27)
3(120 100 108)
3(108 100 27)
3(63 100 120)
3(63 27 100)
3(63 120 27)
3(35 276 31)
3(35 282 276)
3(282 31 276)
3(35 31 282)
3(279 250 183)
3(184 250 279)
3(13 83 11)
3(13 3 83)
3(13 11 3)
3(103 95 218)
3(103 262 95)
3(266 110 228)
3(266 260 110)
3(110 260 228)
3(73 72 243)
3(73 243 26)
3(72 26 243)
3(73 26 72)
3(268 140 41)
3(268 41 252)
3(252 41 140)
3(36 240 190)
3(247 36 190)
3(247 240 36)
3(92 1 3)
3(92 93 1)
3(102 25 18)
3(25 73 18)
3(102 73 25)
3(102 18 73)
3(69 31 32)
3(69 32 66)
3(69 66 31)
3(66 32 31)
3(287 4 307)
3(287 104 4)
3(287 307 104)
3(99 232 29)
3(73 29 232)
3(99 73 232)
3(99 29 73)
3(107 204 32)
3(208 32 204)
3(107 32 208)
3(107 208 204)
3(254 257 129)
3(254 129 143)
3(14 182 181)
3(281 182 14)
3(281 14 181)
3(127 126 74)
3(127 74 22)
3(127 22 126)
3(119 24 249)
3(24 85 249)
3(119 249 85)
3(119 85 24)
3(214 13 212)
3(212 13 167)
3(214 167 13)
3(264 181 14)
3(264 14 182)
3(120 44 329)
3(120 299 44)
3(120 329 299)
3(283 303 2)
3(283 2 330)
3(6 14 264)
3(6 264 256)
3(6 256 14)
3(321 4 307)
3(183 264 278)
3(278 264 182)
3(126 10 127)
3(126 74 10)
3(236 15 219)
3(126 80 15)
3(126 15 103)
3(126 103 80)
3(80 103 15)
3(12 269 196)
3(269 216 196)
3(12 216 269)
3(12 196 216)
3(125 216 195)
3(216 269 195)
3(125 195 269)
3(125 269 216)
3(213 195 125)
3(213 125 216)
3(304 5 86)
3(304 86 117)
3(304 117 5)
3(85 8 272)
3(85 272 249)
3(85 249 8)
3(16 67 320)
3(106 320 67)
3(106 67 16)
3(106 16 320)
3(6 183 264)
3(6 278 183)
3(6 264 278)
3(10 235 223)
3(236 235 10)
3(236 10 223)
3(24 35 276)
3(24 31 35)
3(24 276 31)
3(73 22 127)
3(73 127 74)
3(73 74 22)
3(328 17 312)
3(341 17 328)
3(341 312 17)
3(279 277 9)
3(279 9 184)
3(235 127 126)
3(235 10 127)
3(235 126 10)
3(258 241 95)
3(258 0 241)
3(258 95 0)
3(2 86 7)
3(2 7 95)
3(2 95 86)
3(258 218 95)
3(22 235 127)
3(22 126 235)
3(256 226 105)
3(231 105 226)
3(256 105 231)
3(225 24 249)
3(225 249 119)
3(225 119 24)
3(326 308 69)
3(326 69 301)
3(69 308 301)
3(336 114 335)
3(336 290 114)
3(349 52 55)
3(349 55 129)
3(349 129 52)
3(80 74 126)
3(80 15 74)
3(96 80 306)
3(96 74 80)
3(96 306 74)
3(80 74 306)
3(84 9 277)
3(84 19 9)
3(84 277 19)
3(9 19 277)
3(114 304 5)
3(114 86 304)
3(344 268 140)
3(344 41 268)
3(344 140 41)
3(20 66 233)
3(97 20 233)
3(97 233 66)
3(97 66 20)
3(71 300 285)
3(324 71 285)
3(324 300 71)
3(311 302 90)
3(311 90 298)
3(278 182 14)
3(278 14 281)
3(196 248 83)
3(196 83 197)
3(11 289 298)
3(11 3 289)
3(11 298 3)
3(105 256 87)
3(105 87 226)
3(12 196 248)
3(12 248 83)
3(318 77 286)
3(322 77 318)
3(322 286 77)
3(95 0 117)
3(95 86 0)
3(95 117 86)
3(186 225 24)
3(186 24 249)
3(269 248 12)
3(80 74 10)
3(80 10 126)
3(84 318 307)
3(322 318 84)
3(322 84 307)
3(301 78 286)
3(308 286 78)
3(308 78 301)
3(231 181 14)
3(235 126 219)
3(236 126 235)
3(236 219 126)
3(251 183 6)
3(250 6 183)
3(251 6 250)
3(85 280 24)
3(24 280 186)
3(85 186 280)
3(85 24 186)
3(185 272 277)
3(264 6 251)
3(6 183 279)
3(6 279 250)
3(73 22 235)
3(73 235 127)
3(78 77 19)
3(19 77 8)
3(78 19 8)
3(78 8 77)
3(279 6 278)
3(269 181 125)
3(269 125 231)
3(231 125 181)
3(337 299 27)
3(337 27 292)
3(27 299 292)
3(120 100 46)
3(120 44 100)
3(120 46 44)
3(46 100 44)
3(280 175 24)
3(280 24 276)
3(301 76 69)
3(301 107 76)
3(301 69 107)
3(304 86 283)
3(304 303 86)
3(86 303 283)
3(19 77 286)
3(19 318 77)
3(19 286 318)
3(124 21 62)
3(112 62 21)
3(124 62 112)
3(124 112 21)
3(76 78 66)
3(97 78 76)
3(97 66 78)
3(97 76 66)
3(305 18 166)
3(311 166 18)
3(311 18 305)
3(64 313 21)
3(63 21 313)
3(64 63 313)
3(64 21 63)
3(288 302 90)
3(288 90 311)
3(110 343 260)
3(260 343 139)
3(110 139 343)
3(110 260 139)
3(290 78 286)
3(312 11 289)
3(83 214 13)
3(83 13 212)
3(83 212 214)
3(211 25 165)
3(215 165 25)
3(215 25 211)
3(280 19 174)
3(280 277 19)
3(19 277 174)
3(265 83 248)
3(107 36 204)
3(36 65 204)
3(107 65 36)
3(107 204 65)
3(12 11 216)
3(12 212 11)
3(12 216 212)
3(308 280 175)
3(308 175 24)
3(308 24 280)
3(46 329 309)
3(120 329 46)
3(120 309 329)
3(120 46 309)
3(77 115 101)
3(77 104 115)
3(77 101 104)
3(243 26 198)
3(26 199 198)
3(243 199 26)
3(85 9 272)
3(85 8 9)
3(250 9 272)
3(250 184 9)
3(36 204 32)
3(36 32 107)
3(21 336 296)
3(65 296 336)
3(65 21 296)
3(65 336 21)
3(9 250 229)
3(267 9 229)
3(267 250 9)
3(66 20 69)
3(66 69 76)
3(66 76 20)
3(90 13 18)
3(18 13 311)
3(90 311 13)
3(90 18 311)
3(28 213 180)
3(213 23 180)
3(28 180 23)
3(28 23 213)
3(127 235 223)
3(127 223 10)
3(13 298 167)
3(311 13 167)
3(311 298 13)
3(17 11 168)
3(17 216 11)
3(276 225 24)
3(276 24 186)
3(276 186 225)
3(200 29 199)
3(215 199 29)
3(215 29 200)
3(270 234 75)
3(270 75 222)
3(75 234 222)
3(102 73 127)
3(102 74 73)
3(124 263 270)
3(62 270 263)
3(124 62 263)
3(124 270 62)
3(320 106 284)
3(320 310 106)
3(126 15 123)
3(126 123 219)
3(123 15 219)
3(126 219 15)
3(100 227 44)
3(100 58 227)
3(58 44 227)
3(100 44 58)
3(126 22 123)
3(125 17 12)
3(125 105 17)
3(125 12 105)
3(292 285 71)
3(292 71 300)
3(283 86 7)
3(283 2 86)
3(283 7 2)
3(123 252 33)
3(123 33 61)
3(61 33 252)
3(123 61 252)
3(340 326 31)
3(340 31 291)
3(31 326 291)
3(5 78 290)
3(5 76 78)
3(5 290 76)
3(232 29 199)
3(306 74 294)
3(332 294 74)
3(332 74 306)
3(205 32 188)
3(205 208 32)
3(96 330 306)
3(96 80 330)
3(96 10 80)
3(78 69 301)
3(78 76 69)
3(174 308 280)
3(85 277 185)
3(85 185 272)
3(85 272 277)
3(18 25 165)
3(18 165 211)
3(99 29 244)
3(99 210 29)
3(99 244 210)
3(337 316 108)
3(337 108 299)
3(108 316 299)
3(9 279 250)
3(9 250 6)
3(9 6 279)
3(313 64 296)
3(338 64 313)
3(338 296 64)
3(101 271 97)
3(97 271 224)
3(101 224 271)
3(101 97 224)
3(335 21 324)
3(324 21 300)
3(335 300 21)
3(91 95 262)
3(91 262 241)
3(84 279 277)
3(84 9 279)
3(65 20 76)
3(65 107 20)
3(65 76 107)
3(289 17 312)
3(289 328 17)
3(17 289 11)
3(17 11 3)
3(17 3 289)
3(201 53 137)
3(274 53 201)
3(274 137 53)
3(266 41 139)
3(41 140 139)
3(266 140 41)
3(59 100 227)
3(59 227 44)
3(59 44 100)
3(261 189 32)
3(240 32 189)
3(261 32 240)
3(38 192 191)
3(203 38 191)
3(203 192 38)
3(337 320 16)
3(337 67 320)
3(337 16 67)
3(124 270 98)
3(112 98 270)
3(124 112 270)
3(124 98 112)
3(131 73 22)
3(131 22 235)
3(131 235 73)
3(98 234 75)
3(98 75 270)
3(79 95 218)
3(79 218 103)
3(79 103 95)
3(305 165 18)
3(305 18 25)
3(305 25 165)
3(334 314 30)
3(30 314 164)
3(334 30 164)
3(19 280 24)
3(19 85 280)
3(19 24 85)
3(35 276 225)
3(35 225 24)
3(72 93 90)
3(72 118 93)
3(72 90 118)
3(86 327 283)
3(86 7 327)
3(81 67 33)
3(128 67 81)
3(128 33 67)
3(128 81 33)
3(299 108 27)
3(299 120 108)
3(299 27 120)
3(179 195 125)
3(179 125 213)
3(55 346 144)
3(56 346 55)
3(56 144 346)
3(56 55 144)
3(106 113 284)
3(121 113 106)
3(121 284 113)
3(121 106 284)
3(208 205 37)
3(208 37 161)
3(37 205 161)
3(269 125 179)
3(87 0 94)
3(87 94 104)
3(87 104 0)
3(121 323 294)
3(121 294 70)
3(323 70 294)
3(121 70 323)
3(233 249 119)
3(233 119 225)
3(68 242 33)
3(255 33 242)
3(68 255 242)
3(68 33 255)
3(224 222 97)
3(224 97 75)
3(224 75 222)
3(143 49 142)
3(345 142 49)
3(345 49 143)
3(17 11 312)
3(333 320 67)
3(333 67 106)
3(333 106 320)
3(267 94 221)
3(216 17 12)
3(216 12 125)
3(216 125 17)
3(76 5 75)
3(76 75 114)
3(76 114 5)
3(230 191 38)
3(230 38 192)
3(261 32 188)
3(261 188 205)
3(261 205 32)
3(336 315 107)
3(336 107 301)
3(326 24 308)
3(215 211 29)
3(344 48 348)
3(344 149 48)
3(40 334 297)
3(40 297 30)
3(334 30 297)
3(40 30 334)
3(39 157 309)
3(207 309 157)
3(39 207 157)
3(39 309 207)
3(127 243 73)
3(127 72 243)
3(127 73 72)
3(187 225 276)
3(164 165 25)
3(164 25 215)
3(40 60 348)
3(110 40 348)
3(110 60 40)
3(110 348 60)
3(110 266 41)
3(110 139 266)
3(34 337 316)
3(34 316 108)
3(34 108 337)
3(255 123 252)
3(255 252 33)
3(255 33 123)
3(66 240 233)
3(261 66 233)
3(261 240 66)
3(176 326 31)
3(176 31 340)
3(9 115 94)
3(9 267 115)
3(9 94 267)
3(16 320 292)
3(325 16 292)
3(325 320 16)
3(17 12 11)
3(123 235 126)
3(123 219 235)
3(112 75 98)
3(112 21 75)
3(112 98 21)
3(98 75 21)
3(313 309 39)
3(313 39 157)
3(20 240 233)
3(20 66 240)
3(28 170 162)
3(341 28 162)
3(341 170 28)
3(213 17 169)
3(213 216 17)
3(23 17 281)
3(28 23 281)
3(28 17 23)
3(28 281 17)
3(126 10 236)
3(111 62 63)
3(111 63 38)
3(111 38 62)
3(63 62 38)
3(328 289 82)
3(328 82 321)
3(156 207 309)
3(219 255 123)
3(219 123 252)
3(125 269 12)
3(125 181 179)
3(181 23 179)
3(125 23 181)
3(125 179 23)
3(235 228 131)
3(232 131 228)
3(235 131 232)
3(176 276 326)
3(32 36 240)
3(32 190 36)
3(32 240 190)
3(108 50 293)
3(50 316 293)
3(108 293 316)
3(108 316 50)
3(204 189 32)
3(335 296 21)
3(335 21 336)
3(324 21 296)
3(21 313 296)
3(324 313 21)
3(203 157 39)
3(203 39 207)
3(333 67 295)
3(67 317 295)
3(333 317 67)
3(99 30 210)
3(30 47 210)
3(99 210 47)
3(99 47 30)
3(24 78 19)
3(119 19 78)
3(119 78 24)
3(119 24 19)
3(37 291 161)
3(340 291 37)
3(340 37 161)
3(268 252 33)
3(268 33 255)
3(111 120 100)
3(111 100 46)
3(111 46 120)
3(243 235 127)
3(243 73 235)
3(243 223 127)
3(277 84 173)
3(61 41 266)
3(61 266 252)
3(61 252 41)
3(266 41 252)
3(23 181 180)
3(281 23 180)
3(281 181 23)
3(156 309 46)
3(156 46 329)
3(109 27 71)
3(71 27 16)
3(109 71 16)
3(109 16 27)
3(113 81 67)
3(113 67 33)
3(113 33 81)
3(180 162 28)
3(180 28 170)
3(38 191 247)
3(38 36 191)
3(36 247 191)
3(38 247 36)
3(346 153 52)
3(346 52 349)
3(169 180 28)
3(169 28 213)
3(117 92 91)
3(117 303 92)
3(117 91 303)
3(91 92 303)
3(81 79 16)
3(133 81 16)
3(133 16 79)
3(133 79 81)
3(45 33 242)
3(45 242 268)
3(45 268 33)
3(33 268 242)
3(83 212 11)
3(123 235 22)
3(342 57 153)
3(57 293 153)
3(342 293 57)
3(126 236 103)
3(126 15 236)
3(215 29 210)
3(263 58 227)
3(263 227 100)
3(263 100 58)
3(31 176 276)
3(31 276 326)
3(20 240 32)
3(20 32 36)
3(20 36 240)
3(206 38 191)
3(206 203 38)
3(44 293 108)
3(44 108 50)
3(44 50 293)
3(320 67 295)
3(247 38 230)
3(220 227 58)
3(220 58 254)
3(64 296 21)
3(38 36 206)
3(282 178 42)
3(282 42 177)
3(40 148 147)
3(343 148 40)
3(343 40 147)
3(82 4 321)
3(132 122 7)
3(132 71 122)
3(132 7 71)
3(122 71 7)
3(315 336 65)
3(315 65 296)
3(306 294 121)
3(121 294 284)
3(306 121 284)
3(248 105 226)
3(49 34 68)
3(49 54 34)
3(105 14 256)
3(105 231 14)
3(121 15 22)
3(121 22 74)
3(121 74 15)
3(295 34 337)
3(295 316 34)
3(258 75 224)
3(101 258 224)
3(101 224 75)
3(101 75 258)
3(28 341 17)
3(28 328 341)
3(28 17 328)
3(108 120 44)
3(108 44 100)
3(66 24 31)
3(66 35 24)
3(66 31 35)
3(209 57 136)
3(136 57 135)
3(209 135 57)
3(35 276 187)
3(35 187 225)
3(16 27 337)
3(34 16 337)
3(34 337 27)
3(34 27 16)
3(112 21 65)
3(112 20 21)
3(65 21 20)
3(112 65 20)
3(124 63 21)
3(124 71 63)
3(331 147 40)
3(331 40 148)
3(169 162 28)
3(82 328 17)
3(82 17 289)
3(254 49 142)
3(254 143 49)
3(259 270 124)
3(259 124 263)
3(147 51 145)
3(334 145 51)
3(334 51 147)
3(242 254 49)
3(242 49 142)
3(31 282 176)
3(43 282 31)
3(43 176 282)
3(43 31 176)
3(201 210 244)
3(66 35 261)
3(66 261 225)
3(261 35 225)
3(66 225 35)
3(281 171 82)
3(281 82 278)
3(278 82 171)
3(204 36 190)
3(204 206 36)
3(340 154 43)
3(176 43 154)
3(340 43 176)
3(8 97 101)
3(8 101 271)
3(8 271 97)
3(58 108 100)
3(58 27 108)
3(58 100 27)
3(188 273 205)
3(205 273 177)
3(136 56 134)
3(144 134 56)
3(144 56 136)
3(273 205 261)
3(161 154 43)
3(161 43 340)
3(68 242 45)
3(68 45 33)
3(108 299 293)
3(108 44 299)
3(141 268 45)
3(141 45 242)
3(37 69 31)
3(37 32 69)
3(37 31 32)
3(106 67 113)
3(106 81 67)
3(106 113 81)
3(60 40 331)
3(60 331 297)
3(60 297 40)
3(331 40 297)
3(47 343 260)
3(47 110 343)
3(47 260 110)
3(67 45 68)
3(67 54 45)
3(108 27 337)
3(220 254 49)
3(220 49 242)
3(273 42 177)
3(273 187 42)
3(42 187 177)
3(51 343 47)
3(51 40 343)
3(51 47 40)
3(40 47 343)
3(113 41 48)
3(113 60 41)
3(60 48 41)
3(113 48 60)
3(67 337 295)
3(67 295 34)
3(67 34 337)
3(282 187 35)
3(70 30 297)
3(30 314 297)
3(70 314 30)
3(70 297 314)
3(48 33 113)
3(48 113 67)
3(48 67 33)
3(54 317 295)
3(54 295 67)
3(54 67 317)
3(319 149 48)
3(319 48 317)
3(317 48 149)
3(63 285 324)
3(63 71 285)
3(217 350 137)
3(53 217 137)
3(53 350 217)
3(53 137 350)
3(347 141 45)
3(142 45 141)
3(347 45 142)
3(313 64 158)
3(158 64 157)
3(313 157 64)
3(79 122 7)
3(79 132 122)
3(79 7 132)
3(348 40 331)
3(348 331 60)
3(130 90 13)
3(130 13 18)
3(130 18 90)
3(32 35 261)
3(32 261 66)
3(32 66 35)
3(350 51 145)
3(350 147 51)
3(348 41 140)
3(59 246 100)
3(59 111 246)
3(59 100 111)
3(41 33 268)
3(41 252 33)
3(246 227 59)
3(246 100 227)
3(42 187 35)
3(42 35 282)
3(42 282 187)
3(275 55 245)
3(55 257 245)
3(275 257 55)
3(50 293 152)
3(52 50 152)
3(52 152 293)
3(52 293 50)
3(205 43 282)
3(205 282 31)
3(205 31 43)
3(163 145 51)
3(163 51 334)
3(37 208 32)
3(37 32 205)
3(160 161 37)
3(160 37 291)
3(55 44 59)
3(55 59 227)
3(55 227 44)
3(178 282 205)
3(178 43 282)
3(178 205 43)
3(282 43 154)
3(206 338 158)
3(159 338 206)
3(49 242 45)
3(49 68 242)
3(141 344 268)
3(245 202 193)
3(59 202 245)
3(59 245 193)
3(59 193 202)
3(58 50 44)
3(58 44 108)
3(58 108 50)
3(148 348 331)
3(129 50 44)
3(129 44 58)
3(129 58 50)
3(109 259 237)
3(109 79 259)
3(109 237 79)
3(349 144 55)
3(349 55 346)
3(146 217 350)
3(217 201 53)
3(70 314 294)
3(332 314 70)
3(332 70 294)
3(350 138 47)
3(343 47 138)
3(350 47 343)
3(116 106 80)
3(116 80 15)
3(116 15 106)
3(80 106 15)
3(7 21 71)
3(7 71 98)
3(7 98 21)
3(147 40 334)
3(147 297 40)
3(145 217 350)
3(27 71 292)
3(27 292 285)
3(27 285 71)
3(47 210 201)
3(217 47 201)
3(217 210 47)
3(284 113 319)
3(284 323 113)
3(31 24 326)
3(111 192 230)
3(111 230 38)
3(111 38 192)
3(62 111 100)
3(62 100 263)
3(62 263 111)
3(100 63 111)
3(100 62 63)
3(113 106 333)
3(113 333 67)
3(117 304 104)
3(117 287 304)
3(117 104 287)
3(104 304 287)
3(209 136 56)
3(209 56 134)
3(69 24 308)
3(69 326 24)
3(323 297 60)
3(323 60 331)
3(46 309 207)
3(46 39 309)
3(46 207 39)
3(32 66 20)
3(32 20 69)
3(46 156 207)
3(56 245 275)
3(56 55 245)
3(56 275 55)
3(63 21 62)
3(63 62 124)
3(217 51 163)
3(217 145 51)
3(316 152 50)
3(349 152 50)
3(345 50 152)
3(349 50 345)
3(113 61 123)
3(113 33 61)
3(113 123 33)
3(151 152 50)
3(151 50 316)
3(51 147 40)
3(51 40 334)
3(47 53 201)
3(47 201 274)
3(47 274 53)
3(344 141 45)
3(344 45 347)
3(78 286 5)
3(194 245 202)
3(243 198 130)
3(243 130 238)
3(238 130 198)
3(331 48 319)
3(113 61 60)
3(121 113 60)
3(121 61 113)
3(121 60 61)
3(230 246 111)
3(230 111 263)
3(130 26 72)
3(130 18 26)
3(130 72 18)
3(72 26 18)
3(55 59 202)
3(55 202 245)
3(55 245 59)
3(16 71 122)
3(16 122 132)
3(16 132 71)
3(58 263 220)
3(109 220 263)
3(109 263 58)
3(109 58 220)
3(130 13 83)
3(130 83 214)
3(130 214 13)
3(246 193 59)
3(246 59 245)
3(275 134 56)
3(275 56 144)
3(124 27 109)
3(62 109 27)
3(124 109 62)
3(124 62 27)
3(144 349 257)
3(210 217 51)
3(210 51 163)
3(347 142 49)
3(347 49 345)
3(57 346 52)
3(57 55 346)
3(57 52 55)
3(55 52 346)
3(124 71 109)
3(124 27 71)
3(45 41 268)
3(45 268 344)
3(45 344 41)
3(6 84 4)
3(6 4 94)
3(6 94 84)
3(109 124 98)
3(109 98 71)
3(130 243 26)
3(130 26 198)
3(339 295 54)
3(339 54 317)
3(52 50 349)
3(14 6 278)
3(82 278 6)
3(82 14 278)
3(82 6 14)
3(45 41 33)
3(346 57 153)
3(346 135 57)
3(153 57 135)
3(130 83 72)
3(130 238 83)
3(130 72 238)
3(57 136 56)
3(57 56 209)
3(51 217 350)
3(170 82 281)
3(170 171 82)
3(105 3 93)
3(105 93 87)
3(90 83 72)
3(90 130 83)
3(90 72 130)
3(346 56 57)
3(346 57 136)
3(346 136 56)
3(57 153 52)
3(57 55 56)
3(291 326 69)
3(291 69 301)
3(220 237 109)
3(220 109 259)
3(61 123 22)
3(61 22 113)
3(103 10 126)
3(103 80 10)
3(78 24 69)
3(78 69 66)
3(66 69 24)
3(78 66 24)
3(241 0 253)
3(241 221 0)
3(258 0 253)
3(259 124 98)
3(259 98 109)
3(259 109 124)
3(138 260 343)
3(280 185 85)
3(280 85 277)
3(257 129 227)
3(83 3 90)
3(83 90 93)
3(83 93 3)
3(341 169 17)
3(308 19 24)
3(308 78 19)
3(308 24 78)
3(95 79 7)
3(95 2 79)
3(14 264 278)
3(78 286 19)
3(78 77 286)
3(202 56 209)
3(202 209 57)
3(202 57 56)
3(337 292 16)
3(70 297 40)
3(70 40 60)
3(70 60 297)
3(119 78 8)
3(78 97 8)
3(119 8 97)
3(119 97 78)
3(89 82 6)
3(6 82 4)
3(89 4 82)
3(89 6 4)
3(249 85 185)
3(239 93 223)
3(118 223 93)
3(118 239 223)
3(118 93 239)
3(13 212 11)
3(256 6 251)
3(85 9 277)
3(186 185 85)
3(239 87 221)
3(70 30 40)
3(307 89 172)
3(104 92 287)
3(104 4 92)
3(90 83 13)
3(333 106 284)
3(46 44 329)
3(42 205 273)
3(105 93 12)
3(105 12 248)
3(105 248 93)
3(12 93 248)
3(265 239 93)
3(265 93 223)
3(131 70 73)
3(131 99 70)
3(131 73 99)
3(99 73 70)
3(107 336 65)
3(107 65 315)
3(70 22 131)
3(70 73 22)
3(107 76 336)
3(166 165 18)
3(192 193 59)
3(192 59 246)
3(318 173 84)
3(133 220 237)
3(133 237 109)
3(133 109 220)
3(13 11 298)
3(29 215 25)
3(29 25 211)
3(84 77 19)
3(84 318 77)
3(84 19 318)
3(73 25 26)
3(73 26 29)
3(29 26 25)
3(73 29 25)
3(97 76 75)
3(97 20 76)
3(91 0 92)
3(91 117 0)
3(332 102 96)
3(332 74 102)
3(332 96 74)
3(212 83 197)
3(19 280 308)
3(28 170 82)
3(28 281 170)
3(28 82 281)
3(172 89 321)
3(172 171 89)
3(102 25 305)
3(102 305 18)
3(314 165 25)
3(314 25 164)
3(232 73 243)
3(232 26 73)
3(232 243 26)
3(19 308 286)
3(328 28 170)
3(328 170 82)
3(328 82 28)
3(202 207 46)
3(202 46 156)
3(318 308 19)
3(19 308 174)
3(318 19 174)
3(78 308 69)
3(228 123 235)
3(228 22 123)
3(228 235 22)
3(117 303 287)
3(117 287 92)
3(89 4 307)
3(89 321 4)
3(89 307 321)
3(93 83 72)
3(72 102 127)
3(72 127 10)
3(72 10 102)
3(133 128 81)
3(81 128 255)
3(133 81 255)
3(133 255 128)
3(233 97 224)
3(233 222 97)
3(179 23 180)
3(179 213 23)
3(222 233 20)
3(222 20 240)
3(327 304 86)
3(7 98 234)
3(7 234 75)
3(7 75 98)
3(314 305 25)
3(117 304 303)
3(94 9 250)
3(94 250 6)
3(94 6 9)
3(87 0 92)
3(87 91 0)
3(87 92 91)
3(28 17 169)
3(28 213 17)
3(228 123 219)
3(90 1 302)
3(90 288 1)
3(23 17 14)
3(23 14 281)
3(41 348 344)
3(41 344 48)
3(41 48 348)
3(81 255 123)
3(81 123 219)
3(81 219 255)
3(214 83 197)
3(77 19 9)
3(77 9 84)
3(87 0 221)
3(87 221 94)
3(103 10 236)
3(13 167 11)
3(166 167 13)
3(166 13 214)
3(311 13 166)
3(61 123 228)
3(61 228 22)
3(288 96 330)
3(288 306 96)
3(118 223 236)
3(118 236 10)
3(332 25 314)
3(332 305 25)
3(174 84 173)
3(174 277 84)
3(318 174 84)
3(84 322 77)
3(91 118 1)
3(91 93 118)
3(91 1 93)
3(18 211 166)
3(214 18 166)
3(214 211 18)
3(271 97 233)
3(119 233 97)
3(119 97 271)
3(119 271 233)
3(234 75 224)
3(234 258 75)
3(99 232 244)
3(103 91 95)
3(207 59 192)
3(207 193 59)
3(81 33 123)
3(81 255 33)
3(16 292 27)
3(16 71 292)
3(110 266 61)
3(28 180 281)
3(227 245 55)
3(227 55 257)
3(338 64 158)
3(59 46 202)
3(59 202 207)
3(59 207 46)
3(242 142 45)
3(54 316 50)
3(54 34 316)
3(34 50 316)
3(54 50 34)
3(52 129 50)
3(52 50 44)
3(18 13 166)
3(18 13 214)
3(270 112 247)
3(270 222 112)
3(247 112 222)
3(73 18 26)
3(235 232 73)
3(263 109 259)
3(29 232 26)
3(30 210 29)
3(30 29 99)
3(32 190 204)
3(25 314 30)
3(25 30 70)
3(25 70 314)
3(55 59 46)
3(55 46 202)
3(211 198 26)
3(81 15 123)
3(81 123 113)
3(81 113 15)
3(89 4 84)
3(190 189 32)
3(49 129 254)
3(49 254 58)
3(49 58 129)
3(299 285 27)
3(130 197 83)
3(130 238 197)
3(35 273 187)
3(35 42 273)
3(208 37 160)
3(37 340 31)
3(37 31 291)
3(72 243 223)
3(72 223 127)
3(121 74 294)
3(121 306 74)
3(39 63 38)
3(39 38 111)
3(39 111 63)
3(230 270 112)
3(230 112 247)
3(61 70 40)
3(61 40 60)
3(61 60 70)
3(94 6 256)
3(6 87 256)
3(94 87 6)
3(94 256 87)
3(122 16 109)
3(122 109 71)
3(63 313 309)
3(63 39 313)
3(63 309 39)
3(28 341 169)
3(23 213 17)
3(144 257 55)
3(144 55 275)
3(155 46 156)
3(155 202 46)
3(69 24 31)
3(333 48 317)
3(333 319 48)
3(54 295 34)
3(113 284 333)
3(79 109 122)
3(79 122 16)
3(79 16 109)
3(61 131 70)
3(61 22 131)
3(61 70 22)
3(300 21 71)
3(300 7 21)
3(300 71 7)
3(64 203 157)
3(64 39 203)
3(64 157 39)
3(89 278 6)
3(89 82 278)
3(112 75 222)
3(112 270 75)
3(178 154 43)
3(178 43 161)
3(67 34 16)
3(19 9 8)
3(57 44 55)
3(57 52 44)
3(111 59 192)
3(111 207 59)
3(111 192 207)
3(313 324 63)
3(313 63 285)
3(238 223 72)
3(238 72 243)
3(120 63 111)
3(233 225 66)
3(70 323 297)
3(70 60 323)
3(87 14 256)
3(87 105 14)
3(253 101 224)
3(253 271 101)
3(323 284 121)
3(122 109 98)
3(122 98 71)
3(104 9 115)
3(104 94 9)
3(129 44 227)
3(121 15 113)
3(121 113 22)
3(106 15 113)
3(106 121 15)
3(215 210 30)
3(215 30 164)
3(30 210 164)
3(30 29 215)
3(30 215 25)
3(30 25 29)
3(63 71 27)
3(63 27 285)
3(117 95 91)
3(333 113 319)
3(246 111 192)
3(30 164 25)
3(65 64 296)
3(65 21 64)
3(309 63 285)
3(49 58 220)
3(68 49 220)
3(68 58 49)
3(68 220 58)
3(85 249 186)
3(3 1 302)
3(42 282 205)
3(43 31 340)
3(35 282 205)
3(35 205 42)
3(35 261 205)
3(35 261 273)
3(35 273 205)
3(329 155 46)
3(273 225 35)
3(228 252 61)
3(228 61 266)
3(85 277 19)
3(67 333 48)
3(67 48 317)
3(41 48 33)
3(41 33 113)
3(61 33 41)
3(62 230 38)
3(62 111 230)
3(43 205 161)
3(43 37 205)
3(43 161 37)
3(122 259 109)
3(122 79 259)
3(328 82 171)
3(338 65 296)
3(338 315 65)
3(65 64 338)
3(121 323 113)
3(102 73 72)
3(43 31 37)
3(43 37 340)
3(150 149 48)
3(150 48 344)
3(293 52 153)
3(113 61 41)
3(159 65 338)
3(159 315 65)
3(129 143 49)
3(122 259 98)
3(93 12 3)
3(265 223 72)
3(5 8 97)
3(5 101 8)
3(5 97 101)
3(70 74 121)
3(70 22 74)
3(70 121 22)
3(40 148 348)
3(348 40 343)
3(317 48 150)
3(40 70 131)
3(40 99 70)
3(40 131 99)
3(37 205 31)
3(48 41 45)
3(48 45 344)
3(194 202 56)
3(194 56 209)
3(48 33 45)
3(194 56 245)
3(194 275 56)
3(124 27 63)
3(47 217 53)
3(47 350 217)
3(47 53 350)
3(130 211 18)
3(130 18 214)
3(130 214 211)
3(46 44 55)
3(46 55 57)
3(46 57 44)
3(342 57 135)
3(122 7 234)
3(122 95 7)
3(122 234 95)
3(7 95 234)
3(122 218 259)
3(122 79 218)
3(62 230 270)
3(62 112 230)
3(62 270 112)
3(325 292 132)
3(300 132 292)
3(325 132 300)
3(47 244 201)
3(47 210 244)
3(131 73 232)
3(131 232 99)
3(245 227 59)
3(345 50 151)
3(74 294 70)
3(56 245 202)
3(194 56 134)
3(56 55 202)
3(112 75 20)
3(112 20 222)
3(119 19 8)
3(38 64 206)
3(65 206 64)
3(65 64 38)
3(65 38 206)
3(234 122 218)
3(234 259 122)
3(274 47 244)
3(347 49 45)
3(347 45 54)
3(347 54 49)
3(260 274 47)
3(260 47 244)
3(138 274 47)
3(138 47 260)
3(51 210 47)
3(51 47 217)
3(350 274 47)
3(350 138 274)
3(51 210 30)
3(51 30 47)
3(125 17 23)
3(125 23 213)
3(125 213 17)
3(59 100 46)
3(59 46 111)
3(114 7 327)
3(114 86 7)
3(114 327 86)
3(54 50 151)
3(54 151 345)
3(54 345 50)
3(334 210 51)
3(334 163 210)
3(59 46 44)
3(51 343 350)
3(51 350 47)
3(54 316 151)
3(49 142 45)
3(122 98 234)
3(122 7 98)
3(99 30 70)
3(99 70 25)
3(99 25 30)
3(130 243 72)
3(316 54 339)
3(316 295 54)
3(55 349 257)
3(129 349 50)
3(129 50 345)
3(129 345 349)
3(130 197 214)
3(130 211 26)
3(30 51 334)
3(30 334 210)
3(343 147 51)
3(51 40 30)
3(47 40 30)
3(53 350 274)
3(255 237 133)
3(255 133 220)
3(122 95 79)
3(57 46 202)
3(57 202 55)
3(151 54 150)
3(339 150 54)
3(339 54 151)
3(347 54 150)
3(347 151 54)
3(344 347 54)
3(344 54 150)
3(54 344 45)
3(317 150 54)
3(347 345 54)
3(54 49 345)
3(129 257 55)
3(220 242 68)
3(220 68 255)
3(14 4 6)
3(54 48 150)
3(54 317 48)
3(54 48 344)
3(54 48 45)
3(50 54 49)
3(50 49 345)
3(110 343 348)
3(110 40 343)
3(131 40 61)
3(203 158 64)
3(331 319 60)
3(155 135 57)
3(155 57 209)
3(342 57 155)
3(109 62 100)
3(109 263 62)
3(109 100 263)
3(293 57 52)
3(293 52 44)
3(293 44 57)
3(329 57 155)
3(329 342 57)
3(57 155 46)
3(57 46 329)
3(202 155 57)
3(131 22 228)
3(100 27 62)
3(100 109 27)
3(57 44 329)
3(350 274 137)
3(81 67 16)
3(81 16 106)
3(206 64 203)
3(206 158 64)
3(125 231 105)
3(125 105 269)
3(101 253 258)
3(101 0 253)
3(101 258 0)
3(103 2 116)
3(103 116 79)
3(103 79 2)
3(78 97 5)
3(78 5 8)
3(263 62 230)
3(60 48 348)
3(60 348 41)
3(60 48 331)
3(60 48 319)
3(114 7 300)
3(114 300 327)
3(99 244 47)
3(114 21 300)
3(114 7 21)
3(67 45 33)
3(67 33 68)
3(58 49 34)
3(58 34 68)
3(62 64 38)
3(112 38 64)
3(112 64 62)
3(112 62 38)
3(66 225 24)
3(38 203 64)
3(38 64 39)
3(38 39 203)
3(309 299 120)
3(87 4 104)
3(87 94 4)
3(93 12 83)
3(64 206 338)
3(116 310 80)
3(116 106 310)
3(101 97 75)
3(80 116 103)
3(80 2 116)
3(80 103 2)
3(112 64 65)
3(112 21 64)
3(77 101 8)
3(77 8 5)
3(77 5 101)
3(75 5 97)
3(75 101 5)
3(64 313 39)
3(64 39 63)
3(64 63 38)
3(101 95 75)
3(101 86 95)
3(101 75 86)
3(120 39 309)
3(120 46 39)
3(14 125 23)
3(14 23 181)
3(14 181 125)
3(64 62 63)
3(64 21 62)
3(113 333 48)
3(113 48 319)
3(108 34 50)
3(65 338 206)
3(65 206 159)
3(204 65 206)
3(204 159 65)
3(65 206 36)
3(73 332 25)
3(70 25 332)
3(73 70 332)
3(73 25 70)
3(66 240 32)
3(129 345 49)
3(129 143 345)
3(297 294 70)
3(102 332 25)
3(102 73 332)
3(63 27 62)
3(108 27 34)
3(119 66 24)
3(119 78 66)
3(335 114 300)
3(114 336 21)
3(114 76 336)
3(76 21 336)
3(114 21 76)
3(69 31 326)
3(69 291 31)
3(69 291 37)
3(114 335 21)
3(114 76 290)
3(67 48 54)
3(67 45 48)
3(77 5 286)
3(77 322 5)
3(99 30 40)
3(73 72 18)
3(322 104 287)
3(322 307 104)
3(74 70 332)
3(74 73 70)
3(74 332 73)
3(129 227 55)
3(97 76 5)
3(96 288 102)
3(96 332 288)
3(112 38 65)
3(121 323 60)
3(121 106 306)
3(121 70 60)
3(14 17 125)
3(14 125 105)
3(14 105 17)
3(93 265 72)
3(93 83 265)
3(50 49 58)
3(50 129 49)
3(164 210 334)
3(130 211 198)
3(133 34 67)
3(133 67 68)
3(133 68 34)
3(124 263 109)
3(128 68 33)
3(128 33 255)
3(128 255 68)
3(112 38 230)
3(112 247 38)
3(116 2 283)
3(116 283 7)
3(104 92 87)
3(115 271 8)
3(115 8 101)
3(115 101 271)
3(120 63 309)
3(120 39 63)
3(115 253 101)
3(115 229 8)
3(115 271 229)
3(234 218 95)
3(234 95 258)
3(99 47 40)
3(104 5 304)
3(58 34 108)
3(58 27 34)
3(26 199 232)
3(132 16 79)
3(76 21 65)
3(76 65 336)
3(229 115 267)
3(229 253 115)
3(96 330 1)
3(96 1 288)
3(107 20 32)
3(107 36 20)
3(255 81 237)
3(104 9 77)
3(125 231 14)
3(78 5 77)
3(123 228 252)
3(132 300 7)
3(132 7 283)
3(132 283 300)
3(110 228 61)
3(110 61 40)
3(91 303 2)
3(91 2 117)
3(107 69 32)
3(107 291 160)
3(107 37 291)
3(107 160 37)
3(65 36 20)
3(104 84 322)
3(104 77 84)
3(104 322 77)
3(262 118 223)
3(262 236 118)
3(116 103 15)
3(15 81 79)
3(15 16 81)
3(15 79 16)
3(50 34 49)
3(79 15 237)
3(79 237 81)
3(132 300 71)
3(110 40 47)
3(329 293 57)
3(114 21 75)
3(107 291 69)
3(107 32 37)
3(107 37 208)
3(315 160 107)
3(107 69 37)
3(82 17 28)
3(122 95 218)
3(244 232 131)
3(244 131 228)
3(133 81 67)
3(133 67 16)
3(241 91 239)
3(91 303 1)
3(91 1 2)
3(322 104 304)
3(131 228 61)
3(131 61 110)
3(131 110 228)
3(94 251 256)
3(94 6 251)
3(84 174 19)
3(85 9 19)
3(85 8 19)
3(96 330 2)
3(96 2 1)
3(92 1 91)
3(119 271 8)
3(119 249 271)
3(119 8 249)
3(115 9 229)
3(87 6 14)
3(87 4 6)
3(105 12 269)
3(93 72 223)
3(118 1 2)
3(118 2 91)
3(105 226 93)
3(79 103 15)
3(79 15 116)
3(94 267 250)
3(278 89 279)
3(278 172 89)
3(89 279 6)
3(89 6 84)
3(58 50 34)
3(278 171 89)
3(119 66 225)
3(105 14 88)
3(251 94 221)
3(251 267 94)
3(116 2 330)
3(80 330 2)
3(80 2 96)
3(91 221 87)
3(91 0 221)
3(91 239 87)
3(91 221 239)
3(102 1 288)
3(102 96 1)
3(119 66 97)
3(119 233 66)
3(120 285 27)
3(120 299 285)
3(93 239 91)
3(92 302 3)
3(106 81 15)
3(106 15 16)
3(93 87 91)
3(93 92 91)
3(93 248 83)
3(91 241 221)
3(256 94 221)
3(251 250 94)
3(95 234 75)
3(95 258 75)
3(332 306 96)
3(119 8 85)
3(119 19 85)
3(103 237 218)
3(103 79 237)
3(103 95 2)
3(91 95 2)
3(91 2 103)
3(102 90 288)
3(102 1 90)
3(84 6 9)
3(84 9 94)
3(99 73 25)
3(133 128 67)
3(128 68 67)
3(132 283 116)
3(325 116 283)
3(132 325 283)
3(132 116 325)
3(132 16 292)
3(132 325 16)
3(132 79 116)
3(132 116 7)
3(116 16 79)
3(116 132 16)
3(99 25 29)
3(132 292 71)
3(121 61 22)
3(101 258 95)
3(101 95 0)
3(84 279 6)
3(116 80 330)
3(325 116 310)
3(101 0 86)
3(101 5 0)
3(101 86 5)
3(102 311 18)
3(102 305 311)
3(102 311 90)
3(311 102 288)
3(104 9 84)
3(118 1 96)
3(118 96 2)
3(104 5 322)
3(104 5 77)
3(104 5 101)
3(105 82 14)
3(105 17 82)
3(105 82 88)
3(105 3 289)
3(105 289 17)
3(105 88 289)
3(105 289 82)
3(114 304 290)
3(114 290 5)
3(327 114 304)
3(114 75 7)
3(160 107 208)
3(160 204 107)
3(159 107 160)
3(159 204 107)
3(315 159 107)
3(107 65 159)
3(109 58 100)
3(109 27 58)
3(133 34 16)
3(111 46 207)
3(111 207 39)
3(111 39 46)
3(111 38 203)
3(111 203 192)
3(111 39 203)
3(207 111 203)
3(112 36 38)
3(112 247 36)
3(65 112 36)
3(65 36 38)
3(240 112 222)
3(240 247 112)
3(112 20 240)
3(112 36 20)
3(112 36 240)
3(214 198 130)
3(198 197 130)
3(271 253 115)
3(133 109 79)
3(133 16 109)
3(133 79 237)
3(133 237 81)
3(116 16 15)
3(116 16 106)
3(116 320 106)
3(116 16 320)
3(116 320 310)
3(325 116 320)
3(116 16 325)
3(75 21 7)
3(117 95 2)
3(118 102 96)
3(118 1 102)
3(118 102 10)
3(118 10 96)
3(118 102 72)
3(118 2 103)
3(118 236 103)
3(118 103 10)
3(118 90 102)
3(118 80 2)
3(118 96 80)
3(118 80 103)
3(118 10 80)
3(120 285 63)
3(309 285 120)
3(120 39 111)
3(121 80 15)
3(121 74 80)
3(121 80 106)
3(121 306 80)
3(121 61 70)
3(131 244 99)
3(131 40 110)
3(131 260 228)
3(131 110 260)
3(260 244 131)
3(131 47 40)
3(131 99 47)
3(131 47 110)
3(131 47 260)
3(131 47 244)
3(133 128 68)
3(133 220 58)
3(133 68 220)
3(133 58 68)
3(133 109 58)
3(133 68 255)
3(133 58 34)
3(133 27 16)
3(133 34 27)
3(133 27 109)
3(133 58 27)
3(206 190 191)
3(205 178 177)
3(208 188 189)
3(205 188 208)
3(203 191 192)
3(208 161 205)
3(156 157 207)
3(204 208 189)
3(203 207 157)
3(206 191 203)
3(209 136 135)
3(204 190 206)
3(188 205 177)
3(159 206 158)
3(209 134 136)
3(194 202 193)
3(202 156 207)
3(207 192 193)
3(190 204 189)
3(208 160 161)
3(155 156 202)
3(178 161 154)
3(205 161 178)
3(194 209 202)
3(194 134 209)
3(207 193 202)
3(203 157 158)
3(155 209 135)
3(202 209 155)
3(206 203 158)
3(204 206 159)
3(160 208 204)
3(159 160 204)
3(207 203 192)
3(216 168 212)
3(216 169 168)
3(212 168 167)
3(214 212 167)
3(213 216 195)
3(196 195 216)
3(215 211 165)
3(215 200 199)
3(179 213 195)
3(215 199 211)
3(164 215 165)
3(213 169 216)
3(169 213 180)
3(215 210 200)
3(169 180 162)
3(201 200 210)
3(146 137 217)
3(217 137 201)
3(145 146 217)
3(217 201 210)
3(217 163 145)
3(210 163 217)
3(212 197 196)
3(216 212 196)
3(179 180 213)
3(214 197 212)
3(166 214 167)
3(214 166 211)
3(211 166 165)
3(211 199 198)
3(215 164 210)
3(164 163 210)
3(214 211 198)
3(214 198 197)
3(349 152 153)
3(345 143 142)
3(344 348 149)
3(346 349 153)
3(343 147 148)
3(144 136 134)
3(347 142 141)
3(350 145 147)
3(348 140 139)
3(141 140 344)
3(148 149 348)
3(349 346 144)
3(146 350 137)
3(350 343 138)
3(145 350 146)
3(349 345 152)
3(344 347 141)
3(144 143 349)
3(347 345 142)
3(346 153 135)
3(346 135 136)
3(138 343 139)
3(348 344 140)
3(150 344 149)
3(348 343 148)
3(345 151 152)
3(346 136 144)
3(343 350 147)
3(347 150 151)
3(344 150 347)
3(347 151 345)
3(138 137 350)
3(348 139 343)
3(349 143 345)
3(172 279 173)
3(184 279 183)
3(281 181 182)
3(183 278 182)
3(279 184 277)
3(278 281 182)
3(185 277 184)
3(279 278 183)
3(280 276 175)
3(280 174 277)
3(174 280 175)
3(280 186 276)
3(187 276 186)
3(176 175 276)
3(277 173 279)
3(281 180 181)
3(180 170 162)
3(282 177 178)
3(281 278 171)
3(282 276 187)
3(282 176 276)
3(282 154 176)
3(170 281 171)
3(280 277 185)
3(186 280 185)
3(174 173 277)
3(181 180 179)
3(281 170 180)
3(282 178 154)
3(282 187 177)
3(278 279 172)
3(278 172 171)
3(265 226 248)
3(262 218 241)
3(248 197 238)
3(271 249 229)
3(270 234 259)
3(264 231 256)
3(272 229 249)
3(269 248 231)
3(262 236 218)
3(256 226 221)
3(259 218 237)
3(232 200 244)
3(184 183 250)
3(266 228 260)
3(268 252 140)
3(247 190 240)
3(254 143 257)
3(264 182 181)
3(183 182 264)
3(236 219 237)
3(236 223 235)
3(258 241 218)
3(256 231 226)
3(196 197 248)
3(186 249 225)
3(269 196 248)
3(231 264 181)
3(236 235 219)
3(251 250 183)
3(185 184 272)
3(264 251 183)
3(269 231 181)
3(196 269 195)
3(265 248 238)
3(243 198 199)
3(250 272 184)
3(267 229 250)
3(270 222 234)
3(232 199 200)
3(274 201 137)
3(266 139 140)
3(261 240 189)
3(269 179 195)
3(233 225 249)
3(267 221 253)
3(230 192 191)
3(187 186 225)
3(261 233 240)
3(219 252 255)
3(235 232 228)
3(268 255 252)
3(243 235 223)
3(269 181 179)
3(261 189 188)
3(247 230 191)
3(220 254 227)
3(248 226 231)
3(254 142 143)
3(259 263 270)
3(242 142 254)
3(201 244 200)
3(188 177 273)
3(273 261 188)
3(141 242 268)
3(220 242 254)
3(273 177 187)
3(275 245 257)
3(141 268 140)
3(194 193 245)
3(243 238 198)
3(230 263 246)
3(246 245 193)
3(275 144 134)
3(144 257 143)
3(263 220 227)
3(220 259 237)
3(241 253 221)
3(258 253 241)
3(138 139 260)
3(257 227 254)
3(249 185 272)
3(256 251 264)
3(239 221 226)
3(265 223 239)
3(192 246 193)
3(272 250 229)
3(233 224 222)
3(222 240 233)
3(228 219 235)
3(234 224 258)
3(227 257 245)
3(242 141 142)
3(270 247 222)
3(235 243 232)
3(263 259 220)
3(247 191 190)
3(268 242 255)
3(230 247 270)
3(144 275 257)
3(240 190 189)
3(271 224 233)
3(238 243 223)
3(233 261 225)
3(253 224 271)
3(246 192 230)
3(273 187 225)
3(273 225 261)
3(228 266 252)
3(266 140 252)
3(265 238 223)
3(194 245 275)
3(245 246 227)
3(234 218 259)
3(274 244 201)
3(260 244 274)
3(138 260 274)
3(275 134 194)
3(255 220 237)
3(220 255 242)
3(138 274 137)
3(258 224 253)
3(263 230 270)
3(234 222 224)
3(263 227 246)
3(249 186 185)
3(234 258 218)
3(229 267 253)
3(255 237 219)
3(243 199 232)
3(262 223 236)
3(265 239 226)
3(244 228 232)
3(241 239 262)
3(251 221 267)
3(262 239 223)
3(271 233 249)
3(256 221 251)
3(241 221 239)
3(251 267 250)
3(237 218 236)
3(266 260 139)
3(240 222 247)
3(198 238 197)
3(252 219 228)
3(271 229 253)
3(260 228 244)
3(303 302 287)
3(312 298 168)
3(167 168 298)
3(302 289 287)
3(315 301 291)
3(303 288 302)
3(312 168 169)
3(327 300 283)
3(330 288 303)
3(332 305 288)
3(336 290 301)
3(330 283 310)
3(310 284 306)
3(289 302 298)
3(321 287 289)
3(330 310 306)
3(335 327 290)
3(329 293 299)
3(304 286 290)
3(322 286 304)
3(283 330 303)
3(321 307 287)
3(341 328 312)
3(326 301 308)
3(336 335 290)
3(324 285 300)
3(311 298 302)
3(322 318 286)
3(322 307 318)
3(308 301 286)
3(337 292 299)
3(304 283 303)
3(311 305 166)
3(288 311 302)
3(290 286 301)
3(312 289 298)
3(311 167 298)
3(320 284 310)
3(292 300 285)
3(340 291 326)
3(332 306 294)
3(174 175 308)
3(337 299 316)
3(338 313 296)
3(335 324 300)
3(289 312 328)
3(334 164 314)
3(336 301 315)
3(326 308 175)
3(176 340 326)
3(325 292 320)
3(313 157 309)
3(341 162 170)
3(328 321 289)
3(156 309 157)
3(176 326 175)
3(335 336 296)
3(324 296 313)
3(333 295 317)
3(340 161 291)
3(156 329 309)
3(342 153 293)
3(335 296 324)
3(320 295 333)
3(315 296 336)
3(306 284 294)
3(295 337 316)
3(331 148 147)
3(334 147 145)
3(340 176 154)
3(161 340 154)
3(319 317 149)
3(313 158 157)
3(163 334 145)
3(160 291 161)
3(159 158 338)
3(148 331 149)
3(332 294 314)
3(147 334 297)
3(284 319 323)
3(323 331 297)
3(316 293 152)
3(151 316 152)
3(331 319 149)
3(339 317 295)
3(291 301 326)
3(341 312 169)
3(337 320 292)
3(307 172 173)
3(333 284 320)
3(166 305 165)
3(318 307 173)
3(172 321 171)
3(314 164 165)
3(316 299 293)
3(318 174 308)
3(327 283 304)
3(314 165 305)
3(337 295 320)
3(311 166 167)
3(318 308 286)
3(288 330 306)
3(332 314 305)
3(318 173 174)
3(334 314 297)
3(338 158 313)
3(299 292 285)
3(341 169 162)
3(341 170 328)
3(333 317 319)
3(313 285 324)
3(323 294 284)
3(333 319 284)
3(309 285 313)
3(329 156 155)
3(328 171 321)
3(338 296 315)
3(331 147 297)
3(293 153 152)
3(159 338 315)
3(317 150 149)
3(342 135 153)
3(325 300 292)
3(316 339 295)
3(339 151 150)
3(317 339 150)
3(339 316 151)
3(328 170 171)
3(331 323 319)
3(342 155 135)
3(329 155 342)
3(309 329 299)
3(297 314 294)
3(323 297 294)
3(335 300 327)
3(322 287 307)
3(164 334 163)
3(304 303 287)
3(329 342 293)
3(315 291 160)
3(322 304 287)
3(321 172 307)
3(332 288 306)
3(325 310 283)
3(311 288 305)
3(327 304 290)
3(315 160 159)
3(325 283 300)
3(325 320 310)
3(309 299 285)
)


// ************************************************************************* //
