/*--------------------------------*- C++ -*----------------------------------*\
| =========                 |                                                 |
| \\      /  F ield         | foam-extend: Open Source CFD                    |
|  \\    /   O peration     | Version:     4.0                                |
|   \\  /    A nd           | Web:         http://www.foam-extend.org         |
|    \\/     M anipulation  |                                                 |
\*---------------------------------------------------------------------------*/
FoamFile
{
    version     2.0;
    format      ascii;
    class       labelList;
    note        "nPoints: 351 nAllPoints: 351 nInternalFaces: 2465 nFaces: 2895 nAllFaces: 2895 nCells: 1340";
    location    "constant/polyMesh";
    object      neighbour;
}
// * * * * * * * * * * * * * * * * * * * * * * * * * * * * * * * * * * * * * //


2465
(
72
102
175
771
50
104
623
318
454
1062
1219
7
213
300
14
16
1118
1139
134
168
243
396
95
126
561
771
53
650
775
786
1159
1250
98
149
182
1208
76
104
109
308
1086
1088
42
50
640
1095
1127
1165
389
899
1226
217
539
809
1022
54
73
1115
44
300
562
105
531
950
1218
24
1100
1151
1153
202
229
267
1073
455
491
516
1015
54
126
543
1161
286
940
1068
670
1297
1299
488
910
970
1016
364
535
803
384
560
700
754
31
56
294
753
56
302
555
647
132
525
897
1252
222
1040
1224
115
259
373
415
53
219
234
39
45
356
1204
121
161
265
171
305
1235
1238
177
217
704
120
369
583
952
581
1131
298
603
843
951
78
1041
1114
99
1055
157
192
225
577
234
331
581
597
697
144
705
1057
1081
167
683
740
1026
278
788
1126
76
335
389
1230
1113
1154
609
795
1091
1137
78
224
614
1117
649
86
1155
565
932
1035
1193
92
1040
1012
1042
1214
90
593
999
1141
1206
1207
243
551
696
755
394
433
727
1027
386
418
698
159
265
761
1167
98
604
1036
1071
310
695
1049
1130
387
587
772
603
1014
1052
1085
252
344
382
675
804
1070
1219
91
240
1018
579
1095
1152
1160
109
178
101
104
582
140
188
395
201
309
341
489
101
111
254
605
1295
150
393
929
1121
180
369
606
612
144
372
1180
1183
738
1053
1058
1117
244
583
808
1227
406
483
532
1272
121
1180
1299
543
1139
1228
160
964
1173
1238
179
579
1170
476
830
1179
212
249
255
93
955
1315
302
323
1054
253
1207
406
445
739
746
285
664
1301
166
993
1237
138
427
1273
1046
1224
139
1101
1112
641
776
1092
1225
141
389
584
599
990
635
657
1072
1293
1155
129
697
1216
258
687
876
1130
656
1122
1275
1296
972
1005
1213
1302
1155
1228
394
433
470
848
143
238
627
113
511
1231
1003
1221
311
474
514
938
250
669
117
288
400
421
745
987
1307
154
440
461
786
194
616
575
584
599
279
670
1069
1186
1321
314
613
868
1123
172
456
790
342
698
1269
1154
1163
610
687
986
1005
429
499
725
1159
141
582
1006
669
690
834
1196
226
344
1087
1240
560
806
137
176
1233
143
155
162
164
770
1177
1184
214
649
651
188
595
586
703
949
657
1141
566
576
1119
624
152
595
158
185
1094
168
372
553
1078
184
209
338
612
148
209
293
338
289
1253
171
635
1046
224
573
1177
275
301
924
1286
193
197
566
232
333
656
283
401
489
195
238
1009
268
399
562
266
616
162
232
333
161
556
1202
246
565
1293
1043
195
370
179
393
395
183
296
1138
496
549
626
998
999
873
897
905
185
1312
253
254
1176
1314
266
646
1108
1110
1231
1278
471
530
764
329
951
1148
1300
245
445
739
210
990
595
776
180
606
213
269
599
749
1152
184
1164
204
661
1003
761
1210
1293
235
770
1121
254
553
597
661
1216
212
615
626
1254
326
333
1094
193
194
1172
282
284
578
770
257
576
197
261
277
354
567
738
844
1063
1132
376
929
1254
434
701
702
353
400
586
989
220
284
255
593
1086
632
635
657
567
601
653
502
1017
1059
1272
662
1030
1162
1300
594
684
1212
385
746
963
967
640
1215
432
558
1062
1186
511
303
521
575
645
258
316
600
663
783
1108
1165
226
978
1075
1245
325
369
612
256
309
607
359
586
949
965
1053
1058
1223
533
695
1060
577
1111
614
616
692
1056
345
391
767
1051
614
1116
1129
499
662
1300
451
684
990
1213
365
630
676
721
355
1275
650
652
990
300
325
283
284
315
250
310
373
278
735
984
799
1124
411
936
1048
1059
585
1287
243
326
705
1094
272
374
754
933
370
304
1020
1247
486
1200
286
657
1035
320
506
787
1065
322
709
995
511
1030
1239
1049
711
1008
1176
307
464
655
1143
1305
626
662
663
559
573
577
280
682
669
691
941
319
434
618
616
636
1209
385
678
797
420
743
750
956
380
739
1236
670
1100
356
1209
1052
1075
1142
303
409
303
583
1227
479
509
923
318
454
790
457
466
989
382
728
981
306
378
1259
569
643
737
788
930
1059
1272
592
920
1107
633
930
1096
1179
1181
594
610
634
665
766
1033
607
783
1184
403
947
625
1122
1302
632
856
361
1189
1190
1198
434
703
1149
293
1066
477
547
838
881
729
756
798
1018
464
708
792
376
647
950
1036
751
839
985
1019
1156
1211
426
707
898
1029
629
956
984
410
527
982
303
381
493
585
1140
325
338
1253
1011
1085
1239
383
490
382
424
775
591
593
496
600
642
802
484
580
665
882
328
336
347
498
354
710
799
403
611
765
450
906
1070
1219
675
1186
397
973
991
337
352
673
329
747
981
375
773
753
1116
1129
569
1192
1289
583
370
639
930
1014
1272
1290
717
961
631
980
362
719
720
638
1253
641
676
721
1092
648
492
712
789
968
409
795
500
644
1274
1247
376
671
966
1066
920
1097
1107
375
377
692
728
379
504
618
973
699
380
998
380
385
746
733
1262
381
443
784
691
853
941
1045
564
844
992
1184
465
709
820
456
707
745
855
1311
355
688
710
659
675
782
787
790
671
676
1233
500
778
529
674
716
1337
430
442
1044
408
722
383
386
698
1263
546
873
408
638
604
623
1072
1113
1079
1098
1281
1282
426
428
537
707
575
622
828
975
1084
648
1094
759
548
1015
1249
461
489
980
1056
1268
386
953
427
473
1102
643
1031
548
907
767
1277
772
821
407
813
879
1091
449
519
1082
1144
591
796
711
751
1018
1127
945
1080
749
1061
755
811
1312
439
915
668
934
956
1203
718
720
1093
703
933
725
947
1159
540
552
911
440
779
701
737
991
1336
958
1014
1052
1267
502
824
800
812
719
1093
1229
413
806
788
1028
453
463
508
435
864
461
462
468
773
833
452
747
780
947
542
776
1137
692
978
425
468
773
810
1037
1150
933
1047
1248
424
587
495
523
838
777
736
820
470
944
618
703
563
680
997
1089
1250
493
924
1276
450
497
570
800
858
1083
1325
944
1002
991
907
943
587
706
821
862
879
883
1083
785
804
937
970
643
727
737
458
580
665
693
983
785
969
1001
534
727
1000
514
726
814
742
760
478
479
825
923
510
680
865
678
909
961
886
1050
1193
812
938
872
925
972
775
981
1159
541
878
764
457
791
855
537
787
835
1015
706
774
821
501
677
723
504
535
803
1102
467
786
816
503
859
1087
1250
708
1074
860
927
1026
772
781
793
781
954
974
864
943
563
512
518
522
861
475
933
1135
812
683
754
1023
550
794
1283
870
873
485
837
983
988
1008
852
858
862
955
1078
1285
1313
732
1144
1290
508
800
541
674
702
760
833
837
851
762
798
996
763
789
1259
492
913
1197
745
987
729
969
1046
1067
1071
1103
540
841
621
996
748
910
500
965
1257
980
1073
619
823
842
881
967
1232
526
541
507
535
836
874
551
971
1044
836
863
879
882
837
847
884
563
891
1064
840
533
904
1271
939
804
1016
1201
1317
763
1197
868
876
972
1123
694
842
927
716
1050
1255
548
689
1249
1332
872
875
925
596
835
871
881
529
921
1048
1232
870
851
859
865
895
546
547
740
873
532
824
537
563
817
1133
1166
1187
557
752
868
1025
869
892
905
566
734
776
899
819
546
552
828
544
704
904
545
568
880
608
896
808
1152
625
872
972
547
552
838
975
1099
995
1086
598
689
654
1201
648
1306
621
662
725
992
556
1167
931
788
807
1028
858
578
783
1010
584
625
952
718
607
615
621
886
1181
595
615
1064
818
918
1099
701
580
714
748
844
935
1150
1162
734
899
1091
1133
1039
589
1122
1151
1153
649
1106
1110
1039
1146
1004
1120
1071
1115
872
729
922
822
808
1121
1127
1164
1095
1157
592
815
834
1188
1142
1244
731
1009
1142
682
672
791
660
885
1283
1332
650
758
1130
646
661
1109
687
690
1130
1196
1011
1300
637
761
1012
1124
1176
645
663
617
722
1092
1120
1136
1042
1212
634
766
688
690
1060
653
720
896
1093
679
724
653
663
1109
626
639
654
920
1067
1071
697
1091
1120
1022
799
1275
1296
1189
1198
1330
1334
743
951
671
1066
951
1266
1278
866
1173
1290
658
1067
1129
1172
1187
1036
1145
1161
718
721
1274
771
1185
1021
1233
764
817
937
673
705
1057
875
738
1217
1145
1170
1298
650
652
685
684
1065
1246
1055
1175
1077
1298
988
1042
660
1108
1109
1076
1125
1153
1163
682
685
826
743
1148
1150
1156
984
1174
1319
1182
741
861
1044
1198
701
1255
1069
722
927
1010
954
694
861
1258
864
863
915
973
1080
905
1102
685
925
713
735
1265
1123
1107
1028
1049
759
1195
699
766
867
988
860
887
1025
705
1044
1276
1133
728
806
907
1023
1149
875
1271
779
822
1241
801
997
744
1275
839
1314
962
1260
1310
831
1031
908
1070
1317
1106
1119
1166
1170
730
752
768
963
1038
719
854
870
881
778
919
996
784
1034
915
762
794
1050
1281
908
1246
1316
739
942
1082
909
948
961
1132
1137
843
930
781
793
1251
1111
827
914
791
1258
1261
746
768
809
904
1310
1211
985
1019
1119
1139
934
1280
798
807
1144
1058
1218
1026
756
1201
1276
1313
759
765
1033
759
765
1195
824
1307
1292
1034
791
766
797
958
1309
907
943
945
1331
1039
1154
774
801
786
822
777
780
822
917
780
1065
1069
1110
969
1000
819
971
971
1032
1197
793
816
820
807
830
896
797
805
976
1016
1005
816
820
814
901
975
971
974
1244
982
1126
952
1157
935
959
960
839
1009
1316
813
906
900
908
1004
1323
1250
819
902
840
841
1001
840
871
1232
837
880
884
876
925
1270
860
887
922
912
866
886
1104
1173
846
1096
936
1032
1059
1192
1200
1256
847
941
1107
1319
927
857
1008
842
871
1099
1014
1266
1178
953
976
1013
1277
1104
1126
849
865
891
895
850
1326
852
858
853
880
884
926
877
883
1021
1066
1253
989
1258
940
1238
1278
863
894
903
877
1024
989
878
880
893
865
1126
1144
1004
1188
1195
904
893
915
897
905
1234
1252
1318
1025
882
1033
879
883
1045
923
1330
1333
1096
919
1099
889
892
893
890
894
891
901
902
900
895
903
1010
943
1333
1118
901
1000
902
1002
1080
1234
1062
1083
1320
928
939
912
918
916
921
1048
1249
975
1102
1273
917
1084
919
922
919
1246
987
1248
1273
926
1098
1158
953
954
1061
1247
934
1040
1202
957
1128
1181
1030
1063
1197
938
1219
939
970
942
993
1327
1236
1291
1001
1190
1134
1335
968
1013
1017
1032
1138
953
962
1260
1308
1115
1166
1164
976
1207
1287
960
1078
1205
1304
1013
1017
1053
1063
1223
1011
1235
963
963
968
1203
1210
1235
1038
1311
1021
1233
1254
968
1017
1034
1034
1135
976
977
978
1245
1277
986
988
1007
1188
981
1234
1252
985
1042
1124
1232
1047
1138
1162
1236
998
999
1051
1085
996
997
1090
1236
1239
1002
1002
1064
1222
1045
1123
1103
1216
1008
1009
1124
1026
1030
1147
1175
1264
1019
1315
1317
1021
1061
1225
1157
1165
1134
1234
1033
1270
1251
1329
1335
1048
1190
1198
1334
1032
1263
1141
1199
1115
1041
1053
1280
1309
1310
1280
1117
1279
1104
1174
1323
1221
1135
1338
1060
1194
1052
1142
1116
1279
1112
1147
1073
1075
1330
1217
1254
1064
1274
1082
1199
1256
1105
1320
1101
1292
1089
1088
1090
1241
1267
1216
1217
1222
1151
1299
1128
1081
1158
1284
1134
1183
1282
1200
1324
1273
1291
1090
1089
1241
1243
1090
1093
1104
1319
1322
1189
1251
1169
1113
1125
1221
1246
1320
1321
1168
1172
1109
1111
1178
1143
1220
1163
1150
1156
1177
1117
1119
1166
1247
1157
1220
1297
1152
1183
1284
1171
1132
1136
1204
1204
1135
1137
1211
1226
1168
1171
1205
1205
1303
1146
1167
1160
1169
1185
1294
1162
1211
1307
1308
1160
1155
1276
1285
1161
1163
1165
1169
1170
1172
1174
1203
1176
1178
1184
1180
1183
1182
1292
1297
1215
1301
1209
1218
1196
1329
1329
1199
1206
1256
1328
1255
1328
1194
1199
1284
1328
1196
1255
1316
1203
1210
1209
1207
1288
1210
1224
1235
1213
1214
1215
1215
1218
1294
1303
1222
1223
1224
1226
1229
1230
1228
1229
1230
1230
1237
1239
1278
1291
1241
1242
1243
1245
1244
1245
1249
1339
1336
1258
1262
1311
1260
1261
1262
1262
1264
1269
1267
1277
1266
1269
1268
1268
1269
1318
1318
1280
1283
1337
1283
1330
1285
1286
1287
1289
1288
1289
1328
1291
1293
1295
1301
1296
1305
1302
1304
1299
1306
1302
1304
1305
1306
1306
1309
1309
1311
1313
1314
1315
1315
1317
1327
1324
1322
1325
1326
1324
1327
1325
1326
1327
1334
1332
1333
1335
1339
1334
1338
1337
1338
1339
1339
)


// ************************************************************************* //
