/*--------------------------------*- C++ -*----------------------------------*\
| =========                 |                                                 |
| \\      /  F ield         | foam-extend: Open Source CFD                    |
|  \\    /   O peration     | Version:     4.0                                |
|   \\  /    A nd           | Web:         http://www.foam-extend.org         |
|    \\/     M anipulation  |                                                 |
\*---------------------------------------------------------------------------*/
FoamFile
{
    version     2.0;
    format      ascii;
    class       vectorField;
    location    "constant/polyMesh";
    object      points;
}
// * * * * * * * * * * * * * * * * * * * * * * * * * * * * * * * * * * * * * //


351
(
(0.02476784828 0.02173526121 -0.009541184417)
(0.008750749516 0.01078567743 -0.03052965796)
(0.00194217784 0.01263298701 -0.01360548213)
(0.02739743287 0.01306394592 -0.04367366289)
(0.04370636066 0.01202745746 -0.02184184701)
(0.02721605161 0.01185354531 0.007435794672)
(0.05178105408 0.02282000025 -0.02013130135)
(0.001045142262 0.01281438084 0.007455300588)
(0.04347820179 0.0221140376 0.01074652699)
(0.04994609761 0.02298466461 -0.002164608359)
(-0.009498569451 0.02116605408 -0.03105839231)
(0.02997639994 0.01057142219 -0.05672594151)
(0.03292408515 0.02232840222 -0.05523555899)
(0.01413135466 0.01067184685 -0.05801342338)
(0.0513751373 0.02284580383 -0.03791905209)
(-0.0220164815 0.02062300616 -0.0166705676)
(-0.02310685404 0.01230323631 0.004013494096)
(0.0455405705 0.01182717283 -0.05399158039)
(-0.002771782671 0.01212579885 -0.05678650743)
(0.05090316633 0.01271970822 0.01176893235)
(0.02314812828 0.02104786735 0.03538569657)
(0.004442014953 0.01132611239 0.03033976236)
(-0.02824441806 0.02160249833 -0.03243010811)
(0.05759583283 0.02134417943 -0.05730475755)
(0.05412466216 0.01922182238 0.02807397552)
(-0.0198164295 0.01142650821 -0.05609638758)
(-0.01058924827 0.02439517801 -0.05827363471)
(-0.02470238269 0.01306394592 0.02377315297)
(0.05661433901 0.008756582062 -0.05737603231)
(-0.02560933275 0.02364094205 -0.06052582953)
(-0.03694626341 0.01139168834 -0.05618239015)
(0.05089746579 0.011784444 0.04459947433)
(0.03261791608 0.02116605408 0.05099935383)
(-0.04420151818 0.02361894031 -0.01148739334)
(-0.04249827935 0.01212128779 0.01140326182)
(0.05178105408 0.02282000028 0.04321265768)
(0.01507276725 0.02313484922 0.04979433066)
(0.04269122644 0.00877633855 0.05272624819)
(-0.003408452281 0.02211460246 0.04891282782)
(-0.01569845742 0.01306394592 0.05029402132)
(-0.05149619878 0.01276239274 -0.04374530363)
(-0.05369422688 0.02348229846 -0.02209294073)
(0.05932929593 0.02570865923 0.05300414473)
(0.05781962319 0.00788188912 0.05363146044)
(-0.04264543142 0.01306394592 0.03689362916)
(-0.05448201962 0.02243037742 -0.002800918264)
(-0.03461677014 0.0120309331 0.0490945338)
(-0.05038026951 0.02311548857 -0.05461677168)
(-0.05258186295 0.01028263354 -0.01500512622)
(-0.05277248086 0.02326762091 0.01409873631)
(-0.05382225088 0.01158035212 0.02460133163)
(-0.05372772921 0.01044550669 -0.05826217962)
(-0.05698225459 0.01069342554 0.03752197822)
(-0.0563825469 0.02653426389 -0.06313143679)
(-0.0545343708 0.009799445398 0.004245752132)
(-0.05057056013 0.02243584012 0.04327730163)
(-0.05526515435 0.02467666967 0.05311234607)
(-0.05376422778 0.009611232491 0.05041300124)
(-0.038859203 0.02246171856 0.02203335822)
(-0.03289677138 0.02458755305 0.04848510799)
(-0.04651746527 0.01173022278 -0.0285296864)
(-0.04245381312 0.02239911175 -0.03028528777)
(-0.01114697088 0.02151914344 0.03437836266)
(-0.01555555557 0.01084730664 0.03766162674)
(-0.001608600512 0.01057530958 0.04740769332)
(0.01318780876 0.01155176515 0.04452771271)
(0.03917300883 0.02263733224 0.03483708385)
(-0.03846500934 0.01057323299 -0.005407245001)
(-0.04287422005 0.02239111581 0.003504023815)
(0.03952691611 0.01072626283 0.03686740808)
(-0.03269978768 0.01146574004 -0.04131205772)
(-0.0129248134 0.01089276091 0.01887782508)
(0.0004893582653 0.02301249393 -0.04642771392)
(-0.01827068285 0.02082699214 -0.04720682162)
(-0.01874454003 0.01321618442 -0.03319691764)
(0.01370335141 0.02184415625 0.01706660936)
(0.02456320095 0.01243283266 0.02617242014)
(0.04049132801 0.01155926062 0.002320978259)
(0.03861325181 0.01204264986 0.02026287982)
(-0.01215998253 0.02136003394 -0.0003731171676)
(-0.01261237431 0.0126675257 -0.02085212041)
(-0.03139775082 0.02338796073 -0.009558884506)
(0.05391413056 0.009960786248 -0.03705554661)
(0.0177368673 0.02303414797 -0.05511717032)
(0.05153301184 0.01064413092 -0.005447579154)
(0.0556279387 0.02438890468 0.01413413736)
(0.01330835548 0.01111823838 0.0002126960695)
(0.03309136525 0.02209553497 -0.02778891943)
(0.0380285791 0.01077295759 -0.0312255677)
(0.05678689291 0.008641758215 -0.02049241631)
(0.009878409561 0.01214024331 -0.0454379993)
(0.01401080896 0.02121975809 -0.02000378257)
(0.02426905001 0.01174434354 -0.02476696319)
(0.01955222353 0.02312284351 -0.03656056264)
(0.03995213255 0.02427461763 -0.01416034841)
(0.008166240249 0.02304364745 -0.003564931112)
(-0.006301793769 0.009561464458 -0.02967474498)
(0.03032184413 0.02341487464 0.02007316366)
(-0.003278976103 0.02116605408 0.01818507671)
(-0.03483167805 0.02117144569 -0.05088296424)
(-0.02827314853 0.02096511796 0.03471167752)
(0.02840481075 0.02359000079 0.005838711591)
(-0.005928161486 0.01162932834 -0.04304626993)
(-0.006460287459 0.02350741105 -0.01535195823)
(0.03487653479 0.0121670429 -0.008765723723)
(0.03862896682 0.02224458458 -0.04261017366)
(-0.02650240538 0.009210897309 -0.01301714238)
(0.02804707684 0.00949965224 0.04652913066)
(-0.03988199737 0.009625170183 0.02580571898)
(-0.02152362684 0.0238697828 0.01549849517)
(-0.05394482795 0.02516830465 -0.03753636636)
(-0.02012498767 0.02248343196 0.04624893991)
(0.005281662116 0.02377279898 0.03625572385)
(-0.03839273348 0.01333294261 -0.0195291508)
(0.01246446709 0.00836959206 0.0158788538)
(0.03746640837 0.02493121517 -0.001409552657)
(-0.01231361213 0.01005962889 -0.006699169148)
(0.02019836903 0.009917864266 -0.01203559464)
(0.001733908789 0.02128704866 -0.02887825544)
(0.04428188645 0.02449368749 0.02185103023)
(-0.02879842379 0.009329952232 0.03767330986)
(-0.03118335185 0.01052986775 -0.02914854498)
(-0.007260529021 0.02116605408 0.009705421069)
(-0.03371464223 0.02692450288 -0.022876055)
(-0.007168279955 0.02116605408 0.02609541086)
(0.05313687453 0.02769802704 -0.0578824996)
(-0.01860509788 0.02455705717 -0.026404697)
(-0.01365142395 0.02116605408 -0.03933729399)
(-0.03757242715 0.02269041074 -0.003925626661)
(-0.05284036429 0.02223688618 0.02984055781)
(0.003800023477 0.02322149152 -0.0584670795)
(-0.03756023207 0.02591492398 -0.04350900443)
(-0.01099170343 0.009109254026 0.006204408338)
(-0.03102763693 0.02242202643 0.004951706072)
(-0.064845 0.03423 0.061)
(-0.064845 0 0.061)
(-0.064845 0.017115 0.061)
(-0.064845 0.03423 -0.06869)
(-0.064845 0.03423 -0.05247875)
(-0.064845 0.03423 -0.0362675)
(-0.064845 0.03423 -0.02005625)
(-0.064845 0.03423 -0.003845)
(-0.064845 0.03423 0.01236625)
(-0.064845 0.03423 0.0285775)
(-0.064845 0.03423 0.04478875)
(-0.064845 0 -0.06869)
(-0.064845 0.017115 -0.06869)
(-0.064845 0 -0.05247875)
(-0.064845 0 -0.0362675)
(-0.064845 0 -0.02005625)
(-0.064845 0 -0.003845)
(-0.064845 0 0.01236625)
(-0.064845 0 0.0285775)
(-0.064845 0 0.04478875)
(0.064845 0 0.061)
(-0.04863375 0 0.061)
(-0.0324225 0 0.061)
(-0.01621125 0 0.061)
(-1.249000903e-16 0 0.061)
(0.01621125 0 0.061)
(0.0324225 0 0.061)
(0.04863375 0 0.061)
(0.064845 0 -0.06869)
(-0.04863375 0 -0.06869)
(-0.0324225 0 -0.06869)
(-0.01621125 0 -0.06869)
(-1.249000903e-16 0 -0.06869)
(0.01621125 0 -0.06869)
(0.0324225 0 -0.06869)
(0.04863375 0 -0.06869)
(0.064845 0 -0.05247875)
(0.064845 0 -0.0362675)
(0.064845 0 -0.02005625)
(0.064845 0 -0.003845)
(0.064845 0 0.01236625)
(0.064845 0 0.0285775)
(0.064845 0 0.04478875)
(0.064845 0.03423 0.061)
(0.064845 0.017115 0.061)
(0.064845 0.03423 -0.06869)
(0.064845 0.017115 -0.06869)
(0.064845 0.03423 -0.05247875)
(0.064845 0.03423 -0.0362675)
(0.064845 0.03423 -0.02005625)
(0.064845 0.03423 -0.003845)
(0.064845 0.03423 0.01236625)
(0.064845 0.03423 0.0285775)
(0.064845 0.03423 0.04478875)
(0.04863375 0.03423 0.061)
(0.0324225 0.03423 0.061)
(0.01621125 0.03423 0.061)
(1.249000903e-16 0.03423 0.061)
(-0.01621125 0.03423 0.061)
(-0.0324225 0.03423 0.061)
(-0.04863375 0.03423 0.061)
(0.04863375 0.03423 -0.06869)
(0.0324225 0.03423 -0.06869)
(0.01621125 0.03423 -0.06869)
(1.249000903e-16 0.03423 -0.06869)
(-0.01621125 0.03423 -0.06869)
(-0.0324225 0.03423 -0.06869)
(-0.04863375 0.03423 -0.06869)
(-0.03985265673 0.01711500021 0.061)
(-0.008105625398 0.01711500064 0.061)
(0.02364140646 0.01711500021 0.061)
(0.0506601566 0.01882650038 0.061)
(0.008105625398 0.01711500064 0.061)
(-0.02431687573 0.01711500064 0.061)
(0.03647531336 0.01711500064 0.061)
(-0.05268656462 0.01711500064 0.061)
(-0.03985265673 0.01711500021 -0.06869)
(-0.008105625398 0.01711500064 -0.06869)
(0.02364140646 0.01711500021 -0.06869)
(0.0506601566 0.01882650038 -0.06869)
(0.008105625398 0.01711500064 -0.06869)
(-0.02431687573 0.01711500064 -0.06869)
(0.03647531336 0.01711500064 -0.06869)
(-0.05268656462 0.01711500064 -0.06869)
(-0.0007745632948 0.03423 -0.004184794207)
(-0.02895645354 0.03423 -0.02106204017)
(-0.03317542387 0.03423 0.01240708459)
(0.03118714858 0.03423 -0.01981041549)
(0.01511810173 0.03423 0.02907352112)
(0.0009703418758 0.03423 -0.0359670799)
(0.02238382765 0.03423 0.0136365467)
(0.05165571428 0.03423 0.03602376589)
(0.02918943359 0.03423 -0.0359494854)
(-0.03771605689 0.03423 0.03217400813)
(-0.038403148 0.03423 -0.03771782938)
(0.04410861495 0.03423 0.002373328354)
(-0.009876604483 0.03423 0.04485828871)
(0.04346718872 0.03423 -0.04384932909)
(-0.02614520017 0.03423 -0.05320597548)
(0.03440998486 0.03423 0.02862626688)
(0.004951258668 0.03423 0.01341766366)
(-0.01868594111 0.03423 -0.03685317245)
(-0.01078010912 0.03423 -0.02035492457)
(-0.02077360282 0.03423 -0.004518051053)
(0.008769265062 0.03423 -0.05329998715)
(0.01628372477 0.03423 -0.02747397092)
(0.02439356049 0.03423 0.04510810464)
(0.01568765665 0.03423 -0.01203692686)
(-0.05092032632 0.03423 0.004414853241)
(-0.008581694058 0.03423 -0.0527894391)
(-0.04221536453 0.03423 -0.05510676428)
(-0.04207759861 0.03423 0.04800487398)
(-0.02652245053 0.03423 0.04589246072)
(0.007180086007 0.03423 0.04489511995)
(0.02753478649 0.03423 -0.05260075968)
(0.05023761465 0.03423 0.01786139976)
(0.05276144843 0.03423 -0.00785078972)
(0.04702596318 0.03423 -0.02045872412)
(-0.04620988701 0.03423 -0.02093559242)
(0.02930726243 0.03423 -0.002421209161)
(-0.05076895026 0.03423 0.0211678121)
(-0.03881856467 0.03423 -0.00642467476)
(0.04051212973 0.03423 -0.0308908479)
(-0.05250972764 0.03423 0.03751311304)
(0.01428668671 0.03423 0.001702781205)
(-0.01217807971 0.03423 0.01238014155)
(-0.05307633488 0.03423 -0.04524894273)
(0.04103768775 0.03423 0.04688995686)
(0.00418686185 0.03423 -0.02001727364)
(-0.02068603966 0.03423 0.02840152144)
(0.0520110932 0.03423 -0.03424109206)
(0.01648090606 0.03423 -0.04106264421)
(-0.0534359384 0.03423 -0.03191108123)
(0.04090952373 0.03423 -0.009615692467)
(-0.05311455964 0.03423 -0.009328790556)
(0.04728281179 0.03423 -0.0565315619)
(-0.002610107271 0.03423 0.0287574249)
(0.03608837578 0.03423 0.01200485286)
(0.05534746467 0.03423 0.00426140885)
(0.05421961095 0.03423 0.04999688571)
(-0.05471355838 0.03423 -0.05801173151)
(-0.05466110658 0.03423 0.05044966199)
(0.064845 0.01711500021 0.03600765709)
(0.064845 0.01711500064 0.004260627655)
(0.064845 0.01711500012 -0.02838703091)
(0.064845 0.01711500064 -0.01195062314)
(0.064845 0.01711500064 0.02047187659)
(0.064845 0.01711500011 -0.04572406232)
(0.064845 0.01711500064 0.04884156595)
(0.0001335226902 0 -0.003277043055)
(-0.03111237993 0 -0.0196576493)
(-0.01617579836 0 0.02949444148)
(0.03573749187 0 0.01134645375)
(0.03225795216 0 -0.02023744942)
(3.187656403e-09 0 -0.03626749841)
(0.03695879124 0 -0.04014216246)
(0.0209630691 0 0.01757703806)
(0.04048833452 0 0.04747557417)
(-0.02290347169 0 0.01400875683)
(-0.05173980057 0 0.03598400395)
(-0.02904197673 0 -0.03588129724)
(-0.04415760301 0 0.002341753274)
(0.007914056562 0 0.03736869522)
(-0.04346723978 0 -0.04384930356)
(0.02600345622 0 -0.05380935927)
(-0.035027878 0 0.02781626061)
(-0.00571528278 0 0.01519932422)
(0.0341008861 0 0.03011791409)
(0.01923005115 0 -0.03706946692)
(0.01137806342 0 -0.01950228495)
(0.02089610263 0 -0.0009725678354)
(-0.00835971932 0 -0.05331671917)
(-0.01586199331 0 -0.02725870127)
(0.04997615492 0 -0.011991437)
(0.05015800337 0 0.02064759505)
(-0.02460520326 0 0.04508389607)
(-0.01509886855 0 -0.0110915439)
(0.008885120432 0 -0.05291937278)
(0.04188386293 0 -0.05575824377)
(-0.006278919005 0 0.04479816787)
(-0.02753186859 0 -0.0526026328)
(0.02241811825 0 0.04541166107)
(-0.05031337812 0 0.01765579092)
(-0.05276549886 0 -0.007848764505)
(0.05051908799 0 0.004192393689)
(-0.04702796571 0 -0.02045772285)
(-0.02932870588 0 -0.002410487434)
(0.05022031402 0 -0.02890167477)
(0.037787802 0 -0.003483650558)
(-0.04051333692 0 -0.0308902443)
(-0.002524035448 0 0.03006024328)
(-0.01457735376 0 0.002376417713)
(0.05134833382 0 0.03704070472)
(0.008717186877 0 0.0104436206)
(0.05225658355 0 -0.04525634)
(-0.04116861568 0 0.04688062293)
(-0.003905584011 0 -0.01944580656)
(-0.0520110932 0 -0.03424109206)
(-0.01611007955 0 -0.0410758583)
(-0.04091381242 0 -0.009613548121)
(-0.04728281179 0 -0.0565315619)
(0.007936023744 0 0.02359034858)
(0.01862564765 0 0.03082230827)
(-0.03634620734 0 0.01188241484)
(0.008052901162 0 0.04991570483)
(-0.055385296 0 0.004134005937)
(0.05400641893 0 0.05028316512)
(0.05461233211 0 -0.05816390192)
(-0.05425324814 0 0.04999884896)
(-0.064845 0.01711499979 -0.0436976559)
(-0.064845 0.01711499936 -0.01195062314)
(-0.064845 0.01711499979 0.01979640667)
(-0.064845 0.01540349962 0.04681515632)
(-0.064845 0.01711499936 0.004260626723)
(-0.064845 0.01711499936 -0.02816187347)
(-0.064845 0.01711499936 0.03263031329)
(-0.064845 0.01711499936 -0.0565315619)
)


// ************************************************************************* //
