/*--------------------------------*- C++ -*----------------------------------*\
| =========                 |                                                 |
| \\      /  F ield         | foam-extend: Open Source CFD                    |
|  \\    /   O peration     | Version:     4.0                                |
|   \\  /    A nd           | Web:         http://www.foam-extend.org         |
|    \\/     M anipulation  |                                                 |
\*---------------------------------------------------------------------------*/
FoamFile
{
    version     2.0;
    format      ascii;
    class       vectorField;
    location    "constant/polyMesh";
    object      points;
}
// * * * * * * * * * * * * * * * * * * * * * * * * * * * * * * * * * * * * * //


729
(
(-0.064845 0 -0.061)
(-0.04863375 0 -0.061)
(-0.0324225 0 -0.061)
(-0.01621125 0 -0.061)
(0 0 -0.061)
(0.01621125 0 -0.061)
(0.0324225 0 -0.061)
(0.04863375 0 -0.061)
(0.064845 0 -0.061)
(-0.064845 0.00427875 -0.061)
(-0.04863375 0.00427875 -0.061)
(-0.0324225 0.00427875 -0.061)
(-0.01621125 0.00427875 -0.061)
(0 0.00427875 -0.061)
(0.01621125 0.00427875 -0.061)
(0.0324225 0.00427875 -0.061)
(0.04863375 0.00427875 -0.061)
(0.064845 0.00427875 -0.061)
(-0.064845 0.0085575 -0.061)
(-0.04863375 0.0085575 -0.061)
(-0.0324225 0.0085575 -0.061)
(-0.01621125 0.0085575 -0.061)
(0 0.0085575 -0.061)
(0.01621125 0.0085575 -0.061)
(0.0324225 0.0085575 -0.061)
(0.04863375 0.0085575 -0.061)
(0.064845 0.0085575 -0.061)
(-0.064845 0.01283625 -0.061)
(-0.04863375 0.01283625 -0.061)
(-0.0324225 0.01283625 -0.061)
(-0.01621125 0.01283625 -0.061)
(0 0.01283625 -0.061)
(0.01621125 0.01283625 -0.061)
(0.0324225 0.01283625 -0.061)
(0.04863375 0.01283625 -0.061)
(0.064845 0.01283625 -0.061)
(-0.064845 0.017115 -0.061)
(-0.04863375 0.017115 -0.061)
(-0.0324225 0.017115 -0.061)
(-0.01621125 0.017115 -0.061)
(0 0.017115 -0.061)
(0.01621125 0.017115 -0.061)
(0.0324225 0.017115 -0.061)
(0.04863375 0.017115 -0.061)
(0.064845 0.017115 -0.061)
(-0.064845 0.02139375 -0.061)
(-0.04863375 0.02139375 -0.061)
(-0.0324225 0.02139375 -0.061)
(-0.01621125 0.02139375 -0.061)
(0 0.02139375 -0.061)
(0.01621125 0.02139375 -0.061)
(0.0324225 0.02139375 -0.061)
(0.04863375 0.02139375 -0.061)
(0.064845 0.02139375 -0.061)
(-0.064845 0.0256725 -0.061)
(-0.04863375 0.0256725 -0.061)
(-0.0324225 0.0256725 -0.061)
(-0.01621125 0.0256725 -0.061)
(0 0.0256725 -0.061)
(0.01621125 0.0256725 -0.061)
(0.0324225 0.0256725 -0.061)
(0.04863375 0.0256725 -0.061)
(0.064845 0.0256725 -0.061)
(-0.064845 0.02995125 -0.061)
(-0.04863375 0.02995125 -0.061)
(-0.0324225 0.02995125 -0.061)
(-0.01621125 0.02995125 -0.061)
(0 0.02995125 -0.061)
(0.01621125 0.02995125 -0.061)
(0.0324225 0.02995125 -0.061)
(0.04863375 0.02995125 -0.061)
(0.064845 0.02995125 -0.061)
(-0.064845 0.03423 -0.061)
(-0.04863375 0.03423 -0.061)
(-0.0324225 0.03423 -0.061)
(-0.01621125 0.03423 -0.061)
(0 0.03423 -0.061)
(0.01621125 0.03423 -0.061)
(0.0324225 0.03423 -0.061)
(0.04863375 0.03423 -0.061)
(0.064845 0.03423 -0.061)
(-0.064845 0 -0.04575)
(-0.04863375 0 -0.04575)
(-0.0324225 0 -0.04575)
(-0.01621125 0 -0.04575)
(0 0 -0.04575)
(0.01621125 0 -0.04575)
(0.0324225 0 -0.04575)
(0.04863375 0 -0.04575)
(0.064845 0 -0.04575)
(-0.064845 0.00427875 -0.04575)
(-0.04863375 0.00427875 -0.04575)
(-0.0324225 0.00427875 -0.04575)
(-0.01621125 0.00427875 -0.04575)
(0 0.00427875 -0.04575)
(0.01621125 0.00427875 -0.04575)
(0.0324225 0.00427875 -0.04575)
(0.04863375 0.00427875 -0.04575)
(0.064845 0.00427875 -0.04575)
(-0.064845 0.0085575 -0.04575)
(-0.04863375 0.0085575 -0.04575)
(-0.0324225 0.0085575 -0.04575)
(-0.01621125 0.0085575 -0.04575)
(0 0.0085575 -0.04575)
(0.01621125 0.0085575 -0.04575)
(0.0324225 0.0085575 -0.04575)
(0.04863375 0.0085575 -0.04575)
(0.064845 0.0085575 -0.04575)
(-0.064845 0.01283625 -0.04575)
(-0.04863375 0.01283625 -0.04575)
(-0.0324225 0.01283625 -0.04575)
(-0.01621125 0.01283625 -0.04575)
(0 0.01283625 -0.04575)
(0.01621125 0.01283625 -0.04575)
(0.0324225 0.01283625 -0.04575)
(0.04863375 0.01283625 -0.04575)
(0.064845 0.01283625 -0.04575)
(-0.064845 0.017115 -0.04575)
(-0.04863375 0.017115 -0.04575)
(-0.0324225 0.017115 -0.04575)
(-0.01621125 0.017115 -0.04575)
(0 0.017115 -0.04575)
(0.01621125 0.017115 -0.04575)
(0.0324225 0.017115 -0.04575)
(0.04863375 0.017115 -0.04575)
(0.064845 0.017115 -0.04575)
(-0.064845 0.02139375 -0.04575)
(-0.04863375 0.02139375 -0.04575)
(-0.0324225 0.02139375 -0.04575)
(-0.01621125 0.02139375 -0.04575)
(0 0.02139375 -0.04575)
(0.01621125 0.02139375 -0.04575)
(0.0324225 0.02139375 -0.04575)
(0.04863375 0.02139375 -0.04575)
(0.064845 0.02139375 -0.04575)
(-0.064845 0.0256725 -0.04575)
(-0.04863375 0.0256725 -0.04575)
(-0.0324225 0.0256725 -0.04575)
(-0.01621125 0.0256725 -0.04575)
(0 0.0256725 -0.04575)
(0.01621125 0.0256725 -0.04575)
(0.0324225 0.0256725 -0.04575)
(0.04863375 0.0256725 -0.04575)
(0.064845 0.0256725 -0.04575)
(-0.064845 0.02995125 -0.04575)
(-0.04863375 0.02995125 -0.04575)
(-0.0324225 0.02995125 -0.04575)
(-0.01621125 0.02995125 -0.04575)
(0 0.02995125 -0.04575)
(0.01621125 0.02995125 -0.04575)
(0.0324225 0.02995125 -0.04575)
(0.04863375 0.02995125 -0.04575)
(0.064845 0.02995125 -0.04575)
(-0.064845 0.03423 -0.04575)
(-0.04863375 0.03423 -0.04575)
(-0.0324225 0.03423 -0.04575)
(-0.01621125 0.03423 -0.04575)
(0 0.03423 -0.04575)
(0.01621125 0.03423 -0.04575)
(0.0324225 0.03423 -0.04575)
(0.04863375 0.03423 -0.04575)
(0.064845 0.03423 -0.04575)
(-0.064845 0 -0.0305)
(-0.04863375 0 -0.0305)
(-0.0324225 0 -0.0305)
(-0.01621125 0 -0.0305)
(0 0 -0.0305)
(0.01621125 0 -0.0305)
(0.0324225 0 -0.0305)
(0.04863375 0 -0.0305)
(0.064845 0 -0.0305)
(-0.064845 0.00427875 -0.0305)
(-0.04863375 0.00427875 -0.0305)
(-0.0324225 0.00427875 -0.0305)
(-0.01621125 0.00427875 -0.0305)
(0 0.00427875 -0.0305)
(0.01621125 0.00427875 -0.0305)
(0.0324225 0.00427875 -0.0305)
(0.04863375 0.00427875 -0.0305)
(0.064845 0.00427875 -0.0305)
(-0.064845 0.0085575 -0.0305)
(-0.04863375 0.0085575 -0.0305)
(-0.0324225 0.0085575 -0.0305)
(-0.01621125 0.0085575 -0.0305)
(0 0.0085575 -0.0305)
(0.01621125 0.0085575 -0.0305)
(0.0324225 0.0085575 -0.0305)
(0.04863375 0.0085575 -0.0305)
(0.064845 0.0085575 -0.0305)
(-0.064845 0.01283625 -0.0305)
(-0.04863375 0.01283625 -0.0305)
(-0.0324225 0.01283625 -0.0305)
(-0.01621125 0.01283625 -0.0305)
(0 0.01283625 -0.0305)
(0.01621125 0.01283625 -0.0305)
(0.0324225 0.01283625 -0.0305)
(0.04863375 0.01283625 -0.0305)
(0.064845 0.01283625 -0.0305)
(-0.064845 0.017115 -0.0305)
(-0.04863375 0.017115 -0.0305)
(-0.0324225 0.017115 -0.0305)
(-0.01621125 0.017115 -0.0305)
(0 0.017115 -0.0305)
(0.01621125 0.017115 -0.0305)
(0.0324225 0.017115 -0.0305)
(0.04863375 0.017115 -0.0305)
(0.064845 0.017115 -0.0305)
(-0.064845 0.02139375 -0.0305)
(-0.04863375 0.02139375 -0.0305)
(-0.0324225 0.02139375 -0.0305)
(-0.01621125 0.02139375 -0.0305)
(0 0.02139375 -0.0305)
(0.01621125 0.02139375 -0.0305)
(0.0324225 0.02139375 -0.0305)
(0.04863375 0.02139375 -0.0305)
(0.064845 0.02139375 -0.0305)
(-0.064845 0.0256725 -0.0305)
(-0.04863375 0.0256725 -0.0305)
(-0.0324225 0.0256725 -0.0305)
(-0.01621125 0.0256725 -0.0305)
(0 0.0256725 -0.0305)
(0.01621125 0.0256725 -0.0305)
(0.0324225 0.0256725 -0.0305)
(0.04863375 0.0256725 -0.0305)
(0.064845 0.0256725 -0.0305)
(-0.064845 0.02995125 -0.0305)
(-0.04863375 0.02995125 -0.0305)
(-0.0324225 0.02995125 -0.0305)
(-0.01621125 0.02995125 -0.0305)
(0 0.02995125 -0.0305)
(0.01621125 0.02995125 -0.0305)
(0.0324225 0.02995125 -0.0305)
(0.04863375 0.02995125 -0.0305)
(0.064845 0.02995125 -0.0305)
(-0.064845 0.03423 -0.0305)
(-0.04863375 0.03423 -0.0305)
(-0.0324225 0.03423 -0.0305)
(-0.01621125 0.03423 -0.0305)
(0 0.03423 -0.0305)
(0.01621125 0.03423 -0.0305)
(0.0324225 0.03423 -0.0305)
(0.04863375 0.03423 -0.0305)
(0.064845 0.03423 -0.0305)
(-0.064845 0 -0.01525)
(-0.04863375 0 -0.01525)
(-0.0324225 0 -0.01525)
(-0.01621125 0 -0.01525)
(0 0 -0.01525)
(0.01621125 0 -0.01525)
(0.0324225 0 -0.01525)
(0.04863375 0 -0.01525)
(0.064845 0 -0.01525)
(-0.064845 0.00427875 -0.01525)
(-0.04863375 0.00427875 -0.01525)
(-0.0324225 0.00427875 -0.01525)
(-0.01621125 0.00427875 -0.01525)
(0 0.00427875 -0.01525)
(0.01621125 0.00427875 -0.01525)
(0.0324225 0.00427875 -0.01525)
(0.04863375 0.00427875 -0.01525)
(0.064845 0.00427875 -0.01525)
(-0.064845 0.0085575 -0.01525)
(-0.04863375 0.0085575 -0.01525)
(-0.0324225 0.0085575 -0.01525)
(-0.01621125 0.0085575 -0.01525)
(0 0.0085575 -0.01525)
(0.01621125 0.0085575 -0.01525)
(0.0324225 0.0085575 -0.01525)
(0.04863375 0.0085575 -0.01525)
(0.064845 0.0085575 -0.01525)
(-0.064845 0.01283625 -0.01525)
(-0.04863375 0.01283625 -0.01525)
(-0.0324225 0.01283625 -0.01525)
(-0.01621125 0.01283625 -0.01525)
(0 0.01283625 -0.01525)
(0.01621125 0.01283625 -0.01525)
(0.0324225 0.01283625 -0.01525)
(0.04863375 0.01283625 -0.01525)
(0.064845 0.01283625 -0.01525)
(-0.064845 0.017115 -0.01525)
(-0.04863375 0.017115 -0.01525)
(-0.0324225 0.017115 -0.01525)
(-0.01621125 0.017115 -0.01525)
(0 0.017115 -0.01525)
(0.01621125 0.017115 -0.01525)
(0.0324225 0.017115 -0.01525)
(0.04863375 0.017115 -0.01525)
(0.064845 0.017115 -0.01525)
(-0.064845 0.02139375 -0.01525)
(-0.04863375 0.02139375 -0.01525)
(-0.0324225 0.02139375 -0.01525)
(-0.01621125 0.02139375 -0.01525)
(0 0.02139375 -0.01525)
(0.01621125 0.02139375 -0.01525)
(0.0324225 0.02139375 -0.01525)
(0.04863375 0.02139375 -0.01525)
(0.064845 0.02139375 -0.01525)
(-0.064845 0.0256725 -0.01525)
(-0.04863375 0.0256725 -0.01525)
(-0.0324225 0.0256725 -0.01525)
(-0.01621125 0.0256725 -0.01525)
(0 0.0256725 -0.01525)
(0.01621125 0.0256725 -0.01525)
(0.0324225 0.0256725 -0.01525)
(0.04863375 0.0256725 -0.01525)
(0.064845 0.0256725 -0.01525)
(-0.064845 0.02995125 -0.01525)
(-0.04863375 0.02995125 -0.01525)
(-0.0324225 0.02995125 -0.01525)
(-0.01621125 0.02995125 -0.01525)
(0 0.02995125 -0.01525)
(0.01621125 0.02995125 -0.01525)
(0.0324225 0.02995125 -0.01525)
(0.04863375 0.02995125 -0.01525)
(0.064845 0.02995125 -0.01525)
(-0.064845 0.03423 -0.01525)
(-0.04863375 0.03423 -0.01525)
(-0.0324225 0.03423 -0.01525)
(-0.01621125 0.03423 -0.01525)
(0 0.03423 -0.01525)
(0.01621125 0.03423 -0.01525)
(0.0324225 0.03423 -0.01525)
(0.04863375 0.03423 -0.01525)
(0.064845 0.03423 -0.01525)
(-0.064845 0 0)
(-0.04863375 0 0)
(-0.0324225 0 0)
(-0.01621125 0 0)
(0 0 0)
(0.01621125 0 0)
(0.0324225 0 0)
(0.04863375 0 0)
(0.064845 0 0)
(-0.064845 0.00427875 0)
(-0.04863375 0.00427875 0)
(-0.0324225 0.00427875 0)
(-0.01621125 0.00427875 0)
(0 0.00427875 0)
(0.01621125 0.00427875 0)
(0.0324225 0.00427875 0)
(0.04863375 0.00427875 0)
(0.064845 0.00427875 0)
(-0.064845 0.0085575 0)
(-0.04863375 0.0085575 0)
(-0.0324225 0.0085575 0)
(-0.01621125 0.0085575 0)
(0 0.0085575 0)
(0.01621125 0.0085575 0)
(0.0324225 0.0085575 0)
(0.04863375 0.0085575 0)
(0.064845 0.0085575 0)
(-0.064845 0.01283625 0)
(-0.04863375 0.01283625 0)
(-0.0324225 0.01283625 0)
(-0.01621125 0.01283625 0)
(0 0.01283625 0)
(0.01621125 0.01283625 0)
(0.0324225 0.01283625 0)
(0.04863375 0.01283625 0)
(0.064845 0.01283625 0)
(-0.064845 0.017115 0)
(-0.04863375 0.017115 0)
(-0.0324225 0.017115 0)
(-0.01621125 0.017115 0)
(0 0.017115 0)
(0.01621125 0.017115 0)
(0.0324225 0.017115 0)
(0.04863375 0.017115 0)
(0.064845 0.017115 0)
(-0.064845 0.02139375 0)
(-0.04863375 0.02139375 0)
(-0.0324225 0.02139375 0)
(-0.01621125 0.02139375 0)
(0 0.02139375 0)
(0.01621125 0.02139375 0)
(0.0324225 0.02139375 0)
(0.04863375 0.02139375 0)
(0.064845 0.02139375 0)
(-0.064845 0.0256725 0)
(-0.04863375 0.0256725 0)
(-0.0324225 0.0256725 0)
(-0.01621125 0.0256725 0)
(0 0.0256725 0)
(0.01621125 0.0256725 0)
(0.0324225 0.0256725 0)
(0.04863375 0.0256725 0)
(0.064845 0.0256725 0)
(-0.064845 0.02995125 0)
(-0.04863375 0.02995125 0)
(-0.0324225 0.02995125 0)
(-0.01621125 0.02995125 0)
(0 0.02995125 0)
(0.01621125 0.02995125 0)
(0.0324225 0.02995125 0)
(0.04863375 0.02995125 0)
(0.064845 0.02995125 0)
(-0.064845 0.03423 0)
(-0.04863375 0.03423 0)
(-0.0324225 0.03423 0)
(-0.01621125 0.03423 0)
(0 0.03423 0)
(0.01621125 0.03423 0)
(0.0324225 0.03423 0)
(0.04863375 0.03423 0)
(0.064845 0.03423 0)
(-0.064845 0 0.01525)
(-0.04863375 0 0.01525)
(-0.0324225 0 0.01525)
(-0.01621125 0 0.01525)
(0 0 0.01525)
(0.01621125 0 0.01525)
(0.0324225 0 0.01525)
(0.04863375 0 0.01525)
(0.064845 0 0.01525)
(-0.064845 0.00427875 0.01525)
(-0.04863375 0.00427875 0.01525)
(-0.0324225 0.00427875 0.01525)
(-0.01621125 0.00427875 0.01525)
(0 0.00427875 0.01525)
(0.01621125 0.00427875 0.01525)
(0.0324225 0.00427875 0.01525)
(0.04863375 0.00427875 0.01525)
(0.064845 0.00427875 0.01525)
(-0.064845 0.0085575 0.01525)
(-0.04863375 0.0085575 0.01525)
(-0.0324225 0.0085575 0.01525)
(-0.01621125 0.0085575 0.01525)
(0 0.0085575 0.01525)
(0.01621125 0.0085575 0.01525)
(0.0324225 0.0085575 0.01525)
(0.04863375 0.0085575 0.01525)
(0.064845 0.0085575 0.01525)
(-0.064845 0.01283625 0.01525)
(-0.04863375 0.01283625 0.01525)
(-0.0324225 0.01283625 0.01525)
(-0.01621125 0.01283625 0.01525)
(0 0.01283625 0.01525)
(0.01621125 0.01283625 0.01525)
(0.0324225 0.01283625 0.01525)
(0.04863375 0.01283625 0.01525)
(0.064845 0.01283625 0.01525)
(-0.064845 0.017115 0.01525)
(-0.04863375 0.017115 0.01525)
(-0.0324225 0.017115 0.01525)
(-0.01621125 0.017115 0.01525)
(0 0.017115 0.01525)
(0.01621125 0.017115 0.01525)
(0.0324225 0.017115 0.01525)
(0.04863375 0.017115 0.01525)
(0.064845 0.017115 0.01525)
(-0.064845 0.02139375 0.01525)
(-0.04863375 0.02139375 0.01525)
(-0.0324225 0.02139375 0.01525)
(-0.01621125 0.02139375 0.01525)
(0 0.02139375 0.01525)
(0.01621125 0.02139375 0.01525)
(0.0324225 0.02139375 0.01525)
(0.04863375 0.02139375 0.01525)
(0.064845 0.02139375 0.01525)
(-0.064845 0.0256725 0.01525)
(-0.04863375 0.0256725 0.01525)
(-0.0324225 0.0256725 0.01525)
(-0.01621125 0.0256725 0.01525)
(0 0.0256725 0.01525)
(0.01621125 0.0256725 0.01525)
(0.0324225 0.0256725 0.01525)
(0.04863375 0.0256725 0.01525)
(0.064845 0.0256725 0.01525)
(-0.064845 0.02995125 0.01525)
(-0.04863375 0.02995125 0.01525)
(-0.0324225 0.02995125 0.01525)
(-0.01621125 0.02995125 0.01525)
(0 0.02995125 0.01525)
(0.01621125 0.02995125 0.01525)
(0.0324225 0.02995125 0.01525)
(0.04863375 0.02995125 0.01525)
(0.064845 0.02995125 0.01525)
(-0.064845 0.03423 0.01525)
(-0.04863375 0.03423 0.01525)
(-0.0324225 0.03423 0.01525)
(-0.01621125 0.03423 0.01525)
(0 0.03423 0.01525)
(0.01621125 0.03423 0.01525)
(0.0324225 0.03423 0.01525)
(0.04863375 0.03423 0.01525)
(0.064845 0.03423 0.01525)
(-0.064845 0 0.0305)
(-0.04863375 0 0.0305)
(-0.0324225 0 0.0305)
(-0.01621125 0 0.0305)
(0 0 0.0305)
(0.01621125 0 0.0305)
(0.0324225 0 0.0305)
(0.04863375 0 0.0305)
(0.064845 0 0.0305)
(-0.064845 0.00427875 0.0305)
(-0.04863375 0.00427875 0.0305)
(-0.0324225 0.00427875 0.0305)
(-0.01621125 0.00427875 0.0305)
(0 0.00427875 0.0305)
(0.01621125 0.00427875 0.0305)
(0.0324225 0.00427875 0.0305)
(0.04863375 0.00427875 0.0305)
(0.064845 0.00427875 0.0305)
(-0.064845 0.0085575 0.0305)
(-0.04863375 0.0085575 0.0305)
(-0.0324225 0.0085575 0.0305)
(-0.01621125 0.0085575 0.0305)
(0 0.0085575 0.0305)
(0.01621125 0.0085575 0.0305)
(0.0324225 0.0085575 0.0305)
(0.04863375 0.0085575 0.0305)
(0.064845 0.0085575 0.0305)
(-0.064845 0.01283625 0.0305)
(-0.04863375 0.01283625 0.0305)
(-0.0324225 0.01283625 0.0305)
(-0.01621125 0.01283625 0.0305)
(0 0.01283625 0.0305)
(0.01621125 0.01283625 0.0305)
(0.0324225 0.01283625 0.0305)
(0.04863375 0.01283625 0.0305)
(0.064845 0.01283625 0.0305)
(-0.064845 0.017115 0.0305)
(-0.04863375 0.017115 0.0305)
(-0.0324225 0.017115 0.0305)
(-0.01621125 0.017115 0.0305)
(0 0.017115 0.0305)
(0.01621125 0.017115 0.0305)
(0.0324225 0.017115 0.0305)
(0.04863375 0.017115 0.0305)
(0.064845 0.017115 0.0305)
(-0.064845 0.02139375 0.0305)
(-0.04863375 0.02139375 0.0305)
(-0.0324225 0.02139375 0.0305)
(-0.01621125 0.02139375 0.0305)
(0 0.02139375 0.0305)
(0.01621125 0.02139375 0.0305)
(0.0324225 0.02139375 0.0305)
(0.04863375 0.02139375 0.0305)
(0.064845 0.02139375 0.0305)
(-0.064845 0.0256725 0.0305)
(-0.04863375 0.0256725 0.0305)
(-0.0324225 0.0256725 0.0305)
(-0.01621125 0.0256725 0.0305)
(0 0.0256725 0.0305)
(0.01621125 0.0256725 0.0305)
(0.0324225 0.0256725 0.0305)
(0.04863375 0.0256725 0.0305)
(0.064845 0.0256725 0.0305)
(-0.064845 0.02995125 0.0305)
(-0.04863375 0.02995125 0.0305)
(-0.0324225 0.02995125 0.0305)
(-0.01621125 0.02995125 0.0305)
(0 0.02995125 0.0305)
(0.01621125 0.02995125 0.0305)
(0.0324225 0.02995125 0.0305)
(0.04863375 0.02995125 0.0305)
(0.064845 0.02995125 0.0305)
(-0.064845 0.03423 0.0305)
(-0.04863375 0.03423 0.0305)
(-0.0324225 0.03423 0.0305)
(-0.01621125 0.03423 0.0305)
(0 0.03423 0.0305)
(0.01621125 0.03423 0.0305)
(0.0324225 0.03423 0.0305)
(0.04863375 0.03423 0.0305)
(0.064845 0.03423 0.0305)
(-0.064845 0 0.04575)
(-0.04863375 0 0.04575)
(-0.0324225 0 0.04575)
(-0.01621125 0 0.04575)
(0 0 0.04575)
(0.01621125 0 0.04575)
(0.0324225 0 0.04575)
(0.04863375 0 0.04575)
(0.064845 0 0.04575)
(-0.064845 0.00427875 0.04575)
(-0.04863375 0.00427875 0.04575)
(-0.0324225 0.00427875 0.04575)
(-0.01621125 0.00427875 0.04575)
(0 0.00427875 0.04575)
(0.01621125 0.00427875 0.04575)
(0.0324225 0.00427875 0.04575)
(0.04863375 0.00427875 0.04575)
(0.064845 0.00427875 0.04575)
(-0.064845 0.0085575 0.04575)
(-0.04863375 0.0085575 0.04575)
(-0.0324225 0.0085575 0.04575)
(-0.01621125 0.0085575 0.04575)
(0 0.0085575 0.04575)
(0.01621125 0.0085575 0.04575)
(0.0324225 0.0085575 0.04575)
(0.04863375 0.0085575 0.04575)
(0.064845 0.0085575 0.04575)
(-0.064845 0.01283625 0.04575)
(-0.04863375 0.01283625 0.04575)
(-0.0324225 0.01283625 0.04575)
(-0.01621125 0.01283625 0.04575)
(0 0.01283625 0.04575)
(0.01621125 0.01283625 0.04575)
(0.0324225 0.01283625 0.04575)
(0.04863375 0.01283625 0.04575)
(0.064845 0.01283625 0.04575)
(-0.064845 0.017115 0.04575)
(-0.04863375 0.017115 0.04575)
(-0.0324225 0.017115 0.04575)
(-0.01621125 0.017115 0.04575)
(0 0.017115 0.04575)
(0.01621125 0.017115 0.04575)
(0.0324225 0.017115 0.04575)
(0.04863375 0.017115 0.04575)
(0.064845 0.017115 0.04575)
(-0.064845 0.02139375 0.04575)
(-0.04863375 0.02139375 0.04575)
(-0.0324225 0.02139375 0.04575)
(-0.01621125 0.02139375 0.04575)
(0 0.02139375 0.04575)
(0.01621125 0.02139375 0.04575)
(0.0324225 0.02139375 0.04575)
(0.04863375 0.02139375 0.04575)
(0.064845 0.02139375 0.04575)
(-0.064845 0.0256725 0.04575)
(-0.04863375 0.0256725 0.04575)
(-0.0324225 0.0256725 0.04575)
(-0.01621125 0.0256725 0.04575)
(0 0.0256725 0.04575)
(0.01621125 0.0256725 0.04575)
(0.0324225 0.0256725 0.04575)
(0.04863375 0.0256725 0.04575)
(0.064845 0.0256725 0.04575)
(-0.064845 0.02995125 0.04575)
(-0.04863375 0.02995125 0.04575)
(-0.0324225 0.02995125 0.04575)
(-0.01621125 0.02995125 0.04575)
(0 0.02995125 0.04575)
(0.01621125 0.02995125 0.04575)
(0.0324225 0.02995125 0.04575)
(0.04863375 0.02995125 0.04575)
(0.064845 0.02995125 0.04575)
(-0.064845 0.03423 0.04575)
(-0.04863375 0.03423 0.04575)
(-0.0324225 0.03423 0.04575)
(-0.01621125 0.03423 0.04575)
(0 0.03423 0.04575)
(0.01621125 0.03423 0.04575)
(0.0324225 0.03423 0.04575)
(0.04863375 0.03423 0.04575)
(0.064845 0.03423 0.04575)
(-0.064845 0 0.061)
(-0.04863375 0 0.061)
(-0.0324225 0 0.061)
(-0.01621125 0 0.061)
(0 0 0.061)
(0.01621125 0 0.061)
(0.0324225 0 0.061)
(0.04863375 0 0.061)
(0.064845 0 0.061)
(-0.064845 0.00427875 0.061)
(-0.04863375 0.00427875 0.061)
(-0.0324225 0.00427875 0.061)
(-0.01621125 0.00427875 0.061)
(0 0.00427875 0.061)
(0.01621125 0.00427875 0.061)
(0.0324225 0.00427875 0.061)
(0.04863375 0.00427875 0.061)
(0.064845 0.00427875 0.061)
(-0.064845 0.0085575 0.061)
(-0.04863375 0.0085575 0.061)
(-0.0324225 0.0085575 0.061)
(-0.01621125 0.0085575 0.061)
(0 0.0085575 0.061)
(0.01621125 0.0085575 0.061)
(0.0324225 0.0085575 0.061)
(0.04863375 0.0085575 0.061)
(0.064845 0.0085575 0.061)
(-0.064845 0.01283625 0.061)
(-0.04863375 0.01283625 0.061)
(-0.0324225 0.01283625 0.061)
(-0.01621125 0.01283625 0.061)
(0 0.01283625 0.061)
(0.01621125 0.01283625 0.061)
(0.0324225 0.01283625 0.061)
(0.04863375 0.01283625 0.061)
(0.064845 0.01283625 0.061)
(-0.064845 0.017115 0.061)
(-0.04863375 0.017115 0.061)
(-0.0324225 0.017115 0.061)
(-0.01621125 0.017115 0.061)
(0 0.017115 0.061)
(0.01621125 0.017115 0.061)
(0.0324225 0.017115 0.061)
(0.04863375 0.017115 0.061)
(0.064845 0.017115 0.061)
(-0.064845 0.02139375 0.061)
(-0.04863375 0.02139375 0.061)
(-0.0324225 0.02139375 0.061)
(-0.01621125 0.02139375 0.061)
(0 0.02139375 0.061)
(0.01621125 0.02139375 0.061)
(0.0324225 0.02139375 0.061)
(0.04863375 0.02139375 0.061)
(0.064845 0.02139375 0.061)
(-0.064845 0.0256725 0.061)
(-0.04863375 0.0256725 0.061)
(-0.0324225 0.0256725 0.061)
(-0.01621125 0.0256725 0.061)
(0 0.0256725 0.061)
(0.01621125 0.0256725 0.061)
(0.0324225 0.0256725 0.061)
(0.04863375 0.0256725 0.061)
(0.064845 0.0256725 0.061)
(-0.064845 0.02995125 0.061)
(-0.04863375 0.02995125 0.061)
(-0.0324225 0.02995125 0.061)
(-0.01621125 0.02995125 0.061)
(0 0.02995125 0.061)
(0.01621125 0.02995125 0.061)
(0.0324225 0.02995125 0.061)
(0.04863375 0.02995125 0.061)
(0.064845 0.02995125 0.061)
(-0.064845 0.03423 0.061)
(-0.04863375 0.03423 0.061)
(-0.0324225 0.03423 0.061)
(-0.01621125 0.03423 0.061)
(0 0.03423 0.061)
(0.01621125 0.03423 0.061)
(0.0324225 0.03423 0.061)
(0.04863375 0.03423 0.061)
(0.064845 0.03423 0.061)
)


// ************************************************************************* //
