/*--------------------------------*- C++ -*----------------------------------*\
| =========                 |                                                 |
| \\      /  F ield         | foam-extend: Open Source CFD                    |
|  \\    /   O peration     | Version:     4.0                                |
|   \\  /    A nd           | Web:         http://www.foam-extend.org         |
|    \\/     M anipulation  |                                                 |
\*---------------------------------------------------------------------------*/
FoamFile
{
    version     2.0;
    format      ascii;
    class       vectorField;
    location    "constant/polyMesh";
    object      points;
}
// * * * * * * * * * * * * * * * * * * * * * * * * * * * * * * * * * * * * * //


64
(
(0 0 0)
(0.3333333333 0 0)
(0.6666666667 0 0)
(1 0 0)
(0 0.3333333333 0)
(0.3333333333 0.3333333333 0)
(0.6666666667 0.3333333333 0)
(1 0.3333333333 0)
(0 0.6666666667 0)
(0.3333333333 0.6666666667 0)
(0.6666666667 0.6666666667 0)
(1 0.6666666667 0)
(0 1 0)
(0.3333333333 1 0)
(0.6666666667 1 0)
(1 1 0)
(0 0 0.3333333333)
(0.3333333333 0 0.3333333333)
(0.6666666667 0 0.3333333333)
(1 0 0.3333333333)
(0 0.3333333333 0.3333333333)
(0.3333333333 0.3333333333 0.3333333333)
(0.6666666667 0.3333333333 0.3333333333)
(1 0.3333333333 0.3333333333)
(0 0.6666666667 0.3333333333)
(0.3333333333 0.6666666667 0.3333333333)
(0.6666666667 0.6666666667 0.3333333333)
(1 0.6666666667 0.3333333333)
(0 1 0.3333333333)
(0.3333333333 1 0.3333333333)
(0.6666666667 1 0.3333333333)
(1 1 0.3333333333)
(0 0 0.6666666667)
(0.3333333333 0 0.6666666667)
(0.6666666667 0 0.6666666667)
(1 0 0.6666666667)
(0 0.3333333333 0.6666666667)
(0.3333333333 0.3333333333 0.6666666667)
(0.6666666667 0.3333333333 0.6666666667)
(1 0.3333333333 0.6666666667)
(0 0.6666666667 0.6666666667)
(0.3333333333 0.6666666667 0.6666666667)
(0.6666666667 0.6666666667 0.6666666667)
(1 0.6666666667 0.6666666667)
(0 1 0.6666666667)
(0.3333333333 1 0.6666666667)
(0.6666666667 1 0.6666666667)
(1 1 0.6666666667)
(0 0 1)
(0.3333333333 0 1)
(0.6666666667 0 1)
(1 0 1)
(0 0.3333333333 1)
(0.3333333333 0.3333333333 1)
(0.6666666667 0.3333333333 1)
(1 0.3333333333 1)
(0 0.6666666667 1)
(0.3333333333 0.6666666667 1)
(0.6666666667 0.6666666667 1)
(1 0.6666666667 1)
(0 1 1)
(0.3333333333 1 1)
(0.6666666667 1 1)
(1 1 1)
)


// ************************************************************************* //
