/*--------------------------------*- C++ -*----------------------------------*\
| =========                 |                                                 |
| \\      /  F ield         | foam-extend: Open Source CFD                    |
|  \\    /   O peration     | Version:     4.0                                |
|   \\  /    A nd           | Web:         http://www.foam-extend.org         |
|    \\/     M anipulation  |                                                 |
\*---------------------------------------------------------------------------*/
FoamFile
{
    version     2.0;
    format      ascii;
    class       vectorField;
    location    "constant/polyMesh";
    object      points;
}
// * * * * * * * * * * * * * * * * * * * * * * * * * * * * * * * * * * * * * //


125
(
(-0.061 0 -0.061)
(-0.0305 0 -0.061)
(0 0 -0.061)
(0.0305 0 -0.061)
(0.061 0 -0.061)
(-0.061 0.0085575 -0.061)
(-0.0305 0.0085575 -0.061)
(0 0.0085575 -0.061)
(0.0305 0.0085575 -0.061)
(0.061 0.0085575 -0.061)
(-0.061 0.017115 -0.061)
(-0.0305 0.017115 -0.061)
(0 0.017115 -0.061)
(0.0305 0.017115 -0.061)
(0.061 0.017115 -0.061)
(-0.061 0.0256725 -0.061)
(-0.0305 0.0256725 -0.061)
(0 0.0256725 -0.061)
(0.0305 0.0256725 -0.061)
(0.061 0.0256725 -0.061)
(-0.061 0.03423 -0.061)
(-0.0305 0.03423 -0.061)
(0 0.03423 -0.061)
(0.0305 0.03423 -0.061)
(0.061 0.03423 -0.061)
(-0.061 0 -0.0305)
(-0.0305 0 -0.0305)
(0 0 -0.0305)
(0.0305 0 -0.0305)
(0.061 0 -0.0305)
(-0.061 0.0085575 -0.0305)
(-0.0305 0.0085575 -0.0305)
(0 0.0085575 -0.0305)
(0.0305 0.0085575 -0.0305)
(0.061 0.0085575 -0.0305)
(-0.061 0.017115 -0.0305)
(-0.0305 0.017115 -0.0305)
(0 0.017115 -0.0305)
(0.0305 0.017115 -0.0305)
(0.061 0.017115 -0.0305)
(-0.061 0.0256725 -0.0305)
(-0.0305 0.0256725 -0.0305)
(0 0.0256725 -0.0305)
(0.0305 0.0256725 -0.0305)
(0.061 0.0256725 -0.0305)
(-0.061 0.03423 -0.0305)
(-0.0305 0.03423 -0.0305)
(0 0.03423 -0.0305)
(0.0305 0.03423 -0.0305)
(0.061 0.03423 -0.0305)
(-0.061 0 0)
(-0.0305 0 0)
(0 0 0)
(0.0305 0 0)
(0.061 0 0)
(-0.061 0.0085575 0)
(-0.0305 0.0085575 0)
(0 0.0085575 0)
(0.0305 0.0085575 0)
(0.061 0.0085575 0)
(-0.061 0.017115 0)
(-0.0305 0.017115 0)
(0 0.017115 0)
(0.0305 0.017115 0)
(0.061 0.017115 0)
(-0.061 0.0256725 0)
(-0.0305 0.0256725 0)
(0 0.0256725 0)
(0.0305 0.0256725 0)
(0.061 0.0256725 0)
(-0.061 0.03423 0)
(-0.0305 0.03423 0)
(0 0.03423 0)
(0.0305 0.03423 0)
(0.061 0.03423 0)
(-0.061 0 0.0305)
(-0.0305 0 0.0305)
(0 0 0.0305)
(0.0305 0 0.0305)
(0.061 0 0.0305)
(-0.061 0.0085575 0.0305)
(-0.0305 0.0085575 0.0305)
(0 0.0085575 0.0305)
(0.0305 0.0085575 0.0305)
(0.061 0.0085575 0.0305)
(-0.061 0.017115 0.0305)
(-0.0305 0.017115 0.0305)
(0 0.017115 0.0305)
(0.0305 0.017115 0.0305)
(0.061 0.017115 0.0305)
(-0.061 0.0256725 0.0305)
(-0.0305 0.0256725 0.0305)
(0 0.0256725 0.0305)
(0.0305 0.0256725 0.0305)
(0.061 0.0256725 0.0305)
(-0.061 0.03423 0.0305)
(-0.0305 0.03423 0.0305)
(0 0.03423 0.0305)
(0.0305 0.03423 0.0305)
(0.061 0.03423 0.0305)
(-0.061 0 0.061)
(-0.0305 0 0.061)
(0 0 0.061)
(0.0305 0 0.061)
(0.061 0 0.061)
(-0.061 0.0085575 0.061)
(-0.0305 0.0085575 0.061)
(0 0.0085575 0.061)
(0.0305 0.0085575 0.061)
(0.061 0.0085575 0.061)
(-0.061 0.017115 0.061)
(-0.0305 0.017115 0.061)
(0 0.017115 0.061)
(0.0305 0.017115 0.061)
(0.061 0.017115 0.061)
(-0.061 0.0256725 0.061)
(-0.0305 0.0256725 0.061)
(0 0.0256725 0.061)
(0.0305 0.0256725 0.061)
(0.061 0.0256725 0.061)
(-0.061 0.03423 0.061)
(-0.0305 0.03423 0.061)
(0 0.03423 0.061)
(0.0305 0.03423 0.061)
(0.061 0.03423 0.061)
)


// ************************************************************************* //
