/*--------------------------------*- C++ -*----------------------------------*\
| =========                 |                                                 |
| \\      /  F ield         | foam-extend: Open Source CFD                    |
|  \\    /   O peration     | Version:     4.0                                |
|   \\  /    A nd           | Web:         http://www.foam-extend.org         |
|    \\/     M anipulation  |                                                 |
\*---------------------------------------------------------------------------*/
FoamFile
{
    version     2.0;
    format      ascii;
    class       vectorField;
    location    "constant/polyMesh";
    object      points;
}
// * * * * * * * * * * * * * * * * * * * * * * * * * * * * * * * * * * * * * //


462
(
(0.5 0 0)
(0.5589909371 0 0)
(0.6295330769 0 0)
(0.713888297 0 0)
(0.8147613805 0 0)
(0.9353867427 0 0)
(1.07963214 0 0)
(1.252122687 0 0)
(1.458389155 0 0)
(1.705045314 0 0)
(2 0 0)
(0.4984345747 0.03922675767 0)
(0.5574870757 0.04554953382 0)
(0.6281028345 0.05311039284 0)
(0.7125460891 0.06215176767 0)
(0.8135244455 0.0729635628 0)
(0.9342756944 0.08589244987 0)
(1.078671629 0.1013529833 0)
(1.251342189 0.119840893 0)
(1.45782392 0.1419489789 0)
(1.704737495 0.1683861192 0)
(2 0.2 0)
(0.4938029941 0.07821056885 0)
(0.5530376426 0.09086567558 0)
(0.6238712158 0.1059988189 0)
(0.7085749357 0.1240952311 0)
(0.80986476 0.1457351592 0)
(0.9309884663 0.1716124704 0)
(1.07582979 0.2025568999 0)
(1.249032953 0.2395606565 0)
(1.456151577 0.2838102361 0)
(1.703826757 0.3367244663 0)
(2 0.4 0)
(0.4861336883 0.1167121379 0)
(0.5456699499 0.1357185405 0)
(0.6168641959 0.1584466471 0)
(0.7019992131 0.1856252164 0)
(0.8038047884 0.2181257077 0)
(0.9255452366 0.2569902233 0)
(1.071124068 0.3034649231 0)
(1.245209153 0.3590399814 0)
(1.453382391 0.4254973683 0)
(1.702318692 0.5049679871 0)
(2 0.6 0)
(0.4754737342 0.1544951295 0)
(0.5354292229 0.1798810876 0)
(0.6071247862 0.2102379508 0)
(0.6928592853 0.2465390878 0)
(0.7953817289 0.2899484656 0)
(0.9179794176 0.3418579715 0)
(1.064583349 0.4039320425 0)
(1.239894261 0.4781610344 0)
(1.44953336 0.5669250409 0)
(1.700222556 0.6730702093 0)
(2 0.8 0)
(0.461888566 0.1913276189 0)
(0.5223783226 0.2231305133 0)
(0.5947127704 0.2611608334 0)
(0.6812112561 0.3066379912 0)
(0.7846472849 0.3610201756 0)
(0.9083374508 0.4260511082 0)
(1.056247781 0.5038159542 0)
(1.233120902 0.5968081815 0)
(1.444628111 0.708009512 0)
(1.697551217 0.8409855281 0)
(2 1 0)
(0.445461574 0.2269835162 0)
(0.5065973597 0.265249619 0)
(0.5797043377 0.3110087289 0)
(0.6671266251 0.3657280753 0)
(0.771667348 0.4311621907 0)
(0.8966785219 0.5094091679 0)
(1.046168531 0.6029779341 0)
(1.224930652 0.7148686975 0)
(1.438696753 0.8486691464 0)
(1.694321072 1.008669486 0)
(2 1.2 0)
(0.4262935927 0.2612439535 0)
(0.4881832032 0.3060281444 0)
(0.5621916147 0.3595816699 0)
(0.6506918483 0.4236216812 0)
(0.7565215936 0.5002015704 0)
(0.8830741972 0.5917768108 0)
(1.034407468 0.7012836897 0)
(1.215373787 0.8322334582 0)
(1.431775695 0.9888249166 0)
(1.690551948 1.176079046 0)
(2 1.4 0)
(0.4045022814 0.2938986289 0)
(0.4672488851 0.3452640581 0)
(0.5422821005 0.4066875151 0)
(0.632007808 0.4801384942 0)
(0.7393029911 0.5679721427 0)
(0.8676079846 0.6730047767 0)
(1.021036786 0.7986041842 0)
(1.204508968 0.9487976104 0)
(1.423907421 1.128400888 0)
(1.686266981 1.343172854 0)
(2 1.6 0)
(0.3802214025 0.3247470971 0)
(0.4439229074 0.3827647979 0)
(0.5200980062 0.4521431289 0)
(0.6111891929 0.5351066511 0)
(0.7201172341 0.634315524 0)
(0.8503748208 0.7529508012 0)
(1.006138559 0.8948164286 0)
(1.192402889 1.064461215 0)
(1.41514023 1.267324685 0)
(1.681492475 1.509911496 0)
(2 1.8 0)
(0.3536 0.3536 0)
(0.4183484526 0.4183484526 0)
(0.4957755052 0.4957755052 0)
(0.5883637948 0.5883637948 0)
(0.6990820912 0.6990820912 0)
(0.8314804888 0.8314804888 0)
(0.989804237 0.989804237 0)
(1.179129861 1.179129861 0)
(1.405527936 1.405527936 0)
(1.676257737 1.676257737 0)
(2 2 0)
(0.5 0 1)
(0.5589909371 0 1)
(0.6295330769 0 1)
(0.713888297 0 1)
(0.8147613805 0 1)
(0.9353867427 0 1)
(1.07963214 0 1)
(1.252122687 0 1)
(1.458389155 0 1)
(1.705045314 0 1)
(2 0 1)
(0.4984345747 0.03922675767 1)
(0.5574870757 0.04554953382 1)
(0.6281028345 0.05311039284 1)
(0.7125460891 0.06215176767 1)
(0.8135244455 0.0729635628 1)
(0.9342756944 0.08589244987 1)
(1.078671629 0.1013529833 1)
(1.251342189 0.119840893 1)
(1.45782392 0.1419489789 1)
(1.704737495 0.1683861192 1)
(2 0.2 1)
(0.4938029941 0.07821056885 1)
(0.5530376426 0.09086567558 1)
(0.6238712158 0.1059988189 1)
(0.7085749357 0.1240952311 1)
(0.80986476 0.1457351592 1)
(0.9309884663 0.1716124704 1)
(1.07582979 0.2025568999 1)
(1.249032953 0.2395606565 1)
(1.456151577 0.2838102361 1)
(1.703826757 0.3367244663 1)
(2 0.4 1)
(0.4861336883 0.1167121379 1)
(0.5456699499 0.1357185405 1)
(0.6168641959 0.1584466471 1)
(0.7019992131 0.1856252164 1)
(0.8038047884 0.2181257077 1)
(0.9255452366 0.2569902233 1)
(1.071124068 0.3034649231 1)
(1.245209153 0.3590399814 1)
(1.453382391 0.4254973683 1)
(1.702318692 0.5049679871 1)
(2 0.6 1)
(0.4754737342 0.1544951295 1)
(0.5354292229 0.1798810876 1)
(0.6071247862 0.2102379508 1)
(0.6928592853 0.2465390878 1)
(0.7953817289 0.2899484656 1)
(0.9179794176 0.3418579715 1)
(1.064583349 0.4039320425 1)
(1.239894261 0.4781610344 1)
(1.44953336 0.5669250409 1)
(1.700222556 0.6730702093 1)
(2 0.8 1)
(0.461888566 0.1913276189 1)
(0.5223783226 0.2231305133 1)
(0.5947127704 0.2611608334 1)
(0.6812112561 0.3066379912 1)
(0.7846472849 0.3610201756 1)
(0.9083374508 0.4260511082 1)
(1.056247781 0.5038159542 1)
(1.233120902 0.5968081815 1)
(1.444628111 0.708009512 1)
(1.697551217 0.8409855281 1)
(2 1 1)
(0.445461574 0.2269835162 1)
(0.5065973597 0.265249619 1)
(0.5797043377 0.3110087289 1)
(0.6671266251 0.3657280753 1)
(0.771667348 0.4311621907 1)
(0.8966785219 0.5094091679 1)
(1.046168531 0.6029779341 1)
(1.224930652 0.7148686975 1)
(1.438696753 0.8486691464 1)
(1.694321072 1.008669486 1)
(2 1.2 1)
(0.4262935927 0.2612439535 1)
(0.4881832032 0.3060281444 1)
(0.5621916147 0.3595816699 1)
(0.6506918483 0.4236216812 1)
(0.7565215936 0.5002015704 1)
(0.8830741972 0.5917768108 1)
(1.034407468 0.7012836897 1)
(1.215373787 0.8322334582 1)
(1.431775695 0.9888249166 1)
(1.690551948 1.176079046 1)
(2 1.4 1)
(0.4045022814 0.2938986289 1)
(0.4672488851 0.3452640581 1)
(0.5422821005 0.4066875151 1)
(0.632007808 0.4801384942 1)
(0.7393029911 0.5679721427 1)
(0.8676079846 0.6730047767 1)
(1.021036786 0.7986041842 1)
(1.204508968 0.9487976104 1)
(1.423907421 1.128400888 1)
(1.686266981 1.343172854 1)
(2 1.6 1)
(0.3802214025 0.3247470971 1)
(0.4439229074 0.3827647979 1)
(0.5200980062 0.4521431289 1)
(0.6111891929 0.5351066511 1)
(0.7201172341 0.634315524 1)
(0.8503748208 0.7529508012 1)
(1.006138559 0.8948164286 1)
(1.192402889 1.064461215 1)
(1.41514023 1.267324685 1)
(1.681492475 1.509911496 1)
(2 1.8 1)
(0.3536 0.3536 1)
(0.4183484526 0.4183484526 1)
(0.4957755052 0.4957755052 1)
(0.5883637948 0.5883637948 1)
(0.6990820912 0.6990820912 1)
(0.8314804888 0.8314804888 1)
(0.989804237 0.989804237 1)
(1.179129861 1.179129861 1)
(1.405527936 1.405527936 1)
(1.676257737 1.676257737 1)
(2 2 1)
(0 0.5 0)
(0.03922675767 0.4984345747 0)
(0.07821056885 0.4938029941 0)
(0.1167121379 0.4861336883 0)
(0.1544951295 0.4754737342 0)
(0.1913276189 0.461888566 0)
(0.2269835162 0.445461574 0)
(0.2612439535 0.4262935927 0)
(0.2938986289 0.4045022814 0)
(0.3247470971 0.3802214025 0)
(0 0.5589909371 0)
(0.04554953382 0.5574870757 0)
(0.09086567558 0.5530376426 0)
(0.1357185405 0.5456699499 0)
(0.1798810876 0.5354292229 0)
(0.2231305133 0.5223783226 0)
(0.265249619 0.5065973597 0)
(0.3060281444 0.4881832032 0)
(0.3452640581 0.4672488851 0)
(0.3827647979 0.4439229074 0)
(0 0.6295330769 0)
(0.05311039284 0.6281028345 0)
(0.1059988189 0.6238712158 0)
(0.1584466471 0.6168641959 0)
(0.2102379508 0.6071247862 0)
(0.2611608334 0.5947127704 0)
(0.3110087289 0.5797043377 0)
(0.3595816699 0.5621916147 0)
(0.4066875151 0.5422821005 0)
(0.4521431289 0.5200980062 0)
(0 0.713888297 0)
(0.06215176767 0.7125460891 0)
(0.1240952311 0.7085749357 0)
(0.1856252164 0.7019992131 0)
(0.2465390878 0.6928592853 0)
(0.3066379912 0.6812112561 0)
(0.3657280753 0.6671266251 0)
(0.4236216812 0.6506918483 0)
(0.4801384942 0.632007808 0)
(0.5351066511 0.6111891929 0)
(0 0.8147613805 0)
(0.0729635628 0.8135244455 0)
(0.1457351592 0.80986476 0)
(0.2181257077 0.8038047884 0)
(0.2899484656 0.7953817289 0)
(0.3610201756 0.7846472849 0)
(0.4311621907 0.771667348 0)
(0.5002015704 0.7565215936 0)
(0.5679721427 0.7393029911 0)
(0.634315524 0.7201172341 0)
(0 0.9353867427 0)
(0.08589244987 0.9342756944 0)
(0.1716124704 0.9309884663 0)
(0.2569902233 0.9255452366 0)
(0.3418579715 0.9179794176 0)
(0.4260511082 0.9083374508 0)
(0.5094091679 0.8966785219 0)
(0.5917768108 0.8830741972 0)
(0.6730047767 0.8676079846 0)
(0.7529508012 0.8503748208 0)
(0 1.07963214 0)
(0.1013529833 1.078671629 0)
(0.2025568999 1.07582979 0)
(0.3034649231 1.071124068 0)
(0.4039320425 1.064583349 0)
(0.5038159542 1.056247781 0)
(0.6029779341 1.046168531 0)
(0.7012836897 1.034407468 0)
(0.7986041842 1.021036786 0)
(0.8948164286 1.006138559 0)
(0 1.252122687 0)
(0.119840893 1.251342189 0)
(0.2395606565 1.249032953 0)
(0.3590399814 1.245209153 0)
(0.4781610344 1.239894261 0)
(0.5968081815 1.233120902 0)
(0.7148686975 1.224930652 0)
(0.8322334582 1.215373787 0)
(0.9487976104 1.204508968 0)
(1.064461215 1.192402889 0)
(0 1.458389155 0)
(0.1419489789 1.45782392 0)
(0.2838102361 1.456151577 0)
(0.4254973683 1.453382391 0)
(0.5669250409 1.44953336 0)
(0.708009512 1.444628111 0)
(0.8486691464 1.438696753 0)
(0.9888249166 1.431775695 0)
(1.128400888 1.423907421 0)
(1.267324685 1.41514023 0)
(0 1.705045314 0)
(0.1683861192 1.704737495 0)
(0.3367244663 1.703826757 0)
(0.5049679871 1.702318692 0)
(0.6730702093 1.700222556 0)
(0.8409855281 1.697551217 0)
(1.008669486 1.694321072 0)
(1.176079046 1.690551948 0)
(1.343172854 1.686266981 0)
(1.509911496 1.681492475 0)
(0 2 0)
(0.2 2 0)
(0.4 2 0)
(0.6 2 0)
(0.8 2 0)
(1 2 0)
(1.2 2 0)
(1.4 2 0)
(1.6 2 0)
(1.8 2 0)
(0 0.5 1)
(0.03922675767 0.4984345747 1)
(0.07821056885 0.4938029941 1)
(0.1167121379 0.4861336883 1)
(0.1544951295 0.4754737342 1)
(0.1913276189 0.461888566 1)
(0.2269835162 0.445461574 1)
(0.2612439535 0.4262935927 1)
(0.2938986289 0.4045022814 1)
(0.3247470971 0.3802214025 1)
(0 0.5589909371 1)
(0.04554953382 0.5574870757 1)
(0.09086567558 0.5530376426 1)
(0.1357185405 0.5456699499 1)
(0.1798810876 0.5354292229 1)
(0.2231305133 0.5223783226 1)
(0.265249619 0.5065973597 1)
(0.3060281444 0.4881832032 1)
(0.3452640581 0.4672488851 1)
(0.3827647979 0.4439229074 1)
(0 0.6295330769 1)
(0.05311039284 0.6281028345 1)
(0.1059988189 0.6238712158 1)
(0.1584466471 0.6168641959 1)
(0.2102379508 0.6071247862 1)
(0.2611608334 0.5947127704 1)
(0.3110087289 0.5797043377 1)
(0.3595816699 0.5621916147 1)
(0.4066875151 0.5422821005 1)
(0.4521431289 0.5200980062 1)
(0 0.713888297 1)
(0.06215176767 0.7125460891 1)
(0.1240952311 0.7085749357 1)
(0.1856252164 0.7019992131 1)
(0.2465390878 0.6928592853 1)
(0.3066379912 0.6812112561 1)
(0.3657280753 0.6671266251 1)
(0.4236216812 0.6506918483 1)
(0.4801384942 0.632007808 1)
(0.5351066511 0.6111891929 1)
(0 0.8147613805 1)
(0.0729635628 0.8135244455 1)
(0.1457351592 0.80986476 1)
(0.2181257077 0.8038047884 1)
(0.2899484656 0.7953817289 1)
(0.3610201756 0.7846472849 1)
(0.4311621907 0.771667348 1)
(0.5002015704 0.7565215936 1)
(0.5679721427 0.7393029911 1)
(0.634315524 0.7201172341 1)
(0 0.9353867427 1)
(0.08589244987 0.9342756944 1)
(0.1716124704 0.9309884663 1)
(0.2569902233 0.9255452366 1)
(0.3418579715 0.9179794176 1)
(0.4260511082 0.9083374508 1)
(0.5094091679 0.8966785219 1)
(0.5917768108 0.8830741972 1)
(0.6730047767 0.8676079846 1)
(0.7529508012 0.8503748208 1)
(0 1.07963214 1)
(0.1013529833 1.078671629 1)
(0.2025568999 1.07582979 1)
(0.3034649231 1.071124068 1)
(0.4039320425 1.064583349 1)
(0.5038159542 1.056247781 1)
(0.6029779341 1.046168531 1)
(0.7012836897 1.034407468 1)
(0.7986041842 1.021036786 1)
(0.8948164286 1.006138559 1)
(0 1.252122687 1)
(0.119840893 1.251342189 1)
(0.2395606565 1.249032953 1)
(0.3590399814 1.245209153 1)
(0.4781610344 1.239894261 1)
(0.5968081815 1.233120902 1)
(0.7148686975 1.224930652 1)
(0.8322334582 1.215373787 1)
(0.9487976104 1.204508968 1)
(1.064461215 1.192402889 1)
(0 1.458389155 1)
(0.1419489789 1.45782392 1)
(0.2838102361 1.456151577 1)
(0.4254973683 1.453382391 1)
(0.5669250409 1.44953336 1)
(0.708009512 1.444628111 1)
(0.8486691464 1.438696753 1)
(0.9888249166 1.431775695 1)
(1.128400888 1.423907421 1)
(1.267324685 1.41514023 1)
(0 1.705045314 1)
(0.1683861192 1.704737495 1)
(0.3367244663 1.703826757 1)
(0.5049679871 1.702318692 1)
(0.6730702093 1.700222556 1)
(0.8409855281 1.697551217 1)
(1.008669486 1.694321072 1)
(1.176079046 1.690551948 1)
(1.343172854 1.686266981 1)
(1.509911496 1.681492475 1)
(0 2 1)
(0.2 2 1)
(0.4 2 1)
(0.6 2 1)
(0.8 2 1)
(1 2 1)
(1.2 2 1)
(1.4 2 1)
(1.6 2 1)
(1.8 2 1)
)


// ************************************************************************* //
