/*--------------------------------*- C++ -*----------------------------------*\
| =========                 |                                                 |
| \\      /  F ield         | foam-extend: Open Source CFD                    |
|  \\    /   O peration     | Version:     4.0                                |
|   \\  /    A nd           | Web:         http://www.foam-extend.org         |
|    \\/     M anipulation  |                                                 |
\*---------------------------------------------------------------------------*/
FoamFile
{
    version     2.0;
    format      ascii;
    class       vectorField;
    location    "constant/polyMesh";
    object      points;
}
// * * * * * * * * * * * * * * * * * * * * * * * * * * * * * * * * * * * * * //


216
(
(-0.064845 0 -0.061)
(-0.038907 0 -0.061)
(-0.012969 0 -0.061)
(0.012969 0 -0.061)
(0.038907 0 -0.061)
(0.064845 0 -0.061)
(-0.064845 0.006846 -0.061)
(-0.038907 0.006846 -0.061)
(-0.012969 0.006846 -0.061)
(0.012969 0.006846 -0.061)
(0.038907 0.006846 -0.061)
(0.064845 0.006846 -0.061)
(-0.064845 0.013692 -0.061)
(-0.038907 0.013692 -0.061)
(-0.012969 0.013692 -0.061)
(0.012969 0.013692 -0.061)
(0.038907 0.013692 -0.061)
(0.064845 0.013692 -0.061)
(-0.064845 0.020538 -0.061)
(-0.038907 0.020538 -0.061)
(-0.012969 0.020538 -0.061)
(0.012969 0.020538 -0.061)
(0.038907 0.020538 -0.061)
(0.064845 0.020538 -0.061)
(-0.064845 0.027384 -0.061)
(-0.038907 0.027384 -0.061)
(-0.012969 0.027384 -0.061)
(0.012969 0.027384 -0.061)
(0.038907 0.027384 -0.061)
(0.064845 0.027384 -0.061)
(-0.064845 0.03423 -0.061)
(-0.038907 0.03423 -0.061)
(-0.012969 0.03423 -0.061)
(0.012969 0.03423 -0.061)
(0.038907 0.03423 -0.061)
(0.064845 0.03423 -0.061)
(-0.064845 0 -0.0366)
(-0.038907 0 -0.0366)
(-0.012969 0 -0.0366)
(0.012969 0 -0.0366)
(0.038907 0 -0.0366)
(0.064845 0 -0.0366)
(-0.064845 0.006846 -0.0366)
(-0.038907 0.006846 -0.0366)
(-0.012969 0.006846 -0.0366)
(0.012969 0.006846 -0.0366)
(0.038907 0.006846 -0.0366)
(0.064845 0.006846 -0.0366)
(-0.064845 0.013692 -0.0366)
(-0.038907 0.013692 -0.0366)
(-0.012969 0.013692 -0.0366)
(0.012969 0.013692 -0.0366)
(0.038907 0.013692 -0.0366)
(0.064845 0.013692 -0.0366)
(-0.064845 0.020538 -0.0366)
(-0.038907 0.020538 -0.0366)
(-0.012969 0.020538 -0.0366)
(0.012969 0.020538 -0.0366)
(0.038907 0.020538 -0.0366)
(0.064845 0.020538 -0.0366)
(-0.064845 0.027384 -0.0366)
(-0.038907 0.027384 -0.0366)
(-0.012969 0.027384 -0.0366)
(0.012969 0.027384 -0.0366)
(0.038907 0.027384 -0.0366)
(0.064845 0.027384 -0.0366)
(-0.064845 0.03423 -0.0366)
(-0.038907 0.03423 -0.0366)
(-0.012969 0.03423 -0.0366)
(0.012969 0.03423 -0.0366)
(0.038907 0.03423 -0.0366)
(0.064845 0.03423 -0.0366)
(-0.064845 0 -0.0122)
(-0.038907 0 -0.0122)
(-0.012969 0 -0.0122)
(0.012969 0 -0.0122)
(0.038907 0 -0.0122)
(0.064845 0 -0.0122)
(-0.064845 0.006846 -0.0122)
(-0.038907 0.006846 -0.0122)
(-0.012969 0.006846 -0.0122)
(0.012969 0.006846 -0.0122)
(0.038907 0.006846 -0.0122)
(0.064845 0.006846 -0.0122)
(-0.064845 0.013692 -0.0122)
(-0.038907 0.013692 -0.0122)
(-0.012969 0.013692 -0.0122)
(0.012969 0.013692 -0.0122)
(0.038907 0.013692 -0.0122)
(0.064845 0.013692 -0.0122)
(-0.064845 0.020538 -0.0122)
(-0.038907 0.020538 -0.0122)
(-0.012969 0.020538 -0.0122)
(0.012969 0.020538 -0.0122)
(0.038907 0.020538 -0.0122)
(0.064845 0.020538 -0.0122)
(-0.064845 0.027384 -0.0122)
(-0.038907 0.027384 -0.0122)
(-0.012969 0.027384 -0.0122)
(0.012969 0.027384 -0.0122)
(0.038907 0.027384 -0.0122)
(0.064845 0.027384 -0.0122)
(-0.064845 0.03423 -0.0122)
(-0.038907 0.03423 -0.0122)
(-0.012969 0.03423 -0.0122)
(0.012969 0.03423 -0.0122)
(0.038907 0.03423 -0.0122)
(0.064845 0.03423 -0.0122)
(-0.064845 0 0.0122)
(-0.038907 0 0.0122)
(-0.012969 0 0.0122)
(0.012969 0 0.0122)
(0.038907 0 0.0122)
(0.064845 0 0.0122)
(-0.064845 0.006846 0.0122)
(-0.038907 0.006846 0.0122)
(-0.012969 0.006846 0.0122)
(0.012969 0.006846 0.0122)
(0.038907 0.006846 0.0122)
(0.064845 0.006846 0.0122)
(-0.064845 0.013692 0.0122)
(-0.038907 0.013692 0.0122)
(-0.012969 0.013692 0.0122)
(0.012969 0.013692 0.0122)
(0.038907 0.013692 0.0122)
(0.064845 0.013692 0.0122)
(-0.064845 0.020538 0.0122)
(-0.038907 0.020538 0.0122)
(-0.012969 0.020538 0.0122)
(0.012969 0.020538 0.0122)
(0.038907 0.020538 0.0122)
(0.064845 0.020538 0.0122)
(-0.064845 0.027384 0.0122)
(-0.038907 0.027384 0.0122)
(-0.012969 0.027384 0.0122)
(0.012969 0.027384 0.0122)
(0.038907 0.027384 0.0122)
(0.064845 0.027384 0.0122)
(-0.064845 0.03423 0.0122)
(-0.038907 0.03423 0.0122)
(-0.012969 0.03423 0.0122)
(0.012969 0.03423 0.0122)
(0.038907 0.03423 0.0122)
(0.064845 0.03423 0.0122)
(-0.064845 0 0.0366)
(-0.038907 0 0.0366)
(-0.012969 0 0.0366)
(0.012969 0 0.0366)
(0.038907 0 0.0366)
(0.064845 0 0.0366)
(-0.064845 0.006846 0.0366)
(-0.038907 0.006846 0.0366)
(-0.012969 0.006846 0.0366)
(0.012969 0.006846 0.0366)
(0.038907 0.006846 0.0366)
(0.064845 0.006846 0.0366)
(-0.064845 0.013692 0.0366)
(-0.038907 0.013692 0.0366)
(-0.012969 0.013692 0.0366)
(0.012969 0.013692 0.0366)
(0.038907 0.013692 0.0366)
(0.064845 0.013692 0.0366)
(-0.064845 0.020538 0.0366)
(-0.038907 0.020538 0.0366)
(-0.012969 0.020538 0.0366)
(0.012969 0.020538 0.0366)
(0.038907 0.020538 0.0366)
(0.064845 0.020538 0.0366)
(-0.064845 0.027384 0.0366)
(-0.038907 0.027384 0.0366)
(-0.012969 0.027384 0.0366)
(0.012969 0.027384 0.0366)
(0.038907 0.027384 0.0366)
(0.064845 0.027384 0.0366)
(-0.064845 0.03423 0.0366)
(-0.038907 0.03423 0.0366)
(-0.012969 0.03423 0.0366)
(0.012969 0.03423 0.0366)
(0.038907 0.03423 0.0366)
(0.064845 0.03423 0.0366)
(-0.064845 0 0.061)
(-0.038907 0 0.061)
(-0.012969 0 0.061)
(0.012969 0 0.061)
(0.038907 0 0.061)
(0.064845 0 0.061)
(-0.064845 0.006846 0.061)
(-0.038907 0.006846 0.061)
(-0.012969 0.006846 0.061)
(0.012969 0.006846 0.061)
(0.038907 0.006846 0.061)
(0.064845 0.006846 0.061)
(-0.064845 0.013692 0.061)
(-0.038907 0.013692 0.061)
(-0.012969 0.013692 0.061)
(0.012969 0.013692 0.061)
(0.038907 0.013692 0.061)
(0.064845 0.013692 0.061)
(-0.064845 0.020538 0.061)
(-0.038907 0.020538 0.061)
(-0.012969 0.020538 0.061)
(0.012969 0.020538 0.061)
(0.038907 0.020538 0.061)
(0.064845 0.020538 0.061)
(-0.064845 0.027384 0.061)
(-0.038907 0.027384 0.061)
(-0.012969 0.027384 0.061)
(0.012969 0.027384 0.061)
(0.038907 0.027384 0.061)
(0.064845 0.027384 0.061)
(-0.064845 0.03423 0.061)
(-0.038907 0.03423 0.061)
(-0.012969 0.03423 0.061)
(0.012969 0.03423 0.061)
(0.038907 0.03423 0.061)
(0.064845 0.03423 0.061)
)


// ************************************************************************* //
