/*--------------------------------*- C++ -*----------------------------------*\
| =========                 |                                                 |
| \\      /  F ield         | foam-extend: Open Source CFD                    |
|  \\    /   O peration     | Version:     4.0                                |
|   \\  /    A nd           | Web:         http://www.foam-extend.org         |
|    \\/     M anipulation  |                                                 |
\*---------------------------------------------------------------------------*/
FoamFile
{
    version     2.0;
    format      ascii;
    class       faceList;
    location    "constant/polyMesh";
    object      faces;
}
// * * * * * * * * * * * * * * * * * * * * * * * * * * * * * * * * * * * * * //


1190
(
4(1 19 343 325)
4(18 342 343 19)
4(2 20 344 326)
4(19 343 344 20)
4(3 21 345 327)
4(20 344 345 21)
4(4 22 346 328)
4(21 345 346 22)
4(5 23 347 329)
4(22 346 347 23)
4(6 24 348 330)
4(23 347 348 24)
4(7 25 349 331)
4(24 348 349 25)
4(8 26 350 332)
4(25 349 350 26)
4(9 27 351 333)
4(26 350 351 27)
4(10 28 352 334)
4(27 351 352 28)
4(11 29 353 335)
4(28 352 353 29)
4(12 30 354 336)
4(29 353 354 30)
4(13 31 355 337)
4(30 354 355 31)
4(14 32 356 338)
4(31 355 356 32)
4(15 33 357 339)
4(32 356 357 33)
4(16 34 358 340)
4(33 357 358 34)
4(34 358 359 35)
4(19 37 361 343)
4(36 360 361 37)
4(20 38 362 344)
4(37 361 362 38)
4(21 39 363 345)
4(38 362 363 39)
4(22 40 364 346)
4(39 363 364 40)
4(23 41 365 347)
4(40 364 365 41)
4(24 42 366 348)
4(41 365 366 42)
4(25 43 367 349)
4(42 366 367 43)
4(26 44 368 350)
4(43 367 368 44)
4(27 45 369 351)
4(44 368 369 45)
4(28 46 370 352)
4(45 369 370 46)
4(29 47 371 353)
4(46 370 371 47)
4(30 48 372 354)
4(47 371 372 48)
4(31 49 373 355)
4(48 372 373 49)
4(32 50 374 356)
4(49 373 374 50)
4(33 51 375 357)
4(50 374 375 51)
4(34 52 376 358)
4(51 375 376 52)
4(52 376 377 53)
4(37 55 379 361)
4(54 378 379 55)
4(38 56 380 362)
4(55 379 380 56)
4(39 57 381 363)
4(56 380 381 57)
4(40 58 382 364)
4(57 381 382 58)
4(41 59 383 365)
4(58 382 383 59)
4(42 60 384 366)
4(59 383 384 60)
4(43 61 385 367)
4(60 384 385 61)
4(44 62 386 368)
4(61 385 386 62)
4(45 63 387 369)
4(62 386 387 63)
4(46 64 388 370)
4(63 387 388 64)
4(47 65 389 371)
4(64 388 389 65)
4(48 66 390 372)
4(65 389 390 66)
4(49 67 391 373)
4(66 390 391 67)
4(50 68 392 374)
4(67 391 392 68)
4(51 69 393 375)
4(68 392 393 69)
4(52 70 394 376)
4(69 393 394 70)
4(70 394 395 71)
4(55 73 397 379)
4(72 396 397 73)
4(56 74 398 380)
4(73 397 398 74)
4(57 75 399 381)
4(74 398 399 75)
4(58 76 400 382)
4(75 399 400 76)
4(59 77 401 383)
4(76 400 401 77)
4(60 78 402 384)
4(77 401 402 78)
4(61 79 403 385)
4(78 402 403 79)
4(62 80 404 386)
4(79 403 404 80)
4(63 81 405 387)
4(80 404 405 81)
4(64 82 406 388)
4(81 405 406 82)
4(65 83 407 389)
4(82 406 407 83)
4(66 84 408 390)
4(83 407 408 84)
4(67 85 409 391)
4(84 408 409 85)
4(68 86 410 392)
4(85 409 410 86)
4(69 87 411 393)
4(86 410 411 87)
4(70 88 412 394)
4(87 411 412 88)
4(88 412 413 89)
4(73 91 415 397)
4(90 414 415 91)
4(74 92 416 398)
4(91 415 416 92)
4(75 93 417 399)
4(92 416 417 93)
4(76 94 418 400)
4(93 417 418 94)
4(77 95 419 401)
4(94 418 419 95)
4(78 96 420 402)
4(95 419 420 96)
4(79 97 421 403)
4(96 420 421 97)
4(80 98 422 404)
4(97 421 422 98)
4(81 99 423 405)
4(98 422 423 99)
4(82 100 424 406)
4(99 423 424 100)
4(83 101 425 407)
4(100 424 425 101)
4(84 102 426 408)
4(101 425 426 102)
4(85 103 427 409)
4(102 426 427 103)
4(86 104 428 410)
4(103 427 428 104)
4(87 105 429 411)
4(104 428 429 105)
4(88 106 430 412)
4(105 429 430 106)
4(106 430 431 107)
4(91 109 433 415)
4(108 432 433 109)
4(92 110 434 416)
4(109 433 434 110)
4(93 111 435 417)
4(110 434 435 111)
4(94 112 436 418)
4(111 435 436 112)
4(95 113 437 419)
4(112 436 437 113)
4(96 114 438 420)
4(113 437 438 114)
4(97 115 439 421)
4(114 438 439 115)
4(98 116 440 422)
4(115 439 440 116)
4(99 117 441 423)
4(116 440 441 117)
4(100 118 442 424)
4(117 441 442 118)
4(101 119 443 425)
4(118 442 443 119)
4(102 120 444 426)
4(119 443 444 120)
4(103 121 445 427)
4(120 444 445 121)
4(104 122 446 428)
4(121 445 446 122)
4(105 123 447 429)
4(122 446 447 123)
4(106 124 448 430)
4(123 447 448 124)
4(124 448 449 125)
4(109 127 451 433)
4(126 450 451 127)
4(110 128 452 434)
4(127 451 452 128)
4(111 129 453 435)
4(128 452 453 129)
4(112 130 454 436)
4(129 453 454 130)
4(113 131 455 437)
4(130 454 455 131)
4(114 132 456 438)
4(131 455 456 132)
4(115 133 457 439)
4(132 456 457 133)
4(116 134 458 440)
4(133 457 458 134)
4(117 135 459 441)
4(134 458 459 135)
4(118 136 460 442)
4(135 459 460 136)
4(119 137 461 443)
4(136 460 461 137)
4(120 138 462 444)
4(137 461 462 138)
4(121 139 463 445)
4(138 462 463 139)
4(122 140 464 446)
4(139 463 464 140)
4(123 141 465 447)
4(140 464 465 141)
4(124 142 466 448)
4(141 465 466 142)
4(142 466 467 143)
4(127 145 469 451)
4(144 468 469 145)
4(128 146 470 452)
4(145 469 470 146)
4(129 147 471 453)
4(146 470 471 147)
4(130 148 472 454)
4(147 471 472 148)
4(131 149 473 455)
4(148 472 473 149)
4(132 150 474 456)
4(149 473 474 150)
4(133 151 475 457)
4(150 474 475 151)
4(134 152 476 458)
4(151 475 476 152)
4(135 153 477 459)
4(152 476 477 153)
4(136 154 478 460)
4(153 477 478 154)
4(137 155 479 461)
4(154 478 479 155)
4(138 156 480 462)
4(155 479 480 156)
4(139 157 481 463)
4(156 480 481 157)
4(140 158 482 464)
4(157 481 482 158)
4(141 159 483 465)
4(158 482 483 159)
4(142 160 484 466)
4(159 483 484 160)
4(160 484 485 161)
4(145 163 487 469)
4(162 486 487 163)
4(146 164 488 470)
4(163 487 488 164)
4(147 165 489 471)
4(164 488 489 165)
4(148 166 490 472)
4(165 489 490 166)
4(149 167 491 473)
4(166 490 491 167)
4(150 168 492 474)
4(167 491 492 168)
4(151 169 493 475)
4(168 492 493 169)
4(152 170 494 476)
4(169 493 494 170)
4(153 171 495 477)
4(170 494 495 171)
4(154 172 496 478)
4(171 495 496 172)
4(155 173 497 479)
4(172 496 497 173)
4(156 174 498 480)
4(173 497 498 174)
4(157 175 499 481)
4(174 498 499 175)
4(158 176 500 482)
4(175 499 500 176)
4(159 177 501 483)
4(176 500 501 177)
4(160 178 502 484)
4(177 501 502 178)
4(178 502 503 179)
4(163 181 505 487)
4(180 504 505 181)
4(164 182 506 488)
4(181 505 506 182)
4(165 183 507 489)
4(182 506 507 183)
4(166 184 508 490)
4(183 507 508 184)
4(167 185 509 491)
4(184 508 509 185)
4(168 186 510 492)
4(185 509 510 186)
4(169 187 511 493)
4(186 510 511 187)
4(170 188 512 494)
4(187 511 512 188)
4(171 189 513 495)
4(188 512 513 189)
4(172 190 514 496)
4(189 513 514 190)
4(173 191 515 497)
4(190 514 515 191)
4(174 192 516 498)
4(191 515 516 192)
4(175 193 517 499)
4(192 516 517 193)
4(176 194 518 500)
4(193 517 518 194)
4(177 195 519 501)
4(194 518 519 195)
4(178 196 520 502)
4(195 519 520 196)
4(196 520 521 197)
4(181 199 523 505)
4(198 522 523 199)
4(182 200 524 506)
4(199 523 524 200)
4(183 201 525 507)
4(200 524 525 201)
4(184 202 526 508)
4(201 525 526 202)
4(185 203 527 509)
4(202 526 527 203)
4(186 204 528 510)
4(203 527 528 204)
4(187 205 529 511)
4(204 528 529 205)
4(188 206 530 512)
4(205 529 530 206)
4(189 207 531 513)
4(206 530 531 207)
4(190 208 532 514)
4(207 531 532 208)
4(191 209 533 515)
4(208 532 533 209)
4(192 210 534 516)
4(209 533 534 210)
4(193 211 535 517)
4(210 534 535 211)
4(194 212 536 518)
4(211 535 536 212)
4(195 213 537 519)
4(212 536 537 213)
4(196 214 538 520)
4(213 537 538 214)
4(214 538 539 215)
4(199 217 541 523)
4(216 540 541 217)
4(200 218 542 524)
4(217 541 542 218)
4(201 219 543 525)
4(218 542 543 219)
4(202 220 544 526)
4(219 543 544 220)
4(203 221 545 527)
4(220 544 545 221)
4(204 222 546 528)
4(221 545 546 222)
4(205 223 547 529)
4(222 546 547 223)
4(206 224 548 530)
4(223 547 548 224)
4(207 225 549 531)
4(224 548 549 225)
4(208 226 550 532)
4(225 549 550 226)
4(209 227 551 533)
4(226 550 551 227)
4(210 228 552 534)
4(227 551 552 228)
4(211 229 553 535)
4(228 552 553 229)
4(212 230 554 536)
4(229 553 554 230)
4(213 231 555 537)
4(230 554 555 231)
4(214 232 556 538)
4(231 555 556 232)
4(232 556 557 233)
4(217 235 559 541)
4(234 558 559 235)
4(218 236 560 542)
4(235 559 560 236)
4(219 237 561 543)
4(236 560 561 237)
4(220 238 562 544)
4(237 561 562 238)
4(221 239 563 545)
4(238 562 563 239)
4(222 240 564 546)
4(239 563 564 240)
4(223 241 565 547)
4(240 564 565 241)
4(224 242 566 548)
4(241 565 566 242)
4(225 243 567 549)
4(242 566 567 243)
4(226 244 568 550)
4(243 567 568 244)
4(227 245 569 551)
4(244 568 569 245)
4(228 246 570 552)
4(245 569 570 246)
4(229 247 571 553)
4(246 570 571 247)
4(230 248 572 554)
4(247 571 572 248)
4(231 249 573 555)
4(248 572 573 249)
4(232 250 574 556)
4(249 573 574 250)
4(250 574 575 251)
4(235 253 577 559)
4(252 576 577 253)
4(236 254 578 560)
4(253 577 578 254)
4(237 255 579 561)
4(254 578 579 255)
4(238 256 580 562)
4(255 579 580 256)
4(239 257 581 563)
4(256 580 581 257)
4(240 258 582 564)
4(257 581 582 258)
4(241 259 583 565)
4(258 582 583 259)
4(242 260 584 566)
4(259 583 584 260)
4(243 261 585 567)
4(260 584 585 261)
4(244 262 586 568)
4(261 585 586 262)
4(245 263 587 569)
4(262 586 587 263)
4(246 264 588 570)
4(263 587 588 264)
4(247 265 589 571)
4(264 588 589 265)
4(248 266 590 572)
4(265 589 590 266)
4(249 267 591 573)
4(266 590 591 267)
4(250 268 592 574)
4(267 591 592 268)
4(268 592 593 269)
4(253 271 595 577)
4(270 594 595 271)
4(254 272 596 578)
4(271 595 596 272)
4(255 273 597 579)
4(272 596 597 273)
4(256 274 598 580)
4(273 597 598 274)
4(257 275 599 581)
4(274 598 599 275)
4(258 276 600 582)
4(275 599 600 276)
4(259 277 601 583)
4(276 600 601 277)
4(260 278 602 584)
4(277 601 602 278)
4(261 279 603 585)
4(278 602 603 279)
4(262 280 604 586)
4(279 603 604 280)
4(263 281 605 587)
4(280 604 605 281)
4(264 282 606 588)
4(281 605 606 282)
4(265 283 607 589)
4(282 606 607 283)
4(266 284 608 590)
4(283 607 608 284)
4(267 285 609 591)
4(284 608 609 285)
4(268 286 610 592)
4(285 609 610 286)
4(286 610 611 287)
4(271 289 613 595)
4(288 612 613 289)
4(272 290 614 596)
4(289 613 614 290)
4(273 291 615 597)
4(290 614 615 291)
4(274 292 616 598)
4(291 615 616 292)
4(275 293 617 599)
4(292 616 617 293)
4(276 294 618 600)
4(293 617 618 294)
4(277 295 619 601)
4(294 618 619 295)
4(278 296 620 602)
4(295 619 620 296)
4(279 297 621 603)
4(296 620 621 297)
4(280 298 622 604)
4(297 621 622 298)
4(281 299 623 605)
4(298 622 623 299)
4(282 300 624 606)
4(299 623 624 300)
4(283 301 625 607)
4(300 624 625 301)
4(284 302 626 608)
4(301 625 626 302)
4(285 303 627 609)
4(302 626 627 303)
4(286 304 628 610)
4(303 627 628 304)
4(304 628 629 305)
4(289 307 631 613)
4(290 308 632 614)
4(291 309 633 615)
4(292 310 634 616)
4(293 311 635 617)
4(294 312 636 618)
4(295 313 637 619)
4(296 314 638 620)
4(297 315 639 621)
4(298 316 640 622)
4(299 317 641 623)
4(300 318 642 624)
4(301 319 643 625)
4(302 320 644 626)
4(303 321 645 627)
4(304 322 646 628)
4(306 630 631 307)
4(307 631 632 308)
4(308 632 633 309)
4(309 633 634 310)
4(310 634 635 311)
4(311 635 636 312)
4(312 636 637 313)
4(313 637 638 314)
4(314 638 639 315)
4(315 639 640 316)
4(316 640 641 317)
4(317 641 642 318)
4(318 642 643 319)
4(319 643 644 320)
4(320 644 645 321)
4(321 645 646 322)
4(322 646 647 323)
4(0 324 342 18)
4(18 342 360 36)
4(36 360 378 54)
4(54 378 396 72)
4(72 396 414 90)
4(90 414 432 108)
4(108 432 450 126)
4(126 450 468 144)
4(144 468 486 162)
4(162 486 504 180)
4(180 504 522 198)
4(198 522 540 216)
4(216 540 558 234)
4(234 558 576 252)
4(252 576 594 270)
4(270 594 612 288)
4(288 612 630 306)
4(17 35 359 341)
4(35 53 377 359)
4(53 71 395 377)
4(71 89 413 395)
4(89 107 431 413)
4(107 125 449 431)
4(125 143 467 449)
4(143 161 485 467)
4(161 179 503 485)
4(179 197 521 503)
4(197 215 539 521)
4(215 233 557 539)
4(233 251 575 557)
4(251 269 593 575)
4(269 287 611 593)
4(287 305 629 611)
4(305 323 647 629)
4(0 1 325 324)
4(1 2 326 325)
4(2 3 327 326)
4(3 4 328 327)
4(4 5 329 328)
4(5 6 330 329)
4(6 7 331 330)
4(7 8 332 331)
4(8 9 333 332)
4(9 10 334 333)
4(10 11 335 334)
4(11 12 336 335)
4(12 13 337 336)
4(13 14 338 337)
4(14 15 339 338)
4(15 16 340 339)
4(16 17 341 340)
4(0 18 19 1)
4(18 36 37 19)
4(36 54 55 37)
4(54 72 73 55)
4(72 90 91 73)
4(90 108 109 91)
4(108 126 127 109)
4(126 144 145 127)
4(144 162 163 145)
4(162 180 181 163)
4(180 198 199 181)
4(198 216 217 199)
4(216 234 235 217)
4(234 252 253 235)
4(252 270 271 253)
4(270 288 289 271)
4(288 306 307 289)
4(1 19 20 2)
4(19 37 38 20)
4(37 55 56 38)
4(55 73 74 56)
4(73 91 92 74)
4(91 109 110 92)
4(109 127 128 110)
4(127 145 146 128)
4(145 163 164 146)
4(163 181 182 164)
4(181 199 200 182)
4(199 217 218 200)
4(217 235 236 218)
4(235 253 254 236)
4(253 271 272 254)
4(271 289 290 272)
4(289 307 308 290)
4(2 20 21 3)
4(20 38 39 21)
4(38 56 57 39)
4(56 74 75 57)
4(74 92 93 75)
4(92 110 111 93)
4(110 128 129 111)
4(128 146 147 129)
4(146 164 165 147)
4(164 182 183 165)
4(182 200 201 183)
4(200 218 219 201)
4(218 236 237 219)
4(236 254 255 237)
4(254 272 273 255)
4(272 290 291 273)
4(290 308 309 291)
4(3 21 22 4)
4(21 39 40 22)
4(39 57 58 40)
4(57 75 76 58)
4(75 93 94 76)
4(93 111 112 94)
4(111 129 130 112)
4(129 147 148 130)
4(147 165 166 148)
4(165 183 184 166)
4(183 201 202 184)
4(201 219 220 202)
4(219 237 238 220)
4(237 255 256 238)
4(255 273 274 256)
4(273 291 292 274)
4(291 309 310 292)
4(4 22 23 5)
4(22 40 41 23)
4(40 58 59 41)
4(58 76 77 59)
4(76 94 95 77)
4(94 112 113 95)
4(112 130 131 113)
4(130 148 149 131)
4(148 166 167 149)
4(166 184 185 167)
4(184 202 203 185)
4(202 220 221 203)
4(220 238 239 221)
4(238 256 257 239)
4(256 274 275 257)
4(274 292 293 275)
4(292 310 311 293)
4(5 23 24 6)
4(23 41 42 24)
4(41 59 60 42)
4(59 77 78 60)
4(77 95 96 78)
4(95 113 114 96)
4(113 131 132 114)
4(131 149 150 132)
4(149 167 168 150)
4(167 185 186 168)
4(185 203 204 186)
4(203 221 222 204)
4(221 239 240 222)
4(239 257 258 240)
4(257 275 276 258)
4(275 293 294 276)
4(293 311 312 294)
4(6 24 25 7)
4(24 42 43 25)
4(42 60 61 43)
4(60 78 79 61)
4(78 96 97 79)
4(96 114 115 97)
4(114 132 133 115)
4(132 150 151 133)
4(150 168 169 151)
4(168 186 187 169)
4(186 204 205 187)
4(204 222 223 205)
4(222 240 241 223)
4(240 258 259 241)
4(258 276 277 259)
4(276 294 295 277)
4(294 312 313 295)
4(7 25 26 8)
4(25 43 44 26)
4(43 61 62 44)
4(61 79 80 62)
4(79 97 98 80)
4(97 115 116 98)
4(115 133 134 116)
4(133 151 152 134)
4(151 169 170 152)
4(169 187 188 170)
4(187 205 206 188)
4(205 223 224 206)
4(223 241 242 224)
4(241 259 260 242)
4(259 277 278 260)
4(277 295 296 278)
4(295 313 314 296)
4(8 26 27 9)
4(26 44 45 27)
4(44 62 63 45)
4(62 80 81 63)
4(80 98 99 81)
4(98 116 117 99)
4(116 134 135 117)
4(134 152 153 135)
4(152 170 171 153)
4(170 188 189 171)
4(188 206 207 189)
4(206 224 225 207)
4(224 242 243 225)
4(242 260 261 243)
4(260 278 279 261)
4(278 296 297 279)
4(296 314 315 297)
4(9 27 28 10)
4(27 45 46 28)
4(45 63 64 46)
4(63 81 82 64)
4(81 99 100 82)
4(99 117 118 100)
4(117 135 136 118)
4(135 153 154 136)
4(153 171 172 154)
4(171 189 190 172)
4(189 207 208 190)
4(207 225 226 208)
4(225 243 244 226)
4(243 261 262 244)
4(261 279 280 262)
4(279 297 298 280)
4(297 315 316 298)
4(10 28 29 11)
4(28 46 47 29)
4(46 64 65 47)
4(64 82 83 65)
4(82 100 101 83)
4(100 118 119 101)
4(118 136 137 119)
4(136 154 155 137)
4(154 172 173 155)
4(172 190 191 173)
4(190 208 209 191)
4(208 226 227 209)
4(226 244 245 227)
4(244 262 263 245)
4(262 280 281 263)
4(280 298 299 281)
4(298 316 317 299)
4(11 29 30 12)
4(29 47 48 30)
4(47 65 66 48)
4(65 83 84 66)
4(83 101 102 84)
4(101 119 120 102)
4(119 137 138 120)
4(137 155 156 138)
4(155 173 174 156)
4(173 191 192 174)
4(191 209 210 192)
4(209 227 228 210)
4(227 245 246 228)
4(245 263 264 246)
4(263 281 282 264)
4(281 299 300 282)
4(299 317 318 300)
4(12 30 31 13)
4(30 48 49 31)
4(48 66 67 49)
4(66 84 85 67)
4(84 102 103 85)
4(102 120 121 103)
4(120 138 139 121)
4(138 156 157 139)
4(156 174 175 157)
4(174 192 193 175)
4(192 210 211 193)
4(210 228 229 211)
4(228 246 247 229)
4(246 264 265 247)
4(264 282 283 265)
4(282 300 301 283)
4(300 318 319 301)
4(13 31 32 14)
4(31 49 50 32)
4(49 67 68 50)
4(67 85 86 68)
4(85 103 104 86)
4(103 121 122 104)
4(121 139 140 122)
4(139 157 158 140)
4(157 175 176 158)
4(175 193 194 176)
4(193 211 212 194)
4(211 229 230 212)
4(229 247 248 230)
4(247 265 266 248)
4(265 283 284 266)
4(283 301 302 284)
4(301 319 320 302)
4(14 32 33 15)
4(32 50 51 33)
4(50 68 69 51)
4(68 86 87 69)
4(86 104 105 87)
4(104 122 123 105)
4(122 140 141 123)
4(140 158 159 141)
4(158 176 177 159)
4(176 194 195 177)
4(194 212 213 195)
4(212 230 231 213)
4(230 248 249 231)
4(248 266 267 249)
4(266 284 285 267)
4(284 302 303 285)
4(302 320 321 303)
4(15 33 34 16)
4(33 51 52 34)
4(51 69 70 52)
4(69 87 88 70)
4(87 105 106 88)
4(105 123 124 106)
4(123 141 142 124)
4(141 159 160 142)
4(159 177 178 160)
4(177 195 196 178)
4(195 213 214 196)
4(213 231 232 214)
4(231 249 250 232)
4(249 267 268 250)
4(267 285 286 268)
4(285 303 304 286)
4(303 321 322 304)
4(16 34 35 17)
4(34 52 53 35)
4(52 70 71 53)
4(70 88 89 71)
4(88 106 107 89)
4(106 124 125 107)
4(124 142 143 125)
4(142 160 161 143)
4(160 178 179 161)
4(178 196 197 179)
4(196 214 215 197)
4(214 232 233 215)
4(232 250 251 233)
4(250 268 269 251)
4(268 286 287 269)
4(286 304 305 287)
4(304 322 323 305)
4(324 325 343 342)
4(342 343 361 360)
4(360 361 379 378)
4(378 379 397 396)
4(396 397 415 414)
4(414 415 433 432)
4(432 433 451 450)
4(450 451 469 468)
4(468 469 487 486)
4(486 487 505 504)
4(504 505 523 522)
4(522 523 541 540)
4(540 541 559 558)
4(558 559 577 576)
4(576 577 595 594)
4(594 595 613 612)
4(612 613 631 630)
4(325 326 344 343)
4(343 344 362 361)
4(361 362 380 379)
4(379 380 398 397)
4(397 398 416 415)
4(415 416 434 433)
4(433 434 452 451)
4(451 452 470 469)
4(469 470 488 487)
4(487 488 506 505)
4(505 506 524 523)
4(523 524 542 541)
4(541 542 560 559)
4(559 560 578 577)
4(577 578 596 595)
4(595 596 614 613)
4(613 614 632 631)
4(326 327 345 344)
4(344 345 363 362)
4(362 363 381 380)
4(380 381 399 398)
4(398 399 417 416)
4(416 417 435 434)
4(434 435 453 452)
4(452 453 471 470)
4(470 471 489 488)
4(488 489 507 506)
4(506 507 525 524)
4(524 525 543 542)
4(542 543 561 560)
4(560 561 579 578)
4(578 579 597 596)
4(596 597 615 614)
4(614 615 633 632)
4(327 328 346 345)
4(345 346 364 363)
4(363 364 382 381)
4(381 382 400 399)
4(399 400 418 417)
4(417 418 436 435)
4(435 436 454 453)
4(453 454 472 471)
4(471 472 490 489)
4(489 490 508 507)
4(507 508 526 525)
4(525 526 544 543)
4(543 544 562 561)
4(561 562 580 579)
4(579 580 598 597)
4(597 598 616 615)
4(615 616 634 633)
4(328 329 347 346)
4(346 347 365 364)
4(364 365 383 382)
4(382 383 401 400)
4(400 401 419 418)
4(418 419 437 436)
4(436 437 455 454)
4(454 455 473 472)
4(472 473 491 490)
4(490 491 509 508)
4(508 509 527 526)
4(526 527 545 544)
4(544 545 563 562)
4(562 563 581 580)
4(580 581 599 598)
4(598 599 617 616)
4(616 617 635 634)
4(329 330 348 347)
4(347 348 366 365)
4(365 366 384 383)
4(383 384 402 401)
4(401 402 420 419)
4(419 420 438 437)
4(437 438 456 455)
4(455 456 474 473)
4(473 474 492 491)
4(491 492 510 509)
4(509 510 528 527)
4(527 528 546 545)
4(545 546 564 563)
4(563 564 582 581)
4(581 582 600 599)
4(599 600 618 617)
4(617 618 636 635)
4(330 331 349 348)
4(348 349 367 366)
4(366 367 385 384)
4(384 385 403 402)
4(402 403 421 420)
4(420 421 439 438)
4(438 439 457 456)
4(456 457 475 474)
4(474 475 493 492)
4(492 493 511 510)
4(510 511 529 528)
4(528 529 547 546)
4(546 547 565 564)
4(564 565 583 582)
4(582 583 601 600)
4(600 601 619 618)
4(618 619 637 636)
4(331 332 350 349)
4(349 350 368 367)
4(367 368 386 385)
4(385 386 404 403)
4(403 404 422 421)
4(421 422 440 439)
4(439 440 458 457)
4(457 458 476 475)
4(475 476 494 493)
4(493 494 512 511)
4(511 512 530 529)
4(529 530 548 547)
4(547 548 566 565)
4(565 566 584 583)
4(583 584 602 601)
4(601 602 620 619)
4(619 620 638 637)
4(332 333 351 350)
4(350 351 369 368)
4(368 369 387 386)
4(386 387 405 404)
4(404 405 423 422)
4(422 423 441 440)
4(440 441 459 458)
4(458 459 477 476)
4(476 477 495 494)
4(494 495 513 512)
4(512 513 531 530)
4(530 531 549 548)
4(548 549 567 566)
4(566 567 585 584)
4(584 585 603 602)
4(602 603 621 620)
4(620 621 639 638)
4(333 334 352 351)
4(351 352 370 369)
4(369 370 388 387)
4(387 388 406 405)
4(405 406 424 423)
4(423 424 442 441)
4(441 442 460 459)
4(459 460 478 477)
4(477 478 496 495)
4(495 496 514 513)
4(513 514 532 531)
4(531 532 550 549)
4(549 550 568 567)
4(567 568 586 585)
4(585 586 604 603)
4(603 604 622 621)
4(621 622 640 639)
4(334 335 353 352)
4(352 353 371 370)
4(370 371 389 388)
4(388 389 407 406)
4(406 407 425 424)
4(424 425 443 442)
4(442 443 461 460)
4(460 461 479 478)
4(478 479 497 496)
4(496 497 515 514)
4(514 515 533 532)
4(532 533 551 550)
4(550 551 569 568)
4(568 569 587 586)
4(586 587 605 604)
4(604 605 623 622)
4(622 623 641 640)
4(335 336 354 353)
4(353 354 372 371)
4(371 372 390 389)
4(389 390 408 407)
4(407 408 426 425)
4(425 426 444 443)
4(443 444 462 461)
4(461 462 480 479)
4(479 480 498 497)
4(497 498 516 515)
4(515 516 534 533)
4(533 534 552 551)
4(551 552 570 569)
4(569 570 588 587)
4(587 588 606 605)
4(605 606 624 623)
4(623 624 642 641)
4(336 337 355 354)
4(354 355 373 372)
4(372 373 391 390)
4(390 391 409 408)
4(408 409 427 426)
4(426 427 445 444)
4(444 445 463 462)
4(462 463 481 480)
4(480 481 499 498)
4(498 499 517 516)
4(516 517 535 534)
4(534 535 553 552)
4(552 553 571 570)
4(570 571 589 588)
4(588 589 607 606)
4(606 607 625 624)
4(624 625 643 642)
4(337 338 356 355)
4(355 356 374 373)
4(373 374 392 391)
4(391 392 410 409)
4(409 410 428 427)
4(427 428 446 445)
4(445 446 464 463)
4(463 464 482 481)
4(481 482 500 499)
4(499 500 518 517)
4(517 518 536 535)
4(535 536 554 553)
4(553 554 572 571)
4(571 572 590 589)
4(589 590 608 607)
4(607 608 626 625)
4(625 626 644 643)
4(338 339 357 356)
4(356 357 375 374)
4(374 375 393 392)
4(392 393 411 410)
4(410 411 429 428)
4(428 429 447 446)
4(446 447 465 464)
4(464 465 483 482)
4(482 483 501 500)
4(500 501 519 518)
4(518 519 537 536)
4(536 537 555 554)
4(554 555 573 572)
4(572 573 591 590)
4(590 591 609 608)
4(608 609 627 626)
4(626 627 645 644)
4(339 340 358 357)
4(357 358 376 375)
4(375 376 394 393)
4(393 394 412 411)
4(411 412 430 429)
4(429 430 448 447)
4(447 448 466 465)
4(465 466 484 483)
4(483 484 502 501)
4(501 502 520 519)
4(519 520 538 537)
4(537 538 556 555)
4(555 556 574 573)
4(573 574 592 591)
4(591 592 610 609)
4(609 610 628 627)
4(627 628 646 645)
4(340 341 359 358)
4(358 359 377 376)
4(376 377 395 394)
4(394 395 413 412)
4(412 413 431 430)
4(430 431 449 448)
4(448 449 467 466)
4(466 467 485 484)
4(484 485 503 502)
4(502 503 521 520)
4(520 521 539 538)
4(538 539 557 556)
4(556 557 575 574)
4(574 575 593 592)
4(592 593 611 610)
4(610 611 629 628)
4(628 629 647 646)
)


// ************************************************************************* //
