/*--------------------------------*- C++ -*----------------------------------*\
| =========                 |                                                 |
| \\      /  F ield         | foam-extend: Open Source CFD                    |
|  \\    /   O peration     | Version:     4.0                                |
|   \\  /    A nd           | Web:         http://www.foam-extend.org         |
|    \\/     M anipulation  |                                                 |
\*---------------------------------------------------------------------------*/
FoamFile
{
    version     2.0;
    format      ascii;
    class       labelList;
    note        "nPoints: 648 nCells: 289 nFaces: 1190 nInternalFaces: 544";
    location    "constant/polyMesh";
    object      owner;
}
// * * * * * * * * * * * * * * * * * * * * * * * * * * * * * * * * * * * * * //


1190
(
0
0
1
1
2
2
3
3
4
4
5
5
6
6
7
7
8
8
9
9
10
10
11
11
12
12
13
13
14
14
15
15
16
17
17
18
18
19
19
20
20
21
21
22
22
23
23
24
24
25
25
26
26
27
27
28
28
29
29
30
30
31
31
32
32
33
34
34
35
35
36
36
37
37
38
38
39
39
40
40
41
41
42
42
43
43
44
44
45
45
46
46
47
47
48
48
49
49
50
51
51
52
52
53
53
54
54
55
55
56
56
57
57
58
58
59
59
60
60
61
61
62
62
63
63
64
64
65
65
66
66
67
68
68
69
69
70
70
71
71
72
72
73
73
74
74
75
75
76
76
77
77
78
78
79
79
80
80
81
81
82
82
83
83
84
85
85
86
86
87
87
88
88
89
89
90
90
91
91
92
92
93
93
94
94
95
95
96
96
97
97
98
98
99
99
100
100
101
102
102
103
103
104
104
105
105
106
106
107
107
108
108
109
109
110
110
111
111
112
112
113
113
114
114
115
115
116
116
117
117
118
119
119
120
120
121
121
122
122
123
123
124
124
125
125
126
126
127
127
128
128
129
129
130
130
131
131
132
132
133
133
134
134
135
136
136
137
137
138
138
139
139
140
140
141
141
142
142
143
143
144
144
145
145
146
146
147
147
148
148
149
149
150
150
151
151
152
153
153
154
154
155
155
156
156
157
157
158
158
159
159
160
160
161
161
162
162
163
163
164
164
165
165
166
166
167
167
168
168
169
170
170
171
171
172
172
173
173
174
174
175
175
176
176
177
177
178
178
179
179
180
180
181
181
182
182
183
183
184
184
185
185
186
187
187
188
188
189
189
190
190
191
191
192
192
193
193
194
194
195
195
196
196
197
197
198
198
199
199
200
200
201
201
202
202
203
204
204
205
205
206
206
207
207
208
208
209
209
210
210
211
211
212
212
213
213
214
214
215
215
216
216
217
217
218
218
219
219
220
221
221
222
222
223
223
224
224
225
225
226
226
227
227
228
228
229
229
230
230
231
231
232
232
233
233
234
234
235
235
236
236
237
238
238
239
239
240
240
241
241
242
242
243
243
244
244
245
245
246
246
247
247
248
248
249
249
250
250
251
251
252
252
253
253
254
255
255
256
256
257
257
258
258
259
259
260
260
261
261
262
262
263
263
264
264
265
265
266
266
267
267
268
268
269
269
270
270
271
272
273
274
275
276
277
278
279
280
281
282
283
284
285
286
287
272
273
274
275
276
277
278
279
280
281
282
283
284
285
286
287
288
0
17
34
51
68
85
102
119
136
153
170
187
204
221
238
255
272
16
33
50
67
84
101
118
135
152
169
186
203
220
237
254
271
288
0
1
2
3
4
5
6
7
8
9
10
11
12
13
14
15
16
0
17
34
51
68
85
102
119
136
153
170
187
204
221
238
255
272
1
18
35
52
69
86
103
120
137
154
171
188
205
222
239
256
273
2
19
36
53
70
87
104
121
138
155
172
189
206
223
240
257
274
3
20
37
54
71
88
105
122
139
156
173
190
207
224
241
258
275
4
21
38
55
72
89
106
123
140
157
174
191
208
225
242
259
276
5
22
39
56
73
90
107
124
141
158
175
192
209
226
243
260
277
6
23
40
57
74
91
108
125
142
159
176
193
210
227
244
261
278
7
24
41
58
75
92
109
126
143
160
177
194
211
228
245
262
279
8
25
42
59
76
93
110
127
144
161
178
195
212
229
246
263
280
9
26
43
60
77
94
111
128
145
162
179
196
213
230
247
264
281
10
27
44
61
78
95
112
129
146
163
180
197
214
231
248
265
282
11
28
45
62
79
96
113
130
147
164
181
198
215
232
249
266
283
12
29
46
63
80
97
114
131
148
165
182
199
216
233
250
267
284
13
30
47
64
81
98
115
132
149
166
183
200
217
234
251
268
285
14
31
48
65
82
99
116
133
150
167
184
201
218
235
252
269
286
15
32
49
66
83
100
117
134
151
168
185
202
219
236
253
270
287
16
33
50
67
84
101
118
135
152
169
186
203
220
237
254
271
288
0
17
34
51
68
85
102
119
136
153
170
187
204
221
238
255
272
1
18
35
52
69
86
103
120
137
154
171
188
205
222
239
256
273
2
19
36
53
70
87
104
121
138
155
172
189
206
223
240
257
274
3
20
37
54
71
88
105
122
139
156
173
190
207
224
241
258
275
4
21
38
55
72
89
106
123
140
157
174
191
208
225
242
259
276
5
22
39
56
73
90
107
124
141
158
175
192
209
226
243
260
277
6
23
40
57
74
91
108
125
142
159
176
193
210
227
244
261
278
7
24
41
58
75
92
109
126
143
160
177
194
211
228
245
262
279
8
25
42
59
76
93
110
127
144
161
178
195
212
229
246
263
280
9
26
43
60
77
94
111
128
145
162
179
196
213
230
247
264
281
10
27
44
61
78
95
112
129
146
163
180
197
214
231
248
265
282
11
28
45
62
79
96
113
130
147
164
181
198
215
232
249
266
283
12
29
46
63
80
97
114
131
148
165
182
199
216
233
250
267
284
13
30
47
64
81
98
115
132
149
166
183
200
217
234
251
268
285
14
31
48
65
82
99
116
133
150
167
184
201
218
235
252
269
286
15
32
49
66
83
100
117
134
151
168
185
202
219
236
253
270
287
16
33
50
67
84
101
118
135
152
169
186
203
220
237
254
271
288
)


// ************************************************************************* //
