/*--------------------------------*- C++ -*----------------------------------*\
| =========                 |                                                 |
| \\      /  F ield         | foam-extend: Open Source CFD                    |
|  \\    /   O peration     | Version:     4.0                                |
|   \\  /    A nd           | Web:         http://www.foam-extend.org         |
|    \\/     M anipulation  |                                                 |
\*---------------------------------------------------------------------------*/
FoamFile
{
    version     2.0;
    format      ascii;
    class       vectorField;
    location    "constant/polyMesh";
    object      points;
}
// * * * * * * * * * * * * * * * * * * * * * * * * * * * * * * * * * * * * * //


648
(
(0 0 0)
(0.05882352941 0 0)
(0.1176470588 0 0)
(0.1764705882 0 0)
(0.2352941176 0 0)
(0.2941176471 0 0)
(0.3529411765 0 0)
(0.4117647059 0 0)
(0.4705882353 0 0)
(0.5294117647 0 0)
(0.5882352941 0 0)
(0.6470588235 0 0)
(0.7058823529 0 0)
(0.7647058824 0 0)
(0.8235294118 0 0)
(0.8823529412 0 0)
(0.9411764706 0 0)
(1 0 0)
(0 0.05882352941 0)
(0.05882352941 0.05882352941 0)
(0.1176470588 0.05882352941 0)
(0.1764705882 0.05882352941 0)
(0.2352941176 0.05882352941 0)
(0.2941176471 0.05882352941 0)
(0.3529411765 0.05882352941 0)
(0.4117647059 0.05882352941 0)
(0.4705882353 0.05882352941 0)
(0.5294117647 0.05882352941 0)
(0.5882352941 0.05882352941 0)
(0.6470588235 0.05882352941 0)
(0.7058823529 0.05882352941 0)
(0.7647058824 0.05882352941 0)
(0.8235294118 0.05882352941 0)
(0.8823529412 0.05882352941 0)
(0.9411764706 0.05882352941 0)
(1 0.05882352941 0)
(0 0.1176470588 0)
(0.05882352941 0.1176470588 0)
(0.1176470588 0.1176470588 0)
(0.1764705882 0.1176470588 0)
(0.2352941176 0.1176470588 0)
(0.2941176471 0.1176470588 0)
(0.3529411765 0.1176470588 0)
(0.4117647059 0.1176470588 0)
(0.4705882353 0.1176470588 0)
(0.5294117647 0.1176470588 0)
(0.5882352941 0.1176470588 0)
(0.6470588235 0.1176470588 0)
(0.7058823529 0.1176470588 0)
(0.7647058824 0.1176470588 0)
(0.8235294118 0.1176470588 0)
(0.8823529412 0.1176470588 0)
(0.9411764706 0.1176470588 0)
(1 0.1176470588 0)
(0 0.1764705882 0)
(0.05882352941 0.1764705882 0)
(0.1176470588 0.1764705882 0)
(0.1764705882 0.1764705882 0)
(0.2352941176 0.1764705882 0)
(0.2941176471 0.1764705882 0)
(0.3529411765 0.1764705882 0)
(0.4117647059 0.1764705882 0)
(0.4705882353 0.1764705882 0)
(0.5294117647 0.1764705882 0)
(0.5882352941 0.1764705882 0)
(0.6470588235 0.1764705882 0)
(0.7058823529 0.1764705882 0)
(0.7647058824 0.1764705882 0)
(0.8235294118 0.1764705882 0)
(0.8823529412 0.1764705882 0)
(0.9411764706 0.1764705882 0)
(1 0.1764705882 0)
(0 0.2352941176 0)
(0.05882352941 0.2352941176 0)
(0.1176470588 0.2352941176 0)
(0.1764705882 0.2352941176 0)
(0.2352941176 0.2352941176 0)
(0.2941176471 0.2352941176 0)
(0.3529411765 0.2352941176 0)
(0.4117647059 0.2352941176 0)
(0.4705882353 0.2352941176 0)
(0.5294117647 0.2352941176 0)
(0.5882352941 0.2352941176 0)
(0.6470588235 0.2352941176 0)
(0.7058823529 0.2352941176 0)
(0.7647058824 0.2352941176 0)
(0.8235294118 0.2352941176 0)
(0.8823529412 0.2352941176 0)
(0.9411764706 0.2352941176 0)
(1 0.2352941176 0)
(0 0.2941176471 0)
(0.05882352941 0.2941176471 0)
(0.1176470588 0.2941176471 0)
(0.1764705882 0.2941176471 0)
(0.2352941176 0.2941176471 0)
(0.2941176471 0.2941176471 0)
(0.3529411765 0.2941176471 0)
(0.4117647059 0.2941176471 0)
(0.4705882353 0.2941176471 0)
(0.5294117647 0.2941176471 0)
(0.5882352941 0.2941176471 0)
(0.6470588235 0.2941176471 0)
(0.7058823529 0.2941176471 0)
(0.7647058824 0.2941176471 0)
(0.8235294118 0.2941176471 0)
(0.8823529412 0.2941176471 0)
(0.9411764706 0.2941176471 0)
(1 0.2941176471 0)
(0 0.3529411765 0)
(0.05882352941 0.3529411765 0)
(0.1176470588 0.3529411765 0)
(0.1764705882 0.3529411765 0)
(0.2352941176 0.3529411765 0)
(0.2941176471 0.3529411765 0)
(0.3529411765 0.3529411765 0)
(0.4117647059 0.3529411765 0)
(0.4705882353 0.3529411765 0)
(0.5294117647 0.3529411765 0)
(0.5882352941 0.3529411765 0)
(0.6470588235 0.3529411765 0)
(0.7058823529 0.3529411765 0)
(0.7647058824 0.3529411765 0)
(0.8235294118 0.3529411765 0)
(0.8823529412 0.3529411765 0)
(0.9411764706 0.3529411765 0)
(1 0.3529411765 0)
(0 0.4117647059 0)
(0.05882352941 0.4117647059 0)
(0.1176470588 0.4117647059 0)
(0.1764705882 0.4117647059 0)
(0.2352941176 0.4117647059 0)
(0.2941176471 0.4117647059 0)
(0.3529411765 0.4117647059 0)
(0.4117647059 0.4117647059 0)
(0.4705882353 0.4117647059 0)
(0.5294117647 0.4117647059 0)
(0.5882352941 0.4117647059 0)
(0.6470588235 0.4117647059 0)
(0.7058823529 0.4117647059 0)
(0.7647058824 0.4117647059 0)
(0.8235294118 0.4117647059 0)
(0.8823529412 0.4117647059 0)
(0.9411764706 0.4117647059 0)
(1 0.4117647059 0)
(0 0.4705882353 0)
(0.05882352941 0.4705882353 0)
(0.1176470588 0.4705882353 0)
(0.1764705882 0.4705882353 0)
(0.2352941176 0.4705882353 0)
(0.2941176471 0.4705882353 0)
(0.3529411765 0.4705882353 0)
(0.4117647059 0.4705882353 0)
(0.4705882353 0.4705882353 0)
(0.5294117647 0.4705882353 0)
(0.5882352941 0.4705882353 0)
(0.6470588235 0.4705882353 0)
(0.7058823529 0.4705882353 0)
(0.7647058824 0.4705882353 0)
(0.8235294118 0.4705882353 0)
(0.8823529412 0.4705882353 0)
(0.9411764706 0.4705882353 0)
(1 0.4705882353 0)
(0 0.5294117647 0)
(0.05882352941 0.5294117647 0)
(0.1176470588 0.5294117647 0)
(0.1764705882 0.5294117647 0)
(0.2352941176 0.5294117647 0)
(0.2941176471 0.5294117647 0)
(0.3529411765 0.5294117647 0)
(0.4117647059 0.5294117647 0)
(0.4705882353 0.5294117647 0)
(0.5294117647 0.5294117647 0)
(0.5882352941 0.5294117647 0)
(0.6470588235 0.5294117647 0)
(0.7058823529 0.5294117647 0)
(0.7647058824 0.5294117647 0)
(0.8235294118 0.5294117647 0)
(0.8823529412 0.5294117647 0)
(0.9411764706 0.5294117647 0)
(1 0.5294117647 0)
(0 0.5882352941 0)
(0.05882352941 0.5882352941 0)
(0.1176470588 0.5882352941 0)
(0.1764705882 0.5882352941 0)
(0.2352941176 0.5882352941 0)
(0.2941176471 0.5882352941 0)
(0.3529411765 0.5882352941 0)
(0.4117647059 0.5882352941 0)
(0.4705882353 0.5882352941 0)
(0.5294117647 0.5882352941 0)
(0.5882352941 0.5882352941 0)
(0.6470588235 0.5882352941 0)
(0.7058823529 0.5882352941 0)
(0.7647058824 0.5882352941 0)
(0.8235294118 0.5882352941 0)
(0.8823529412 0.5882352941 0)
(0.9411764706 0.5882352941 0)
(1 0.5882352941 0)
(0 0.6470588235 0)
(0.05882352941 0.6470588235 0)
(0.1176470588 0.6470588235 0)
(0.1764705882 0.6470588235 0)
(0.2352941176 0.6470588235 0)
(0.2941176471 0.6470588235 0)
(0.3529411765 0.6470588235 0)
(0.4117647059 0.6470588235 0)
(0.4705882353 0.6470588235 0)
(0.5294117647 0.6470588235 0)
(0.5882352941 0.6470588235 0)
(0.6470588235 0.6470588235 0)
(0.7058823529 0.6470588235 0)
(0.7647058824 0.6470588235 0)
(0.8235294118 0.6470588235 0)
(0.8823529412 0.6470588235 0)
(0.9411764706 0.6470588235 0)
(1 0.6470588235 0)
(0 0.7058823529 0)
(0.05882352941 0.7058823529 0)
(0.1176470588 0.7058823529 0)
(0.1764705882 0.7058823529 0)
(0.2352941176 0.7058823529 0)
(0.2941176471 0.7058823529 0)
(0.3529411765 0.7058823529 0)
(0.4117647059 0.7058823529 0)
(0.4705882353 0.7058823529 0)
(0.5294117647 0.7058823529 0)
(0.5882352941 0.7058823529 0)
(0.6470588235 0.7058823529 0)
(0.7058823529 0.7058823529 0)
(0.7647058824 0.7058823529 0)
(0.8235294118 0.7058823529 0)
(0.8823529412 0.7058823529 0)
(0.9411764706 0.7058823529 0)
(1 0.7058823529 0)
(0 0.7647058824 0)
(0.05882352941 0.7647058824 0)
(0.1176470588 0.7647058824 0)
(0.1764705882 0.7647058824 0)
(0.2352941176 0.7647058824 0)
(0.2941176471 0.7647058824 0)
(0.3529411765 0.7647058824 0)
(0.4117647059 0.7647058824 0)
(0.4705882353 0.7647058824 0)
(0.5294117647 0.7647058824 0)
(0.5882352941 0.7647058824 0)
(0.6470588235 0.7647058824 0)
(0.7058823529 0.7647058824 0)
(0.7647058824 0.7647058824 0)
(0.8235294118 0.7647058824 0)
(0.8823529412 0.7647058824 0)
(0.9411764706 0.7647058824 0)
(1 0.7647058824 0)
(0 0.8235294118 0)
(0.05882352941 0.8235294118 0)
(0.1176470588 0.8235294118 0)
(0.1764705882 0.8235294118 0)
(0.2352941176 0.8235294118 0)
(0.2941176471 0.8235294118 0)
(0.3529411765 0.8235294118 0)
(0.4117647059 0.8235294118 0)
(0.4705882353 0.8235294118 0)
(0.5294117647 0.8235294118 0)
(0.5882352941 0.8235294118 0)
(0.6470588235 0.8235294118 0)
(0.7058823529 0.8235294118 0)
(0.7647058824 0.8235294118 0)
(0.8235294118 0.8235294118 0)
(0.8823529412 0.8235294118 0)
(0.9411764706 0.8235294118 0)
(1 0.8235294118 0)
(0 0.8823529412 0)
(0.05882352941 0.8823529412 0)
(0.1176470588 0.8823529412 0)
(0.1764705882 0.8823529412 0)
(0.2352941176 0.8823529412 0)
(0.2941176471 0.8823529412 0)
(0.3529411765 0.8823529412 0)
(0.4117647059 0.8823529412 0)
(0.4705882353 0.8823529412 0)
(0.5294117647 0.8823529412 0)
(0.5882352941 0.8823529412 0)
(0.6470588235 0.8823529412 0)
(0.7058823529 0.8823529412 0)
(0.7647058824 0.8823529412 0)
(0.8235294118 0.8823529412 0)
(0.8823529412 0.8823529412 0)
(0.9411764706 0.8823529412 0)
(1 0.8823529412 0)
(0 0.9411764706 0)
(0.05882352941 0.9411764706 0)
(0.1176470588 0.9411764706 0)
(0.1764705882 0.9411764706 0)
(0.2352941176 0.9411764706 0)
(0.2941176471 0.9411764706 0)
(0.3529411765 0.9411764706 0)
(0.4117647059 0.9411764706 0)
(0.4705882353 0.9411764706 0)
(0.5294117647 0.9411764706 0)
(0.5882352941 0.9411764706 0)
(0.6470588235 0.9411764706 0)
(0.7058823529 0.9411764706 0)
(0.7647058824 0.9411764706 0)
(0.8235294118 0.9411764706 0)
(0.8823529412 0.9411764706 0)
(0.9411764706 0.9411764706 0)
(1 0.9411764706 0)
(0 1 0)
(0.05882352941 1 0)
(0.1176470588 1 0)
(0.1764705882 1 0)
(0.2352941176 1 0)
(0.2941176471 1 0)
(0.3529411765 1 0)
(0.4117647059 1 0)
(0.4705882353 1 0)
(0.5294117647 1 0)
(0.5882352941 1 0)
(0.6470588235 1 0)
(0.7058823529 1 0)
(0.7647058824 1 0)
(0.8235294118 1 0)
(0.8823529412 1 0)
(0.9411764706 1 0)
(1 1 0)
(0 0 1)
(0.05882352941 0 1)
(0.1176470588 0 1)
(0.1764705882 0 1)
(0.2352941176 0 1)
(0.2941176471 0 1)
(0.3529411765 0 1)
(0.4117647059 0 1)
(0.4705882353 0 1)
(0.5294117647 0 1)
(0.5882352941 0 1)
(0.6470588235 0 1)
(0.7058823529 0 1)
(0.7647058824 0 1)
(0.8235294118 0 1)
(0.8823529412 0 1)
(0.9411764706 0 1)
(1 0 1)
(0 0.05882352941 1)
(0.05882352941 0.05882352941 1)
(0.1176470588 0.05882352941 1)
(0.1764705882 0.05882352941 1)
(0.2352941176 0.05882352941 1)
(0.2941176471 0.05882352941 1)
(0.3529411765 0.05882352941 1)
(0.4117647059 0.05882352941 1)
(0.4705882353 0.05882352941 1)
(0.5294117647 0.05882352941 1)
(0.5882352941 0.05882352941 1)
(0.6470588235 0.05882352941 1)
(0.7058823529 0.05882352941 1)
(0.7647058824 0.05882352941 1)
(0.8235294118 0.05882352941 1)
(0.8823529412 0.05882352941 1)
(0.9411764706 0.05882352941 1)
(1 0.05882352941 1)
(0 0.1176470588 1)
(0.05882352941 0.1176470588 1)
(0.1176470588 0.1176470588 1)
(0.1764705882 0.1176470588 1)
(0.2352941176 0.1176470588 1)
(0.2941176471 0.1176470588 1)
(0.3529411765 0.1176470588 1)
(0.4117647059 0.1176470588 1)
(0.4705882353 0.1176470588 1)
(0.5294117647 0.1176470588 1)
(0.5882352941 0.1176470588 1)
(0.6470588235 0.1176470588 1)
(0.7058823529 0.1176470588 1)
(0.7647058824 0.1176470588 1)
(0.8235294118 0.1176470588 1)
(0.8823529412 0.1176470588 1)
(0.9411764706 0.1176470588 1)
(1 0.1176470588 1)
(0 0.1764705882 1)
(0.05882352941 0.1764705882 1)
(0.1176470588 0.1764705882 1)
(0.1764705882 0.1764705882 1)
(0.2352941176 0.1764705882 1)
(0.2941176471 0.1764705882 1)
(0.3529411765 0.1764705882 1)
(0.4117647059 0.1764705882 1)
(0.4705882353 0.1764705882 1)
(0.5294117647 0.1764705882 1)
(0.5882352941 0.1764705882 1)
(0.6470588235 0.1764705882 1)
(0.7058823529 0.1764705882 1)
(0.7647058824 0.1764705882 1)
(0.8235294118 0.1764705882 1)
(0.8823529412 0.1764705882 1)
(0.9411764706 0.1764705882 1)
(1 0.1764705882 1)
(0 0.2352941176 1)
(0.05882352941 0.2352941176 1)
(0.1176470588 0.2352941176 1)
(0.1764705882 0.2352941176 1)
(0.2352941176 0.2352941176 1)
(0.2941176471 0.2352941176 1)
(0.3529411765 0.2352941176 1)
(0.4117647059 0.2352941176 1)
(0.4705882353 0.2352941176 1)
(0.5294117647 0.2352941176 1)
(0.5882352941 0.2352941176 1)
(0.6470588235 0.2352941176 1)
(0.7058823529 0.2352941176 1)
(0.7647058824 0.2352941176 1)
(0.8235294118 0.2352941176 1)
(0.8823529412 0.2352941176 1)
(0.9411764706 0.2352941176 1)
(1 0.2352941176 1)
(0 0.2941176471 1)
(0.05882352941 0.2941176471 1)
(0.1176470588 0.2941176471 1)
(0.1764705882 0.2941176471 1)
(0.2352941176 0.2941176471 1)
(0.2941176471 0.2941176471 1)
(0.3529411765 0.2941176471 1)
(0.4117647059 0.2941176471 1)
(0.4705882353 0.2941176471 1)
(0.5294117647 0.2941176471 1)
(0.5882352941 0.2941176471 1)
(0.6470588235 0.2941176471 1)
(0.7058823529 0.2941176471 1)
(0.7647058824 0.2941176471 1)
(0.8235294118 0.2941176471 1)
(0.8823529412 0.2941176471 1)
(0.9411764706 0.2941176471 1)
(1 0.2941176471 1)
(0 0.3529411765 1)
(0.05882352941 0.3529411765 1)
(0.1176470588 0.3529411765 1)
(0.1764705882 0.3529411765 1)
(0.2352941176 0.3529411765 1)
(0.2941176471 0.3529411765 1)
(0.3529411765 0.3529411765 1)
(0.4117647059 0.3529411765 1)
(0.4705882353 0.3529411765 1)
(0.5294117647 0.3529411765 1)
(0.5882352941 0.3529411765 1)
(0.6470588235 0.3529411765 1)
(0.7058823529 0.3529411765 1)
(0.7647058824 0.3529411765 1)
(0.8235294118 0.3529411765 1)
(0.8823529412 0.3529411765 1)
(0.9411764706 0.3529411765 1)
(1 0.3529411765 1)
(0 0.4117647059 1)
(0.05882352941 0.4117647059 1)
(0.1176470588 0.4117647059 1)
(0.1764705882 0.4117647059 1)
(0.2352941176 0.4117647059 1)
(0.2941176471 0.4117647059 1)
(0.3529411765 0.4117647059 1)
(0.4117647059 0.4117647059 1)
(0.4705882353 0.4117647059 1)
(0.5294117647 0.4117647059 1)
(0.5882352941 0.4117647059 1)
(0.6470588235 0.4117647059 1)
(0.7058823529 0.4117647059 1)
(0.7647058824 0.4117647059 1)
(0.8235294118 0.4117647059 1)
(0.8823529412 0.4117647059 1)
(0.9411764706 0.4117647059 1)
(1 0.4117647059 1)
(0 0.4705882353 1)
(0.05882352941 0.4705882353 1)
(0.1176470588 0.4705882353 1)
(0.1764705882 0.4705882353 1)
(0.2352941176 0.4705882353 1)
(0.2941176471 0.4705882353 1)
(0.3529411765 0.4705882353 1)
(0.4117647059 0.4705882353 1)
(0.4705882353 0.4705882353 1)
(0.5294117647 0.4705882353 1)
(0.5882352941 0.4705882353 1)
(0.6470588235 0.4705882353 1)
(0.7058823529 0.4705882353 1)
(0.7647058824 0.4705882353 1)
(0.8235294118 0.4705882353 1)
(0.8823529412 0.4705882353 1)
(0.9411764706 0.4705882353 1)
(1 0.4705882353 1)
(0 0.5294117647 1)
(0.05882352941 0.5294117647 1)
(0.1176470588 0.5294117647 1)
(0.1764705882 0.5294117647 1)
(0.2352941176 0.5294117647 1)
(0.2941176471 0.5294117647 1)
(0.3529411765 0.5294117647 1)
(0.4117647059 0.5294117647 1)
(0.4705882353 0.5294117647 1)
(0.5294117647 0.5294117647 1)
(0.5882352941 0.5294117647 1)
(0.6470588235 0.5294117647 1)
(0.7058823529 0.5294117647 1)
(0.7647058824 0.5294117647 1)
(0.8235294118 0.5294117647 1)
(0.8823529412 0.5294117647 1)
(0.9411764706 0.5294117647 1)
(1 0.5294117647 1)
(0 0.5882352941 1)
(0.05882352941 0.5882352941 1)
(0.1176470588 0.5882352941 1)
(0.1764705882 0.5882352941 1)
(0.2352941176 0.5882352941 1)
(0.2941176471 0.5882352941 1)
(0.3529411765 0.5882352941 1)
(0.4117647059 0.5882352941 1)
(0.4705882353 0.5882352941 1)
(0.5294117647 0.5882352941 1)
(0.5882352941 0.5882352941 1)
(0.6470588235 0.5882352941 1)
(0.7058823529 0.5882352941 1)
(0.7647058824 0.5882352941 1)
(0.8235294118 0.5882352941 1)
(0.8823529412 0.5882352941 1)
(0.9411764706 0.5882352941 1)
(1 0.5882352941 1)
(0 0.6470588235 1)
(0.05882352941 0.6470588235 1)
(0.1176470588 0.6470588235 1)
(0.1764705882 0.6470588235 1)
(0.2352941176 0.6470588235 1)
(0.2941176471 0.6470588235 1)
(0.3529411765 0.6470588235 1)
(0.4117647059 0.6470588235 1)
(0.4705882353 0.6470588235 1)
(0.5294117647 0.6470588235 1)
(0.5882352941 0.6470588235 1)
(0.6470588235 0.6470588235 1)
(0.7058823529 0.6470588235 1)
(0.7647058824 0.6470588235 1)
(0.8235294118 0.6470588235 1)
(0.8823529412 0.6470588235 1)
(0.9411764706 0.6470588235 1)
(1 0.6470588235 1)
(0 0.7058823529 1)
(0.05882352941 0.7058823529 1)
(0.1176470588 0.7058823529 1)
(0.1764705882 0.7058823529 1)
(0.2352941176 0.7058823529 1)
(0.2941176471 0.7058823529 1)
(0.3529411765 0.7058823529 1)
(0.4117647059 0.7058823529 1)
(0.4705882353 0.7058823529 1)
(0.5294117647 0.7058823529 1)
(0.5882352941 0.7058823529 1)
(0.6470588235 0.7058823529 1)
(0.7058823529 0.7058823529 1)
(0.7647058824 0.7058823529 1)
(0.8235294118 0.7058823529 1)
(0.8823529412 0.7058823529 1)
(0.9411764706 0.7058823529 1)
(1 0.7058823529 1)
(0 0.7647058824 1)
(0.05882352941 0.7647058824 1)
(0.1176470588 0.7647058824 1)
(0.1764705882 0.7647058824 1)
(0.2352941176 0.7647058824 1)
(0.2941176471 0.7647058824 1)
(0.3529411765 0.7647058824 1)
(0.4117647059 0.7647058824 1)
(0.4705882353 0.7647058824 1)
(0.5294117647 0.7647058824 1)
(0.5882352941 0.7647058824 1)
(0.6470588235 0.7647058824 1)
(0.7058823529 0.7647058824 1)
(0.7647058824 0.7647058824 1)
(0.8235294118 0.7647058824 1)
(0.8823529412 0.7647058824 1)
(0.9411764706 0.7647058824 1)
(1 0.7647058824 1)
(0 0.8235294118 1)
(0.05882352941 0.8235294118 1)
(0.1176470588 0.8235294118 1)
(0.1764705882 0.8235294118 1)
(0.2352941176 0.8235294118 1)
(0.2941176471 0.8235294118 1)
(0.3529411765 0.8235294118 1)
(0.4117647059 0.8235294118 1)
(0.4705882353 0.8235294118 1)
(0.5294117647 0.8235294118 1)
(0.5882352941 0.8235294118 1)
(0.6470588235 0.8235294118 1)
(0.7058823529 0.8235294118 1)
(0.7647058824 0.8235294118 1)
(0.8235294118 0.8235294118 1)
(0.8823529412 0.8235294118 1)
(0.9411764706 0.8235294118 1)
(1 0.8235294118 1)
(0 0.8823529412 1)
(0.05882352941 0.8823529412 1)
(0.1176470588 0.8823529412 1)
(0.1764705882 0.8823529412 1)
(0.2352941176 0.8823529412 1)
(0.2941176471 0.8823529412 1)
(0.3529411765 0.8823529412 1)
(0.4117647059 0.8823529412 1)
(0.4705882353 0.8823529412 1)
(0.5294117647 0.8823529412 1)
(0.5882352941 0.8823529412 1)
(0.6470588235 0.8823529412 1)
(0.7058823529 0.8823529412 1)
(0.7647058824 0.8823529412 1)
(0.8235294118 0.8823529412 1)
(0.8823529412 0.8823529412 1)
(0.9411764706 0.8823529412 1)
(1 0.8823529412 1)
(0 0.9411764706 1)
(0.05882352941 0.9411764706 1)
(0.1176470588 0.9411764706 1)
(0.1764705882 0.9411764706 1)
(0.2352941176 0.9411764706 1)
(0.2941176471 0.9411764706 1)
(0.3529411765 0.9411764706 1)
(0.4117647059 0.9411764706 1)
(0.4705882353 0.9411764706 1)
(0.5294117647 0.9411764706 1)
(0.5882352941 0.9411764706 1)
(0.6470588235 0.9411764706 1)
(0.7058823529 0.9411764706 1)
(0.7647058824 0.9411764706 1)
(0.8235294118 0.9411764706 1)
(0.8823529412 0.9411764706 1)
(0.9411764706 0.9411764706 1)
(1 0.9411764706 1)
(0 1 1)
(0.05882352941 1 1)
(0.1176470588 1 1)
(0.1764705882 1 1)
(0.2352941176 1 1)
(0.2941176471 1 1)
(0.3529411765 1 1)
(0.4117647059 1 1)
(0.4705882353 1 1)
(0.5294117647 1 1)
(0.5882352941 1 1)
(0.6470588235 1 1)
(0.7058823529 1 1)
(0.7647058824 1 1)
(0.8235294118 1 1)
(0.8823529412 1 1)
(0.9411764706 1 1)
(1 1 1)
)


// ************************************************************************* //
