/*--------------------------------*- C++ -*----------------------------------*\
| =========                 |                                                 |
| \\      /  F ield         | foam-extend: Open Source CFD                    |
|  \\    /   O peration     | Version:     4.0                                |
|   \\  /    A nd           | Web:         http://www.foam-extend.org         |
|    \\/     M anipulation  |                                                 |
\*---------------------------------------------------------------------------*/
FoamFile
{
    version     2.0;
    format      ascii;
    class       faceList;
    location    "constant/polyMesh";
    object      faces;
}
// * * * * * * * * * * * * * * * * * * * * * * * * * * * * * * * * * * * * * //


2096
(
4(1 18 307 290)
4(17 306 307 18)
4(2 19 308 291)
4(18 307 308 19)
4(3 20 309 292)
4(19 308 309 20)
4(4 21 310 293)
4(20 309 310 21)
4(5 22 311 294)
4(21 310 311 22)
4(6 23 312 295)
4(22 311 312 23)
4(7 24 313 296)
4(23 312 313 24)
4(8 25 314 297)
4(24 313 314 25)
4(9 26 315 298)
4(25 314 315 26)
4(10 27 316 299)
4(26 315 316 27)
4(11 28 317 300)
4(27 316 317 28)
4(12 29 318 301)
4(28 317 318 29)
4(13 30 319 302)
4(29 318 319 30)
4(14 31 320 303)
4(30 319 320 31)
4(15 32 321 304)
4(31 320 321 32)
4(32 321 322 33)
4(18 35 324 307)
4(34 323 324 35)
4(19 36 325 308)
4(35 324 325 36)
4(20 37 326 309)
4(36 325 326 37)
4(21 38 327 310)
4(37 326 327 38)
4(22 39 328 311)
4(38 327 328 39)
4(23 40 329 312)
4(39 328 329 40)
4(24 41 330 313)
4(40 329 330 41)
4(25 42 331 314)
4(41 330 331 42)
4(26 43 332 315)
4(42 331 332 43)
4(27 44 333 316)
4(43 332 333 44)
4(28 45 334 317)
4(44 333 334 45)
4(29 46 335 318)
4(45 334 335 46)
4(30 47 336 319)
4(46 335 336 47)
4(31 48 337 320)
4(47 336 337 48)
4(32 49 338 321)
4(48 337 338 49)
4(49 338 339 50)
4(35 52 341 324)
4(51 340 341 52)
4(36 53 342 325)
4(52 341 342 53)
4(37 54 343 326)
4(53 342 343 54)
4(38 55 344 327)
4(54 343 344 55)
4(39 56 345 328)
4(55 344 345 56)
4(40 57 346 329)
4(56 345 346 57)
4(41 58 347 330)
4(57 346 347 58)
4(42 59 348 331)
4(58 347 348 59)
4(43 60 349 332)
4(59 348 349 60)
4(44 61 350 333)
4(60 349 350 61)
4(45 62 351 334)
4(61 350 351 62)
4(46 63 352 335)
4(62 351 352 63)
4(47 64 353 336)
4(63 352 353 64)
4(48 65 354 337)
4(64 353 354 65)
4(49 66 355 338)
4(65 354 355 66)
4(66 355 356 67)
4(52 69 358 341)
4(68 357 358 69)
4(53 70 359 342)
4(69 358 359 70)
4(54 71 360 343)
4(70 359 360 71)
4(55 72 361 344)
4(71 360 361 72)
4(56 73 362 345)
4(72 361 362 73)
4(57 74 363 346)
4(73 362 363 74)
4(58 75 364 347)
4(74 363 364 75)
4(59 76 365 348)
4(75 364 365 76)
4(60 77 366 349)
4(76 365 366 77)
4(61 78 367 350)
4(77 366 367 78)
4(62 79 368 351)
4(78 367 368 79)
4(63 80 369 352)
4(79 368 369 80)
4(64 81 370 353)
4(80 369 370 81)
4(65 82 371 354)
4(81 370 371 82)
4(66 83 372 355)
4(82 371 372 83)
4(83 372 373 84)
4(69 86 375 358)
4(85 374 375 86)
4(70 87 376 359)
4(86 375 376 87)
4(71 88 377 360)
4(87 376 377 88)
4(72 89 378 361)
4(88 377 378 89)
4(73 90 379 362)
4(89 378 379 90)
4(74 91 380 363)
4(90 379 380 91)
4(75 92 381 364)
4(91 380 381 92)
4(76 93 382 365)
4(92 381 382 93)
4(77 94 383 366)
4(93 382 383 94)
4(78 95 384 367)
4(94 383 384 95)
4(79 96 385 368)
4(95 384 385 96)
4(80 97 386 369)
4(96 385 386 97)
4(81 98 387 370)
4(97 386 387 98)
4(82 99 388 371)
4(98 387 388 99)
4(83 100 389 372)
4(99 388 389 100)
4(100 389 390 101)
4(86 103 392 375)
4(102 391 392 103)
4(87 104 393 376)
4(103 392 393 104)
4(88 105 394 377)
4(104 393 394 105)
4(89 106 395 378)
4(105 394 395 106)
4(90 107 396 379)
4(106 395 396 107)
4(91 108 397 380)
4(107 396 397 108)
4(92 109 398 381)
4(108 397 398 109)
4(93 110 399 382)
4(109 398 399 110)
4(94 111 400 383)
4(110 399 400 111)
4(95 112 401 384)
4(111 400 401 112)
4(96 113 402 385)
4(112 401 402 113)
4(97 114 403 386)
4(113 402 403 114)
4(98 115 404 387)
4(114 403 404 115)
4(99 116 405 388)
4(115 404 405 116)
4(100 117 406 389)
4(116 405 406 117)
4(117 406 407 118)
4(103 120 409 392)
4(119 408 409 120)
4(104 121 410 393)
4(120 409 410 121)
4(105 122 411 394)
4(121 410 411 122)
4(106 123 412 395)
4(122 411 412 123)
4(107 124 413 396)
4(123 412 413 124)
4(108 125 414 397)
4(124 413 414 125)
4(109 126 415 398)
4(125 414 415 126)
4(110 127 416 399)
4(126 415 416 127)
4(111 128 417 400)
4(127 416 417 128)
4(112 129 418 401)
4(128 417 418 129)
4(113 130 419 402)
4(129 418 419 130)
4(114 131 420 403)
4(130 419 420 131)
4(115 132 421 404)
4(131 420 421 132)
4(116 133 422 405)
4(132 421 422 133)
4(117 134 423 406)
4(133 422 423 134)
4(134 423 424 135)
4(120 137 426 409)
4(136 425 426 137)
4(121 138 427 410)
4(137 426 427 138)
4(122 139 428 411)
4(138 427 428 139)
4(123 140 429 412)
4(139 428 429 140)
4(124 141 430 413)
4(140 429 430 141)
4(125 142 431 414)
4(141 430 431 142)
4(126 143 432 415)
4(142 431 432 143)
4(127 144 433 416)
4(143 432 433 144)
4(128 145 434 417)
4(144 433 434 145)
4(129 146 435 418)
4(145 434 435 146)
4(130 147 436 419)
4(146 435 436 147)
4(131 148 437 420)
4(147 436 437 148)
4(132 149 438 421)
4(148 437 438 149)
4(133 150 439 422)
4(149 438 439 150)
4(134 151 440 423)
4(150 439 440 151)
4(151 440 441 152)
4(137 154 443 426)
4(153 442 443 154)
4(138 155 444 427)
4(154 443 444 155)
4(139 156 445 428)
4(155 444 445 156)
4(140 157 446 429)
4(156 445 446 157)
4(141 158 447 430)
4(157 446 447 158)
4(142 159 448 431)
4(158 447 448 159)
4(143 160 449 432)
4(159 448 449 160)
4(144 161 450 433)
4(160 449 450 161)
4(145 162 451 434)
4(161 450 451 162)
4(146 163 452 435)
4(162 451 452 163)
4(147 164 453 436)
4(163 452 453 164)
4(148 165 454 437)
4(164 453 454 165)
4(149 166 455 438)
4(165 454 455 166)
4(150 167 456 439)
4(166 455 456 167)
4(151 168 457 440)
4(167 456 457 168)
4(168 457 458 169)
4(154 171 460 443)
4(170 459 460 171)
4(155 172 461 444)
4(171 460 461 172)
4(156 173 462 445)
4(172 461 462 173)
4(157 174 463 446)
4(173 462 463 174)
4(158 175 464 447)
4(174 463 464 175)
4(159 176 465 448)
4(175 464 465 176)
4(160 177 466 449)
4(176 465 466 177)
4(161 178 467 450)
4(177 466 467 178)
4(162 179 468 451)
4(178 467 468 179)
4(163 180 469 452)
4(179 468 469 180)
4(164 181 470 453)
4(180 469 470 181)
4(165 182 471 454)
4(181 470 471 182)
4(166 183 472 455)
4(182 471 472 183)
4(167 184 473 456)
4(183 472 473 184)
4(168 185 474 457)
4(184 473 474 185)
4(185 474 475 186)
4(171 188 477 460)
4(187 476 477 188)
4(172 189 478 461)
4(188 477 478 189)
4(173 190 479 462)
4(189 478 479 190)
4(174 191 480 463)
4(190 479 480 191)
4(175 192 481 464)
4(191 480 481 192)
4(176 193 482 465)
4(192 481 482 193)
4(177 194 483 466)
4(193 482 483 194)
4(178 195 484 467)
4(194 483 484 195)
4(179 196 485 468)
4(195 484 485 196)
4(180 197 486 469)
4(196 485 486 197)
4(181 198 487 470)
4(197 486 487 198)
4(182 199 488 471)
4(198 487 488 199)
4(183 200 489 472)
4(199 488 489 200)
4(184 201 490 473)
4(200 489 490 201)
4(185 202 491 474)
4(201 490 491 202)
4(202 491 492 203)
4(188 205 494 477)
4(204 493 494 205)
4(189 206 495 478)
4(205 494 495 206)
4(190 207 496 479)
4(206 495 496 207)
4(191 208 497 480)
4(207 496 497 208)
4(192 209 498 481)
4(208 497 498 209)
4(193 210 499 482)
4(209 498 499 210)
4(194 211 500 483)
4(210 499 500 211)
4(195 212 501 484)
4(211 500 501 212)
4(196 213 502 485)
4(212 501 502 213)
4(197 214 503 486)
4(213 502 503 214)
4(198 215 504 487)
4(214 503 504 215)
4(199 216 505 488)
4(215 504 505 216)
4(200 217 506 489)
4(216 505 506 217)
4(201 218 507 490)
4(217 506 507 218)
4(202 219 508 491)
4(218 507 508 219)
4(219 508 509 220)
4(205 222 511 494)
4(221 510 511 222)
4(206 223 512 495)
4(222 511 512 223)
4(207 224 513 496)
4(223 512 513 224)
4(208 225 514 497)
4(224 513 514 225)
4(209 226 515 498)
4(225 514 515 226)
4(210 227 516 499)
4(226 515 516 227)
4(211 228 517 500)
4(227 516 517 228)
4(212 229 518 501)
4(228 517 518 229)
4(213 230 519 502)
4(229 518 519 230)
4(214 231 520 503)
4(230 519 520 231)
4(215 232 521 504)
4(231 520 521 232)
4(216 233 522 505)
4(232 521 522 233)
4(217 234 523 506)
4(233 522 523 234)
4(218 235 524 507)
4(234 523 524 235)
4(219 236 525 508)
4(235 524 525 236)
4(236 525 526 237)
4(222 239 528 511)
4(238 527 528 239)
4(223 240 529 512)
4(239 528 529 240)
4(224 241 530 513)
4(240 529 530 241)
4(225 242 531 514)
4(241 530 531 242)
4(226 243 532 515)
4(242 531 532 243)
4(227 244 533 516)
4(243 532 533 244)
4(228 245 534 517)
4(244 533 534 245)
4(229 246 535 518)
4(245 534 535 246)
4(230 247 536 519)
4(246 535 536 247)
4(231 248 537 520)
4(247 536 537 248)
4(232 249 538 521)
4(248 537 538 249)
4(233 250 539 522)
4(249 538 539 250)
4(234 251 540 523)
4(250 539 540 251)
4(235 252 541 524)
4(251 540 541 252)
4(236 253 542 525)
4(252 541 542 253)
4(253 542 543 254)
4(239 256 545 528)
4(255 544 545 256)
4(240 257 546 529)
4(256 545 546 257)
4(241 258 547 530)
4(257 546 547 258)
4(242 259 548 531)
4(258 547 548 259)
4(243 260 549 532)
4(259 548 549 260)
4(244 261 550 533)
4(260 549 550 261)
4(245 262 551 534)
4(261 550 551 262)
4(246 263 552 535)
4(262 551 552 263)
4(247 264 553 536)
4(263 552 553 264)
4(248 265 554 537)
4(264 553 554 265)
4(249 266 555 538)
4(265 554 555 266)
4(250 267 556 539)
4(266 555 556 267)
4(251 268 557 540)
4(267 556 557 268)
4(252 269 558 541)
4(268 557 558 269)
4(253 270 559 542)
4(269 558 559 270)
4(270 559 560 271)
4(256 273 562 545)
4(272 561 562 273)
4(257 274 563 546)
4(273 562 563 274)
4(258 275 564 547)
4(274 563 564 275)
4(259 276 565 548)
4(275 564 565 276)
4(260 277 566 549)
4(276 565 566 277)
4(261 278 567 550)
4(277 566 567 278)
4(262 279 568 551)
4(278 567 568 279)
4(263 280 569 552)
4(279 568 569 280)
4(264 281 570 553)
4(280 569 570 281)
4(265 282 571 554)
4(281 570 571 282)
4(266 283 572 555)
4(282 571 572 283)
4(267 284 573 556)
4(283 572 573 284)
4(268 285 574 557)
4(284 573 574 285)
4(269 286 575 558)
4(285 574 575 286)
4(270 287 576 559)
4(286 575 576 287)
4(287 576 577 288)
4(273 579 851 562)
4(578 850 851 579)
4(274 580 852 563)
4(579 851 852 580)
4(275 581 853 564)
4(580 852 853 581)
4(276 582 854 565)
4(581 853 854 582)
4(277 583 855 566)
4(582 854 855 583)
4(278 584 856 567)
4(583 855 856 584)
4(279 585 857 568)
4(584 856 857 585)
4(280 586 858 569)
4(585 857 858 586)
4(281 587 859 570)
4(586 858 859 587)
4(282 588 860 571)
4(587 859 860 588)
4(283 589 861 572)
4(588 860 861 589)
4(284 590 862 573)
4(589 861 862 590)
4(285 591 863 574)
4(590 862 863 591)
4(286 592 864 575)
4(591 863 864 592)
4(287 593 865 576)
4(592 864 865 593)
4(593 865 866 594)
4(579 596 868 851)
4(595 867 868 596)
4(580 597 869 852)
4(596 868 869 597)
4(581 598 870 853)
4(597 869 870 598)
4(582 599 871 854)
4(598 870 871 599)
4(583 600 872 855)
4(599 871 872 600)
4(584 601 873 856)
4(600 872 873 601)
4(585 602 874 857)
4(601 873 874 602)
4(586 603 875 858)
4(602 874 875 603)
4(587 604 876 859)
4(603 875 876 604)
4(588 605 877 860)
4(604 876 877 605)
4(589 606 878 861)
4(605 877 878 606)
4(590 607 879 862)
4(606 878 879 607)
4(591 608 880 863)
4(607 879 880 608)
4(592 609 881 864)
4(608 880 881 609)
4(593 610 882 865)
4(609 881 882 610)
4(610 882 883 611)
4(596 613 885 868)
4(612 884 885 613)
4(597 614 886 869)
4(613 885 886 614)
4(598 615 887 870)
4(614 886 887 615)
4(599 616 888 871)
4(615 887 888 616)
4(600 617 889 872)
4(616 888 889 617)
4(601 618 890 873)
4(617 889 890 618)
4(602 619 891 874)
4(618 890 891 619)
4(603 620 892 875)
4(619 891 892 620)
4(604 621 893 876)
4(620 892 893 621)
4(605 622 894 877)
4(621 893 894 622)
4(606 623 895 878)
4(622 894 895 623)
4(607 624 896 879)
4(623 895 896 624)
4(608 625 897 880)
4(624 896 897 625)
4(609 626 898 881)
4(625 897 898 626)
4(610 627 899 882)
4(626 898 899 627)
4(627 899 900 628)
4(613 630 902 885)
4(629 901 902 630)
4(614 631 903 886)
4(630 902 903 631)
4(615 632 904 887)
4(631 903 904 632)
4(616 633 905 888)
4(632 904 905 633)
4(617 634 906 889)
4(633 905 906 634)
4(618 635 907 890)
4(634 906 907 635)
4(619 636 908 891)
4(635 907 908 636)
4(620 637 909 892)
4(636 908 909 637)
4(621 638 910 893)
4(637 909 910 638)
4(622 639 911 894)
4(638 910 911 639)
4(623 640 912 895)
4(639 911 912 640)
4(624 641 913 896)
4(640 912 913 641)
4(625 642 914 897)
4(641 913 914 642)
4(626 643 915 898)
4(642 914 915 643)
4(627 644 916 899)
4(643 915 916 644)
4(644 916 917 645)
4(630 647 919 902)
4(646 918 919 647)
4(631 648 920 903)
4(647 919 920 648)
4(632 649 921 904)
4(648 920 921 649)
4(633 650 922 905)
4(649 921 922 650)
4(634 651 923 906)
4(650 922 923 651)
4(635 652 924 907)
4(651 923 924 652)
4(636 653 925 908)
4(652 924 925 653)
4(637 654 926 909)
4(653 925 926 654)
4(638 655 927 910)
4(654 926 927 655)
4(639 656 928 911)
4(655 927 928 656)
4(640 657 929 912)
4(656 928 929 657)
4(641 658 930 913)
4(657 929 930 658)
4(642 659 931 914)
4(658 930 931 659)
4(643 660 932 915)
4(659 931 932 660)
4(644 661 933 916)
4(660 932 933 661)
4(661 933 934 662)
4(647 664 936 919)
4(663 935 936 664)
4(648 665 937 920)
4(664 936 937 665)
4(649 666 938 921)
4(665 937 938 666)
4(650 667 939 922)
4(666 938 939 667)
4(651 668 940 923)
4(667 939 940 668)
4(652 669 941 924)
4(668 940 941 669)
4(653 670 942 925)
4(669 941 942 670)
4(654 671 943 926)
4(670 942 943 671)
4(655 672 944 927)
4(671 943 944 672)
4(656 673 945 928)
4(672 944 945 673)
4(657 674 946 929)
4(673 945 946 674)
4(658 675 947 930)
4(674 946 947 675)
4(659 676 948 931)
4(675 947 948 676)
4(660 677 949 932)
4(676 948 949 677)
4(661 678 950 933)
4(677 949 950 678)
4(678 950 951 679)
4(664 681 953 936)
4(680 952 953 681)
4(665 682 954 937)
4(681 953 954 682)
4(666 683 955 938)
4(682 954 955 683)
4(667 684 956 939)
4(683 955 956 684)
4(668 685 957 940)
4(684 956 957 685)
4(669 686 958 941)
4(685 957 958 686)
4(670 687 959 942)
4(686 958 959 687)
4(671 688 960 943)
4(687 959 960 688)
4(672 689 961 944)
4(688 960 961 689)
4(673 690 962 945)
4(689 961 962 690)
4(674 691 963 946)
4(690 962 963 691)
4(675 692 964 947)
4(691 963 964 692)
4(676 693 965 948)
4(692 964 965 693)
4(677 694 966 949)
4(693 965 966 694)
4(678 695 967 950)
4(694 966 967 695)
4(695 967 968 696)
4(681 698 970 953)
4(697 969 970 698)
4(682 699 971 954)
4(698 970 971 699)
4(683 700 972 955)
4(699 971 972 700)
4(684 701 973 956)
4(700 972 973 701)
4(685 702 974 957)
4(701 973 974 702)
4(686 703 975 958)
4(702 974 975 703)
4(687 704 976 959)
4(703 975 976 704)
4(688 705 977 960)
4(704 976 977 705)
4(689 706 978 961)
4(705 977 978 706)
4(690 707 979 962)
4(706 978 979 707)
4(691 708 980 963)
4(707 979 980 708)
4(692 709 981 964)
4(708 980 981 709)
4(693 710 982 965)
4(709 981 982 710)
4(694 711 983 966)
4(710 982 983 711)
4(695 712 984 967)
4(711 983 984 712)
4(712 984 985 713)
4(698 715 987 970)
4(714 986 987 715)
4(699 716 988 971)
4(715 987 988 716)
4(700 717 989 972)
4(716 988 989 717)
4(701 718 990 973)
4(717 989 990 718)
4(702 719 991 974)
4(718 990 991 719)
4(703 720 992 975)
4(719 991 992 720)
4(704 721 993 976)
4(720 992 993 721)
4(705 722 994 977)
4(721 993 994 722)
4(706 723 995 978)
4(722 994 995 723)
4(707 724 996 979)
4(723 995 996 724)
4(708 725 997 980)
4(724 996 997 725)
4(709 726 998 981)
4(725 997 998 726)
4(710 727 999 982)
4(726 998 999 727)
4(711 728 1000 983)
4(727 999 1000 728)
4(712 729 1001 984)
4(728 1000 1001 729)
4(729 1001 1002 730)
4(715 732 1004 987)
4(731 1003 1004 732)
4(716 733 1005 988)
4(732 1004 1005 733)
4(717 734 1006 989)
4(733 1005 1006 734)
4(718 735 1007 990)
4(734 1006 1007 735)
4(719 736 1008 991)
4(735 1007 1008 736)
4(720 737 1009 992)
4(736 1008 1009 737)
4(721 738 1010 993)
4(737 1009 1010 738)
4(722 739 1011 994)
4(738 1010 1011 739)
4(723 740 1012 995)
4(739 1011 1012 740)
4(724 741 1013 996)
4(740 1012 1013 741)
4(725 742 1014 997)
4(741 1013 1014 742)
4(726 743 1015 998)
4(742 1014 1015 743)
4(727 744 1016 999)
4(743 1015 1016 744)
4(728 745 1017 1000)
4(744 1016 1017 745)
4(729 746 1018 1001)
4(745 1017 1018 746)
4(746 1018 1019 747)
4(732 749 1021 1004)
4(748 1020 1021 749)
4(733 750 1022 1005)
4(749 1021 1022 750)
4(734 751 1023 1006)
4(750 1022 1023 751)
4(735 752 1024 1007)
4(751 1023 1024 752)
4(736 753 1025 1008)
4(752 1024 1025 753)
4(737 754 1026 1009)
4(753 1025 1026 754)
4(738 755 1027 1010)
4(754 1026 1027 755)
4(739 756 1028 1011)
4(755 1027 1028 756)
4(740 757 1029 1012)
4(756 1028 1029 757)
4(741 758 1030 1013)
4(757 1029 1030 758)
4(742 759 1031 1014)
4(758 1030 1031 759)
4(743 760 1032 1015)
4(759 1031 1032 760)
4(744 761 1033 1016)
4(760 1032 1033 761)
4(745 762 1034 1017)
4(761 1033 1034 762)
4(746 763 1035 1018)
4(762 1034 1035 763)
4(763 1035 1036 764)
4(749 766 1038 1021)
4(765 1037 1038 766)
4(750 767 1039 1022)
4(766 1038 1039 767)
4(751 768 1040 1023)
4(767 1039 1040 768)
4(752 769 1041 1024)
4(768 1040 1041 769)
4(753 770 1042 1025)
4(769 1041 1042 770)
4(754 771 1043 1026)
4(770 1042 1043 771)
4(755 772 1044 1027)
4(771 1043 1044 772)
4(756 773 1045 1028)
4(772 1044 1045 773)
4(757 774 1046 1029)
4(773 1045 1046 774)
4(758 775 1047 1030)
4(774 1046 1047 775)
4(759 776 1048 1031)
4(775 1047 1048 776)
4(760 777 1049 1032)
4(776 1048 1049 777)
4(761 778 1050 1033)
4(777 1049 1050 778)
4(762 779 1051 1034)
4(778 1050 1051 779)
4(763 780 1052 1035)
4(779 1051 1052 780)
4(780 1052 1053 781)
4(766 783 1055 1038)
4(782 1054 1055 783)
4(767 784 1056 1039)
4(783 1055 1056 784)
4(768 785 1057 1040)
4(784 1056 1057 785)
4(769 786 1058 1041)
4(785 1057 1058 786)
4(770 787 1059 1042)
4(786 1058 1059 787)
4(771 788 1060 1043)
4(787 1059 1060 788)
4(772 789 1061 1044)
4(788 1060 1061 789)
4(773 790 1062 1045)
4(789 1061 1062 790)
4(774 791 1063 1046)
4(790 1062 1063 791)
4(775 792 1064 1047)
4(791 1063 1064 792)
4(776 793 1065 1048)
4(792 1064 1065 793)
4(777 794 1066 1049)
4(793 1065 1066 794)
4(778 795 1067 1050)
4(794 1066 1067 795)
4(779 796 1068 1051)
4(795 1067 1068 796)
4(780 797 1069 1052)
4(796 1068 1069 797)
4(797 1069 1070 798)
4(783 800 1072 1055)
4(799 1071 1072 800)
4(784 801 1073 1056)
4(800 1072 1073 801)
4(785 802 1074 1057)
4(801 1073 1074 802)
4(786 803 1075 1058)
4(802 1074 1075 803)
4(787 804 1076 1059)
4(803 1075 1076 804)
4(788 805 1077 1060)
4(804 1076 1077 805)
4(789 806 1078 1061)
4(805 1077 1078 806)
4(790 807 1079 1062)
4(806 1078 1079 807)
4(791 808 1080 1063)
4(807 1079 1080 808)
4(792 809 1081 1064)
4(808 1080 1081 809)
4(793 810 1082 1065)
4(809 1081 1082 810)
4(794 811 1083 1066)
4(810 1082 1083 811)
4(795 812 1084 1067)
4(811 1083 1084 812)
4(796 813 1085 1068)
4(812 1084 1085 813)
4(797 814 1086 1069)
4(813 1085 1086 814)
4(814 1086 1087 815)
4(800 817 1089 1072)
4(816 1088 1089 817)
4(801 818 1090 1073)
4(817 1089 1090 818)
4(802 819 1091 1074)
4(818 1090 1091 819)
4(803 820 1092 1075)
4(819 1091 1092 820)
4(804 821 1093 1076)
4(820 1092 1093 821)
4(805 822 1094 1077)
4(821 1093 1094 822)
4(806 823 1095 1078)
4(822 1094 1095 823)
4(807 824 1096 1079)
4(823 1095 1096 824)
4(808 825 1097 1080)
4(824 1096 1097 825)
4(809 826 1098 1081)
4(825 1097 1098 826)
4(810 827 1099 1082)
4(826 1098 1099 827)
4(811 828 1100 1083)
4(827 1099 1100 828)
4(812 829 1101 1084)
4(828 1100 1101 829)
4(813 830 1102 1085)
4(829 1101 1102 830)
4(814 831 1103 1086)
4(830 1102 1103 831)
4(831 1103 1104 832)
4(817 834 1106 1089)
4(818 835 1107 1090)
4(819 836 1108 1091)
4(820 837 1109 1092)
4(821 838 1110 1093)
4(822 839 1111 1094)
4(823 840 1112 1095)
4(824 841 1113 1096)
4(825 842 1114 1097)
4(826 843 1115 1098)
4(827 844 1116 1099)
4(828 845 1117 1100)
4(829 846 1118 1101)
4(830 847 1119 1102)
4(831 848 1120 1103)
4(833 1105 1106 834)
4(834 1106 1107 835)
4(835 1107 1108 836)
4(836 1108 1109 837)
4(837 1109 1110 838)
4(838 1110 1111 839)
4(839 1111 1112 840)
4(840 1112 1113 841)
4(841 1113 1114 842)
4(842 1114 1115 843)
4(843 1115 1116 844)
4(844 1116 1117 845)
4(845 1117 1118 846)
4(846 1118 1119 847)
4(847 1119 1120 848)
4(848 1120 1121 849)
4(0 289 306 17)
4(17 306 323 34)
4(34 323 340 51)
4(51 340 357 68)
4(68 357 374 85)
4(85 374 391 102)
4(102 391 408 119)
4(119 408 425 136)
4(136 425 442 153)
4(153 442 459 170)
4(170 459 476 187)
4(187 476 493 204)
4(204 493 510 221)
4(221 510 527 238)
4(238 527 544 255)
4(255 544 561 272)
4(272 561 850 578)
4(578 850 867 595)
4(595 867 884 612)
4(612 884 901 629)
4(629 901 918 646)
4(646 918 935 663)
4(663 935 952 680)
4(680 952 969 697)
4(697 969 986 714)
4(714 986 1003 731)
4(731 1003 1020 748)
4(748 1020 1037 765)
4(765 1037 1054 782)
4(782 1054 1071 799)
4(799 1071 1088 816)
4(816 1088 1105 833)
4(16 33 322 305)
4(33 50 339 322)
4(50 67 356 339)
4(67 84 373 356)
4(84 101 390 373)
4(101 118 407 390)
4(118 135 424 407)
4(135 152 441 424)
4(152 169 458 441)
4(169 186 475 458)
4(186 203 492 475)
4(203 220 509 492)
4(220 237 526 509)
4(237 254 543 526)
4(254 271 560 543)
4(271 288 577 560)
4(288 594 866 577)
4(594 611 883 866)
4(611 628 900 883)
4(628 645 917 900)
4(645 662 934 917)
4(662 679 951 934)
4(679 696 968 951)
4(696 713 985 968)
4(713 730 1002 985)
4(730 747 1019 1002)
4(747 764 1036 1019)
4(764 781 1053 1036)
4(781 798 1070 1053)
4(798 815 1087 1070)
4(815 832 1104 1087)
4(832 849 1121 1104)
4(0 1 290 289)
4(1 2 291 290)
4(2 3 292 291)
4(3 4 293 292)
4(4 5 294 293)
4(5 6 295 294)
4(6 7 296 295)
4(7 8 297 296)
4(8 9 298 297)
4(9 10 299 298)
4(10 11 300 299)
4(11 12 301 300)
4(12 13 302 301)
4(13 14 303 302)
4(14 15 304 303)
4(15 16 305 304)
4(0 17 18 1)
4(17 34 35 18)
4(34 51 52 35)
4(51 68 69 52)
4(68 85 86 69)
4(85 102 103 86)
4(102 119 120 103)
4(119 136 137 120)
4(136 153 154 137)
4(153 170 171 154)
4(170 187 188 171)
4(187 204 205 188)
4(204 221 222 205)
4(221 238 239 222)
4(238 255 256 239)
4(255 272 273 256)
4(1 18 19 2)
4(18 35 36 19)
4(35 52 53 36)
4(52 69 70 53)
4(69 86 87 70)
4(86 103 104 87)
4(103 120 121 104)
4(120 137 138 121)
4(137 154 155 138)
4(154 171 172 155)
4(171 188 189 172)
4(188 205 206 189)
4(205 222 223 206)
4(222 239 240 223)
4(239 256 257 240)
4(256 273 274 257)
4(2 19 20 3)
4(19 36 37 20)
4(36 53 54 37)
4(53 70 71 54)
4(70 87 88 71)
4(87 104 105 88)
4(104 121 122 105)
4(121 138 139 122)
4(138 155 156 139)
4(155 172 173 156)
4(172 189 190 173)
4(189 206 207 190)
4(206 223 224 207)
4(223 240 241 224)
4(240 257 258 241)
4(257 274 275 258)
4(3 20 21 4)
4(20 37 38 21)
4(37 54 55 38)
4(54 71 72 55)
4(71 88 89 72)
4(88 105 106 89)
4(105 122 123 106)
4(122 139 140 123)
4(139 156 157 140)
4(156 173 174 157)
4(173 190 191 174)
4(190 207 208 191)
4(207 224 225 208)
4(224 241 242 225)
4(241 258 259 242)
4(258 275 276 259)
4(4 21 22 5)
4(21 38 39 22)
4(38 55 56 39)
4(55 72 73 56)
4(72 89 90 73)
4(89 106 107 90)
4(106 123 124 107)
4(123 140 141 124)
4(140 157 158 141)
4(157 174 175 158)
4(174 191 192 175)
4(191 208 209 192)
4(208 225 226 209)
4(225 242 243 226)
4(242 259 260 243)
4(259 276 277 260)
4(5 22 23 6)
4(22 39 40 23)
4(39 56 57 40)
4(56 73 74 57)
4(73 90 91 74)
4(90 107 108 91)
4(107 124 125 108)
4(124 141 142 125)
4(141 158 159 142)
4(158 175 176 159)
4(175 192 193 176)
4(192 209 210 193)
4(209 226 227 210)
4(226 243 244 227)
4(243 260 261 244)
4(260 277 278 261)
4(6 23 24 7)
4(23 40 41 24)
4(40 57 58 41)
4(57 74 75 58)
4(74 91 92 75)
4(91 108 109 92)
4(108 125 126 109)
4(125 142 143 126)
4(142 159 160 143)
4(159 176 177 160)
4(176 193 194 177)
4(193 210 211 194)
4(210 227 228 211)
4(227 244 245 228)
4(244 261 262 245)
4(261 278 279 262)
4(7 24 25 8)
4(24 41 42 25)
4(41 58 59 42)
4(58 75 76 59)
4(75 92 93 76)
4(92 109 110 93)
4(109 126 127 110)
4(126 143 144 127)
4(143 160 161 144)
4(160 177 178 161)
4(177 194 195 178)
4(194 211 212 195)
4(211 228 229 212)
4(228 245 246 229)
4(245 262 263 246)
4(262 279 280 263)
4(8 25 26 9)
4(25 42 43 26)
4(42 59 60 43)
4(59 76 77 60)
4(76 93 94 77)
4(93 110 111 94)
4(110 127 128 111)
4(127 144 145 128)
4(144 161 162 145)
4(161 178 179 162)
4(178 195 196 179)
4(195 212 213 196)
4(212 229 230 213)
4(229 246 247 230)
4(246 263 264 247)
4(263 280 281 264)
4(9 26 27 10)
4(26 43 44 27)
4(43 60 61 44)
4(60 77 78 61)
4(77 94 95 78)
4(94 111 112 95)
4(111 128 129 112)
4(128 145 146 129)
4(145 162 163 146)
4(162 179 180 163)
4(179 196 197 180)
4(196 213 214 197)
4(213 230 231 214)
4(230 247 248 231)
4(247 264 265 248)
4(264 281 282 265)
4(10 27 28 11)
4(27 44 45 28)
4(44 61 62 45)
4(61 78 79 62)
4(78 95 96 79)
4(95 112 113 96)
4(112 129 130 113)
4(129 146 147 130)
4(146 163 164 147)
4(163 180 181 164)
4(180 197 198 181)
4(197 214 215 198)
4(214 231 232 215)
4(231 248 249 232)
4(248 265 266 249)
4(265 282 283 266)
4(11 28 29 12)
4(28 45 46 29)
4(45 62 63 46)
4(62 79 80 63)
4(79 96 97 80)
4(96 113 114 97)
4(113 130 131 114)
4(130 147 148 131)
4(147 164 165 148)
4(164 181 182 165)
4(181 198 199 182)
4(198 215 216 199)
4(215 232 233 216)
4(232 249 250 233)
4(249 266 267 250)
4(266 283 284 267)
4(12 29 30 13)
4(29 46 47 30)
4(46 63 64 47)
4(63 80 81 64)
4(80 97 98 81)
4(97 114 115 98)
4(114 131 132 115)
4(131 148 149 132)
4(148 165 166 149)
4(165 182 183 166)
4(182 199 200 183)
4(199 216 217 200)
4(216 233 234 217)
4(233 250 251 234)
4(250 267 268 251)
4(267 284 285 268)
4(13 30 31 14)
4(30 47 48 31)
4(47 64 65 48)
4(64 81 82 65)
4(81 98 99 82)
4(98 115 116 99)
4(115 132 133 116)
4(132 149 150 133)
4(149 166 167 150)
4(166 183 184 167)
4(183 200 201 184)
4(200 217 218 201)
4(217 234 235 218)
4(234 251 252 235)
4(251 268 269 252)
4(268 285 286 269)
4(14 31 32 15)
4(31 48 49 32)
4(48 65 66 49)
4(65 82 83 66)
4(82 99 100 83)
4(99 116 117 100)
4(116 133 134 117)
4(133 150 151 134)
4(150 167 168 151)
4(167 184 185 168)
4(184 201 202 185)
4(201 218 219 202)
4(218 235 236 219)
4(235 252 253 236)
4(252 269 270 253)
4(269 286 287 270)
4(15 32 33 16)
4(32 49 50 33)
4(49 66 67 50)
4(66 83 84 67)
4(83 100 101 84)
4(100 117 118 101)
4(117 134 135 118)
4(134 151 152 135)
4(151 168 169 152)
4(168 185 186 169)
4(185 202 203 186)
4(202 219 220 203)
4(219 236 237 220)
4(236 253 254 237)
4(253 270 271 254)
4(270 287 288 271)
4(272 578 579 273)
4(578 595 596 579)
4(595 612 613 596)
4(612 629 630 613)
4(629 646 647 630)
4(646 663 664 647)
4(663 680 681 664)
4(680 697 698 681)
4(697 714 715 698)
4(714 731 732 715)
4(731 748 749 732)
4(748 765 766 749)
4(765 782 783 766)
4(782 799 800 783)
4(799 816 817 800)
4(816 833 834 817)
4(273 579 580 274)
4(579 596 597 580)
4(596 613 614 597)
4(613 630 631 614)
4(630 647 648 631)
4(647 664 665 648)
4(664 681 682 665)
4(681 698 699 682)
4(698 715 716 699)
4(715 732 733 716)
4(732 749 750 733)
4(749 766 767 750)
4(766 783 784 767)
4(783 800 801 784)
4(800 817 818 801)
4(817 834 835 818)
4(274 580 581 275)
4(580 597 598 581)
4(597 614 615 598)
4(614 631 632 615)
4(631 648 649 632)
4(648 665 666 649)
4(665 682 683 666)
4(682 699 700 683)
4(699 716 717 700)
4(716 733 734 717)
4(733 750 751 734)
4(750 767 768 751)
4(767 784 785 768)
4(784 801 802 785)
4(801 818 819 802)
4(818 835 836 819)
4(275 581 582 276)
4(581 598 599 582)
4(598 615 616 599)
4(615 632 633 616)
4(632 649 650 633)
4(649 666 667 650)
4(666 683 684 667)
4(683 700 701 684)
4(700 717 718 701)
4(717 734 735 718)
4(734 751 752 735)
4(751 768 769 752)
4(768 785 786 769)
4(785 802 803 786)
4(802 819 820 803)
4(819 836 837 820)
4(276 582 583 277)
4(582 599 600 583)
4(599 616 617 600)
4(616 633 634 617)
4(633 650 651 634)
4(650 667 668 651)
4(667 684 685 668)
4(684 701 702 685)
4(701 718 719 702)
4(718 735 736 719)
4(735 752 753 736)
4(752 769 770 753)
4(769 786 787 770)
4(786 803 804 787)
4(803 820 821 804)
4(820 837 838 821)
4(277 583 584 278)
4(583 600 601 584)
4(600 617 618 601)
4(617 634 635 618)
4(634 651 652 635)
4(651 668 669 652)
4(668 685 686 669)
4(685 702 703 686)
4(702 719 720 703)
4(719 736 737 720)
4(736 753 754 737)
4(753 770 771 754)
4(770 787 788 771)
4(787 804 805 788)
4(804 821 822 805)
4(821 838 839 822)
4(278 584 585 279)
4(584 601 602 585)
4(601 618 619 602)
4(618 635 636 619)
4(635 652 653 636)
4(652 669 670 653)
4(669 686 687 670)
4(686 703 704 687)
4(703 720 721 704)
4(720 737 738 721)
4(737 754 755 738)
4(754 771 772 755)
4(771 788 789 772)
4(788 805 806 789)
4(805 822 823 806)
4(822 839 840 823)
4(279 585 586 280)
4(585 602 603 586)
4(602 619 620 603)
4(619 636 637 620)
4(636 653 654 637)
4(653 670 671 654)
4(670 687 688 671)
4(687 704 705 688)
4(704 721 722 705)
4(721 738 739 722)
4(738 755 756 739)
4(755 772 773 756)
4(772 789 790 773)
4(789 806 807 790)
4(806 823 824 807)
4(823 840 841 824)
4(280 586 587 281)
4(586 603 604 587)
4(603 620 621 604)
4(620 637 638 621)
4(637 654 655 638)
4(654 671 672 655)
4(671 688 689 672)
4(688 705 706 689)
4(705 722 723 706)
4(722 739 740 723)
4(739 756 757 740)
4(756 773 774 757)
4(773 790 791 774)
4(790 807 808 791)
4(807 824 825 808)
4(824 841 842 825)
4(281 587 588 282)
4(587 604 605 588)
4(604 621 622 605)
4(621 638 639 622)
4(638 655 656 639)
4(655 672 673 656)
4(672 689 690 673)
4(689 706 707 690)
4(706 723 724 707)
4(723 740 741 724)
4(740 757 758 741)
4(757 774 775 758)
4(774 791 792 775)
4(791 808 809 792)
4(808 825 826 809)
4(825 842 843 826)
4(282 588 589 283)
4(588 605 606 589)
4(605 622 623 606)
4(622 639 640 623)
4(639 656 657 640)
4(656 673 674 657)
4(673 690 691 674)
4(690 707 708 691)
4(707 724 725 708)
4(724 741 742 725)
4(741 758 759 742)
4(758 775 776 759)
4(775 792 793 776)
4(792 809 810 793)
4(809 826 827 810)
4(826 843 844 827)
4(283 589 590 284)
4(589 606 607 590)
4(606 623 624 607)
4(623 640 641 624)
4(640 657 658 641)
4(657 674 675 658)
4(674 691 692 675)
4(691 708 709 692)
4(708 725 726 709)
4(725 742 743 726)
4(742 759 760 743)
4(759 776 777 760)
4(776 793 794 777)
4(793 810 811 794)
4(810 827 828 811)
4(827 844 845 828)
4(284 590 591 285)
4(590 607 608 591)
4(607 624 625 608)
4(624 641 642 625)
4(641 658 659 642)
4(658 675 676 659)
4(675 692 693 676)
4(692 709 710 693)
4(709 726 727 710)
4(726 743 744 727)
4(743 760 761 744)
4(760 777 778 761)
4(777 794 795 778)
4(794 811 812 795)
4(811 828 829 812)
4(828 845 846 829)
4(285 591 592 286)
4(591 608 609 592)
4(608 625 626 609)
4(625 642 643 626)
4(642 659 660 643)
4(659 676 677 660)
4(676 693 694 677)
4(693 710 711 694)
4(710 727 728 711)
4(727 744 745 728)
4(744 761 762 745)
4(761 778 779 762)
4(778 795 796 779)
4(795 812 813 796)
4(812 829 830 813)
4(829 846 847 830)
4(286 592 593 287)
4(592 609 610 593)
4(609 626 627 610)
4(626 643 644 627)
4(643 660 661 644)
4(660 677 678 661)
4(677 694 695 678)
4(694 711 712 695)
4(711 728 729 712)
4(728 745 746 729)
4(745 762 763 746)
4(762 779 780 763)
4(779 796 797 780)
4(796 813 814 797)
4(813 830 831 814)
4(830 847 848 831)
4(287 593 594 288)
4(593 610 611 594)
4(610 627 628 611)
4(627 644 645 628)
4(644 661 662 645)
4(661 678 679 662)
4(678 695 696 679)
4(695 712 713 696)
4(712 729 730 713)
4(729 746 747 730)
4(746 763 764 747)
4(763 780 781 764)
4(780 797 798 781)
4(797 814 815 798)
4(814 831 832 815)
4(831 848 849 832)
4(289 290 307 306)
4(306 307 324 323)
4(323 324 341 340)
4(340 341 358 357)
4(357 358 375 374)
4(374 375 392 391)
4(391 392 409 408)
4(408 409 426 425)
4(425 426 443 442)
4(442 443 460 459)
4(459 460 477 476)
4(476 477 494 493)
4(493 494 511 510)
4(510 511 528 527)
4(527 528 545 544)
4(544 545 562 561)
4(290 291 308 307)
4(307 308 325 324)
4(324 325 342 341)
4(341 342 359 358)
4(358 359 376 375)
4(375 376 393 392)
4(392 393 410 409)
4(409 410 427 426)
4(426 427 444 443)
4(443 444 461 460)
4(460 461 478 477)
4(477 478 495 494)
4(494 495 512 511)
4(511 512 529 528)
4(528 529 546 545)
4(545 546 563 562)
4(291 292 309 308)
4(308 309 326 325)
4(325 326 343 342)
4(342 343 360 359)
4(359 360 377 376)
4(376 377 394 393)
4(393 394 411 410)
4(410 411 428 427)
4(427 428 445 444)
4(444 445 462 461)
4(461 462 479 478)
4(478 479 496 495)
4(495 496 513 512)
4(512 513 530 529)
4(529 530 547 546)
4(546 547 564 563)
4(292 293 310 309)
4(309 310 327 326)
4(326 327 344 343)
4(343 344 361 360)
4(360 361 378 377)
4(377 378 395 394)
4(394 395 412 411)
4(411 412 429 428)
4(428 429 446 445)
4(445 446 463 462)
4(462 463 480 479)
4(479 480 497 496)
4(496 497 514 513)
4(513 514 531 530)
4(530 531 548 547)
4(547 548 565 564)
4(293 294 311 310)
4(310 311 328 327)
4(327 328 345 344)
4(344 345 362 361)
4(361 362 379 378)
4(378 379 396 395)
4(395 396 413 412)
4(412 413 430 429)
4(429 430 447 446)
4(446 447 464 463)
4(463 464 481 480)
4(480 481 498 497)
4(497 498 515 514)
4(514 515 532 531)
4(531 532 549 548)
4(548 549 566 565)
4(294 295 312 311)
4(311 312 329 328)
4(328 329 346 345)
4(345 346 363 362)
4(362 363 380 379)
4(379 380 397 396)
4(396 397 414 413)
4(413 414 431 430)
4(430 431 448 447)
4(447 448 465 464)
4(464 465 482 481)
4(481 482 499 498)
4(498 499 516 515)
4(515 516 533 532)
4(532 533 550 549)
4(549 550 567 566)
4(295 296 313 312)
4(312 313 330 329)
4(329 330 347 346)
4(346 347 364 363)
4(363 364 381 380)
4(380 381 398 397)
4(397 398 415 414)
4(414 415 432 431)
4(431 432 449 448)
4(448 449 466 465)
4(465 466 483 482)
4(482 483 500 499)
4(499 500 517 516)
4(516 517 534 533)
4(533 534 551 550)
4(550 551 568 567)
4(296 297 314 313)
4(313 314 331 330)
4(330 331 348 347)
4(347 348 365 364)
4(364 365 382 381)
4(381 382 399 398)
4(398 399 416 415)
4(415 416 433 432)
4(432 433 450 449)
4(449 450 467 466)
4(466 467 484 483)
4(483 484 501 500)
4(500 501 518 517)
4(517 518 535 534)
4(534 535 552 551)
4(551 552 569 568)
4(297 298 315 314)
4(314 315 332 331)
4(331 332 349 348)
4(348 349 366 365)
4(365 366 383 382)
4(382 383 400 399)
4(399 400 417 416)
4(416 417 434 433)
4(433 434 451 450)
4(450 451 468 467)
4(467 468 485 484)
4(484 485 502 501)
4(501 502 519 518)
4(518 519 536 535)
4(535 536 553 552)
4(552 553 570 569)
4(298 299 316 315)
4(315 316 333 332)
4(332 333 350 349)
4(349 350 367 366)
4(366 367 384 383)
4(383 384 401 400)
4(400 401 418 417)
4(417 418 435 434)
4(434 435 452 451)
4(451 452 469 468)
4(468 469 486 485)
4(485 486 503 502)
4(502 503 520 519)
4(519 520 537 536)
4(536 537 554 553)
4(553 554 571 570)
4(299 300 317 316)
4(316 317 334 333)
4(333 334 351 350)
4(350 351 368 367)
4(367 368 385 384)
4(384 385 402 401)
4(401 402 419 418)
4(418 419 436 435)
4(435 436 453 452)
4(452 453 470 469)
4(469 470 487 486)
4(486 487 504 503)
4(503 504 521 520)
4(520 521 538 537)
4(537 538 555 554)
4(554 555 572 571)
4(300 301 318 317)
4(317 318 335 334)
4(334 335 352 351)
4(351 352 369 368)
4(368 369 386 385)
4(385 386 403 402)
4(402 403 420 419)
4(419 420 437 436)
4(436 437 454 453)
4(453 454 471 470)
4(470 471 488 487)
4(487 488 505 504)
4(504 505 522 521)
4(521 522 539 538)
4(538 539 556 555)
4(555 556 573 572)
4(301 302 319 318)
4(318 319 336 335)
4(335 336 353 352)
4(352 353 370 369)
4(369 370 387 386)
4(386 387 404 403)
4(403 404 421 420)
4(420 421 438 437)
4(437 438 455 454)
4(454 455 472 471)
4(471 472 489 488)
4(488 489 506 505)
4(505 506 523 522)
4(522 523 540 539)
4(539 540 557 556)
4(556 557 574 573)
4(302 303 320 319)
4(319 320 337 336)
4(336 337 354 353)
4(353 354 371 370)
4(370 371 388 387)
4(387 388 405 404)
4(404 405 422 421)
4(421 422 439 438)
4(438 439 456 455)
4(455 456 473 472)
4(472 473 490 489)
4(489 490 507 506)
4(506 507 524 523)
4(523 524 541 540)
4(540 541 558 557)
4(557 558 575 574)
4(303 304 321 320)
4(320 321 338 337)
4(337 338 355 354)
4(354 355 372 371)
4(371 372 389 388)
4(388 389 406 405)
4(405 406 423 422)
4(422 423 440 439)
4(439 440 457 456)
4(456 457 474 473)
4(473 474 491 490)
4(490 491 508 507)
4(507 508 525 524)
4(524 525 542 541)
4(541 542 559 558)
4(558 559 576 575)
4(304 305 322 321)
4(321 322 339 338)
4(338 339 356 355)
4(355 356 373 372)
4(372 373 390 389)
4(389 390 407 406)
4(406 407 424 423)
4(423 424 441 440)
4(440 441 458 457)
4(457 458 475 474)
4(474 475 492 491)
4(491 492 509 508)
4(508 509 526 525)
4(525 526 543 542)
4(542 543 560 559)
4(559 560 577 576)
4(561 562 851 850)
4(850 851 868 867)
4(867 868 885 884)
4(884 885 902 901)
4(901 902 919 918)
4(918 919 936 935)
4(935 936 953 952)
4(952 953 970 969)
4(969 970 987 986)
4(986 987 1004 1003)
4(1003 1004 1021 1020)
4(1020 1021 1038 1037)
4(1037 1038 1055 1054)
4(1054 1055 1072 1071)
4(1071 1072 1089 1088)
4(1088 1089 1106 1105)
4(562 563 852 851)
4(851 852 869 868)
4(868 869 886 885)
4(885 886 903 902)
4(902 903 920 919)
4(919 920 937 936)
4(936 937 954 953)
4(953 954 971 970)
4(970 971 988 987)
4(987 988 1005 1004)
4(1004 1005 1022 1021)
4(1021 1022 1039 1038)
4(1038 1039 1056 1055)
4(1055 1056 1073 1072)
4(1072 1073 1090 1089)
4(1089 1090 1107 1106)
4(563 564 853 852)
4(852 853 870 869)
4(869 870 887 886)
4(886 887 904 903)
4(903 904 921 920)
4(920 921 938 937)
4(937 938 955 954)
4(954 955 972 971)
4(971 972 989 988)
4(988 989 1006 1005)
4(1005 1006 1023 1022)
4(1022 1023 1040 1039)
4(1039 1040 1057 1056)
4(1056 1057 1074 1073)
4(1073 1074 1091 1090)
4(1090 1091 1108 1107)
4(564 565 854 853)
4(853 854 871 870)
4(870 871 888 887)
4(887 888 905 904)
4(904 905 922 921)
4(921 922 939 938)
4(938 939 956 955)
4(955 956 973 972)
4(972 973 990 989)
4(989 990 1007 1006)
4(1006 1007 1024 1023)
4(1023 1024 1041 1040)
4(1040 1041 1058 1057)
4(1057 1058 1075 1074)
4(1074 1075 1092 1091)
4(1091 1092 1109 1108)
4(565 566 855 854)
4(854 855 872 871)
4(871 872 889 888)
4(888 889 906 905)
4(905 906 923 922)
4(922 923 940 939)
4(939 940 957 956)
4(956 957 974 973)
4(973 974 991 990)
4(990 991 1008 1007)
4(1007 1008 1025 1024)
4(1024 1025 1042 1041)
4(1041 1042 1059 1058)
4(1058 1059 1076 1075)
4(1075 1076 1093 1092)
4(1092 1093 1110 1109)
4(566 567 856 855)
4(855 856 873 872)
4(872 873 890 889)
4(889 890 907 906)
4(906 907 924 923)
4(923 924 941 940)
4(940 941 958 957)
4(957 958 975 974)
4(974 975 992 991)
4(991 992 1009 1008)
4(1008 1009 1026 1025)
4(1025 1026 1043 1042)
4(1042 1043 1060 1059)
4(1059 1060 1077 1076)
4(1076 1077 1094 1093)
4(1093 1094 1111 1110)
4(567 568 857 856)
4(856 857 874 873)
4(873 874 891 890)
4(890 891 908 907)
4(907 908 925 924)
4(924 925 942 941)
4(941 942 959 958)
4(958 959 976 975)
4(975 976 993 992)
4(992 993 1010 1009)
4(1009 1010 1027 1026)
4(1026 1027 1044 1043)
4(1043 1044 1061 1060)
4(1060 1061 1078 1077)
4(1077 1078 1095 1094)
4(1094 1095 1112 1111)
4(568 569 858 857)
4(857 858 875 874)
4(874 875 892 891)
4(891 892 909 908)
4(908 909 926 925)
4(925 926 943 942)
4(942 943 960 959)
4(959 960 977 976)
4(976 977 994 993)
4(993 994 1011 1010)
4(1010 1011 1028 1027)
4(1027 1028 1045 1044)
4(1044 1045 1062 1061)
4(1061 1062 1079 1078)
4(1078 1079 1096 1095)
4(1095 1096 1113 1112)
4(569 570 859 858)
4(858 859 876 875)
4(875 876 893 892)
4(892 893 910 909)
4(909 910 927 926)
4(926 927 944 943)
4(943 944 961 960)
4(960 961 978 977)
4(977 978 995 994)
4(994 995 1012 1011)
4(1011 1012 1029 1028)
4(1028 1029 1046 1045)
4(1045 1046 1063 1062)
4(1062 1063 1080 1079)
4(1079 1080 1097 1096)
4(1096 1097 1114 1113)
4(570 571 860 859)
4(859 860 877 876)
4(876 877 894 893)
4(893 894 911 910)
4(910 911 928 927)
4(927 928 945 944)
4(944 945 962 961)
4(961 962 979 978)
4(978 979 996 995)
4(995 996 1013 1012)
4(1012 1013 1030 1029)
4(1029 1030 1047 1046)
4(1046 1047 1064 1063)
4(1063 1064 1081 1080)
4(1080 1081 1098 1097)
4(1097 1098 1115 1114)
4(571 572 861 860)
4(860 861 878 877)
4(877 878 895 894)
4(894 895 912 911)
4(911 912 929 928)
4(928 929 946 945)
4(945 946 963 962)
4(962 963 980 979)
4(979 980 997 996)
4(996 997 1014 1013)
4(1013 1014 1031 1030)
4(1030 1031 1048 1047)
4(1047 1048 1065 1064)
4(1064 1065 1082 1081)
4(1081 1082 1099 1098)
4(1098 1099 1116 1115)
4(572 573 862 861)
4(861 862 879 878)
4(878 879 896 895)
4(895 896 913 912)
4(912 913 930 929)
4(929 930 947 946)
4(946 947 964 963)
4(963 964 981 980)
4(980 981 998 997)
4(997 998 1015 1014)
4(1014 1015 1032 1031)
4(1031 1032 1049 1048)
4(1048 1049 1066 1065)
4(1065 1066 1083 1082)
4(1082 1083 1100 1099)
4(1099 1100 1117 1116)
4(573 574 863 862)
4(862 863 880 879)
4(879 880 897 896)
4(896 897 914 913)
4(913 914 931 930)
4(930 931 948 947)
4(947 948 965 964)
4(964 965 982 981)
4(981 982 999 998)
4(998 999 1016 1015)
4(1015 1016 1033 1032)
4(1032 1033 1050 1049)
4(1049 1050 1067 1066)
4(1066 1067 1084 1083)
4(1083 1084 1101 1100)
4(1100 1101 1118 1117)
4(574 575 864 863)
4(863 864 881 880)
4(880 881 898 897)
4(897 898 915 914)
4(914 915 932 931)
4(931 932 949 948)
4(948 949 966 965)
4(965 966 983 982)
4(982 983 1000 999)
4(999 1000 1017 1016)
4(1016 1017 1034 1033)
4(1033 1034 1051 1050)
4(1050 1051 1068 1067)
4(1067 1068 1085 1084)
4(1084 1085 1102 1101)
4(1101 1102 1119 1118)
4(575 576 865 864)
4(864 865 882 881)
4(881 882 899 898)
4(898 899 916 915)
4(915 916 933 932)
4(932 933 950 949)
4(949 950 967 966)
4(966 967 984 983)
4(983 984 1001 1000)
4(1000 1001 1018 1017)
4(1017 1018 1035 1034)
4(1034 1035 1052 1051)
4(1051 1052 1069 1068)
4(1068 1069 1086 1085)
4(1085 1086 1103 1102)
4(1102 1103 1120 1119)
4(576 577 866 865)
4(865 866 883 882)
4(882 883 900 899)
4(899 900 917 916)
4(916 917 934 933)
4(933 934 951 950)
4(950 951 968 967)
4(967 968 985 984)
4(984 985 1002 1001)
4(1001 1002 1019 1018)
4(1018 1019 1036 1035)
4(1035 1036 1053 1052)
4(1052 1053 1070 1069)
4(1069 1070 1087 1086)
4(1086 1087 1104 1103)
4(1103 1104 1121 1120)
)


// ************************************************************************* //
