/*--------------------------------*- C++ -*----------------------------------*\
| =========                 |                                                 |
| \\      /  F ield         | foam-extend: Open Source CFD                    |
|  \\    /   O peration     | Version:     4.0                                |
|   \\  /    A nd           | Web:         http://www.foam-extend.org         |
|    \\/     M anipulation  |                                                 |
\*---------------------------------------------------------------------------*/
FoamFile
{
    version     2.0;
    format      ascii;
    class       vectorField;
    location    "constant/polyMesh";
    object      points;
}
// * * * * * * * * * * * * * * * * * * * * * * * * * * * * * * * * * * * * * //


1122
(
(0 0 0)
(0.1887658935 0 0)
(0.3433583133 0 0)
(0.4699638976 0 0)
(0.5736492789 0 0)
(0.6585638452 0 0)
(0.728105795 0 0)
(0.7850581294 0 0)
(0.8317000254 0 0)
(0.8698980465 0 0)
(0.9011808402 0 0)
(0.9268003135 0 0)
(0.9477817329 0 0)
(0.9649647543 0 0)
(0.9790370256 0 0)
(0.9905617053 0 0)
(1 0 0)
(0 0.004719147338 0)
(0.1887658935 0.004719147338 0)
(0.3433583133 0.004719147338 0)
(0.4699638976 0.004719147338 0)
(0.5736492789 0.004719147338 0)
(0.6585638452 0.004719147338 0)
(0.728105795 0.004719147338 0)
(0.7850581294 0.004719147338 0)
(0.8317000254 0.004719147338 0)
(0.8698980465 0.004719147338 0)
(0.9011808402 0.004719147338 0)
(0.9268003135 0.004719147338 0)
(0.9477817329 0.004719147338 0)
(0.9649647543 0.004719147338 0)
(0.9790370256 0.004719147338 0)
(0.9905617053 0.004719147338 0)
(1 0.004719147338 0)
(0 0.01048148721 0)
(0.1887658935 0.01048148721 0)
(0.3433583133 0.01048148721 0)
(0.4699638976 0.01048148721 0)
(0.5736492789 0.01048148721 0)
(0.6585638452 0.01048148721 0)
(0.728105795 0.01048148721 0)
(0.7850581294 0.01048148721 0)
(0.8317000254 0.01048148721 0)
(0.8698980465 0.01048148721 0)
(0.9011808402 0.01048148721 0)
(0.9268003135 0.01048148721 0)
(0.9477817329 0.01048148721 0)
(0.9649647543 0.01048148721 0)
(0.9790370256 0.01048148721 0)
(0.9905617053 0.01048148721 0)
(1 0.01048148721 0)
(0 0.01751762284 0)
(0.1887658935 0.01751762284 0)
(0.3433583133 0.01751762284 0)
(0.4699638976 0.01751762284 0)
(0.5736492789 0.01751762284 0)
(0.6585638452 0.01751762284 0)
(0.728105795 0.01751762284 0)
(0.7850581294 0.01751762284 0)
(0.8317000254 0.01751762284 0)
(0.8698980465 0.01751762284 0)
(0.9011808402 0.01751762284 0)
(0.9268003135 0.01751762284 0)
(0.9477817329 0.01751762284 0)
(0.9649647543 0.01751762284 0)
(0.9790370256 0.01751762284 0)
(0.9905617053 0.01751762284 0)
(1 0.01751762284 0)
(0 0.02610913356 0)
(0.1887658935 0.02610913356 0)
(0.3433583133 0.02610913356 0)
(0.4699638976 0.02610913356 0)
(0.5736492789 0.02610913356 0)
(0.6585638452 0.02610913356 0)
(0.728105795 0.02610913356 0)
(0.7850581294 0.02610913356 0)
(0.8317000254 0.02610913356 0)
(0.8698980465 0.02610913356 0)
(0.9011808402 0.02610913356 0)
(0.9268003135 0.02610913356 0)
(0.9477817329 0.02610913356 0)
(0.9649647543 0.02610913356 0)
(0.9790370256 0.02610913356 0)
(0.9905617053 0.02610913356 0)
(1 0.02610913356 0)
(0 0.03659984325 0)
(0.1887658935 0.03659984325 0)
(0.3433583133 0.03659984325 0)
(0.4699638976 0.03659984325 0)
(0.5736492789 0.03659984325 0)
(0.6585638452 0.03659984325 0)
(0.728105795 0.03659984325 0)
(0.7850581294 0.03659984325 0)
(0.8317000254 0.03659984325 0)
(0.8698980465 0.03659984325 0)
(0.9011808402 0.03659984325 0)
(0.9268003135 0.03659984325 0)
(0.9477817329 0.03659984325 0)
(0.9649647543 0.03659984325 0)
(0.9790370256 0.03659984325 0)
(0.9905617053 0.03659984325 0)
(1 0.03659984325 0)
(0 0.04940957991 0)
(0.1887658935 0.04940957991 0)
(0.3433583133 0.04940957991 0)
(0.4699638976 0.04940957991 0)
(0.5736492789 0.04940957991 0)
(0.6585638452 0.04940957991 0)
(0.728105795 0.04940957991 0)
(0.7850581294 0.04940957991 0)
(0.8317000254 0.04940957991 0)
(0.8698980465 0.04940957991 0)
(0.9011808402 0.04940957991 0)
(0.9268003135 0.04940957991 0)
(0.9477817329 0.04940957991 0)
(0.9649647543 0.04940957991 0)
(0.9790370256 0.04940957991 0)
(0.9905617053 0.04940957991 0)
(1 0.04940957991 0)
(0 0.06505097677 0)
(0.1887658935 0.06505097677 0)
(0.3433583133 0.06505097677 0)
(0.4699638976 0.06505097677 0)
(0.5736492789 0.06505097677 0)
(0.6585638452 0.06505097677 0)
(0.728105795 0.06505097677 0)
(0.7850581294 0.06505097677 0)
(0.8317000254 0.06505097677 0)
(0.8698980465 0.06505097677 0)
(0.9011808402 0.06505097677 0)
(0.9268003135 0.06505097677 0)
(0.9477817329 0.06505097677 0)
(0.9649647543 0.06505097677 0)
(0.9790370256 0.06505097677 0)
(0.9905617053 0.06505097677 0)
(1 0.06505097677 0)
(0 0.08414998729 0)
(0.1887658935 0.08414998729 0)
(0.3433583133 0.08414998729 0)
(0.4699638976 0.08414998729 0)
(0.5736492789 0.08414998729 0)
(0.6585638452 0.08414998729 0)
(0.728105795 0.08414998729 0)
(0.7850581294 0.08414998729 0)
(0.8317000254 0.08414998729 0)
(0.8698980465 0.08414998729 0)
(0.9011808402 0.08414998729 0)
(0.9268003135 0.08414998729 0)
(0.9477817329 0.08414998729 0)
(0.9649647543 0.08414998729 0)
(0.9790370256 0.08414998729 0)
(0.9905617053 0.08414998729 0)
(1 0.08414998729 0)
(0 0.1074709353 0)
(0.1887658935 0.1074709353 0)
(0.3433583133 0.1074709353 0)
(0.4699638976 0.1074709353 0)
(0.5736492789 0.1074709353 0)
(0.6585638452 0.1074709353 0)
(0.728105795 0.1074709353 0)
(0.7850581294 0.1074709353 0)
(0.8317000254 0.1074709353 0)
(0.8698980465 0.1074709353 0)
(0.9011808402 0.1074709353 0)
(0.9268003135 0.1074709353 0)
(0.9477817329 0.1074709353 0)
(0.9649647543 0.1074709353 0)
(0.9790370256 0.1074709353 0)
(0.9905617053 0.1074709353 0)
(1 0.1074709353 0)
(0 0.1359471025 0)
(0.1887658935 0.1359471025 0)
(0.3433583133 0.1359471025 0)
(0.4699638976 0.1359471025 0)
(0.5736492789 0.1359471025 0)
(0.6585638452 0.1359471025 0)
(0.728105795 0.1359471025 0)
(0.7850581294 0.1359471025 0)
(0.8317000254 0.1359471025 0)
(0.8698980465 0.1359471025 0)
(0.9011808402 0.1359471025 0)
(0.9268003135 0.1359471025 0)
(0.9477817329 0.1359471025 0)
(0.9649647543 0.1359471025 0)
(0.9790370256 0.1359471025 0)
(0.9905617053 0.1359471025 0)
(1 0.1359471025 0)
(0 0.1707180774 0)
(0.1887658935 0.1707180774 0)
(0.3433583133 0.1707180774 0)
(0.4699638976 0.1707180774 0)
(0.5736492789 0.1707180774 0)
(0.6585638452 0.1707180774 0)
(0.728105795 0.1707180774 0)
(0.7850581294 0.1707180774 0)
(0.8317000254 0.1707180774 0)
(0.8698980465 0.1707180774 0)
(0.9011808402 0.1707180774 0)
(0.9268003135 0.1707180774 0)
(0.9477817329 0.1707180774 0)
(0.9649647543 0.1707180774 0)
(0.9790370256 0.1707180774 0)
(0.9905617053 0.1707180774 0)
(1 0.1707180774 0)
(0 0.2131753606 0)
(0.1887658935 0.2131753606 0)
(0.3433583133 0.2131753606 0)
(0.4699638976 0.2131753606 0)
(0.5736492789 0.2131753606 0)
(0.6585638452 0.2131753606 0)
(0.728105795 0.2131753606 0)
(0.7850581294 0.2131753606 0)
(0.8317000254 0.2131753606 0)
(0.8698980465 0.2131753606 0)
(0.9011808402 0.2131753606 0)
(0.9268003135 0.2131753606 0)
(0.9477817329 0.2131753606 0)
(0.9649647543 0.2131753606 0)
(0.9790370256 0.2131753606 0)
(0.9905617053 0.2131753606 0)
(1 0.2131753606 0)
(0 0.2650180512 0)
(0.1887658935 0.2650180512 0)
(0.3433583133 0.2650180512 0)
(0.4699638976 0.2650180512 0)
(0.5736492789 0.2650180512 0)
(0.6585638452 0.2650180512 0)
(0.728105795 0.2650180512 0)
(0.7850581294 0.2650180512 0)
(0.8317000254 0.2650180512 0)
(0.8698980465 0.2650180512 0)
(0.9011808402 0.2650180512 0)
(0.9268003135 0.2650180512 0)
(0.9477817329 0.2650180512 0)
(0.9649647543 0.2650180512 0)
(0.9790370256 0.2650180512 0)
(0.9905617053 0.2650180512 0)
(1 0.2650180512 0)
(0 0.3283208434 0)
(0.1887658935 0.3283208434 0)
(0.3433583133 0.3283208434 0)
(0.4699638976 0.3283208434 0)
(0.5736492789 0.3283208434 0)
(0.6585638452 0.3283208434 0)
(0.728105795 0.3283208434 0)
(0.7850581294 0.3283208434 0)
(0.8317000254 0.3283208434 0)
(0.8698980465 0.3283208434 0)
(0.9011808402 0.3283208434 0)
(0.9268003135 0.3283208434 0)
(0.9477817329 0.3283208434 0)
(0.9649647543 0.3283208434 0)
(0.9790370256 0.3283208434 0)
(0.9905617053 0.3283208434 0)
(1 0.3283208434 0)
(0 0.4056170532 0)
(0.1887658935 0.4056170532 0)
(0.3433583133 0.4056170532 0)
(0.4699638976 0.4056170532 0)
(0.5736492789 0.4056170532 0)
(0.6585638452 0.4056170532 0)
(0.728105795 0.4056170532 0)
(0.7850581294 0.4056170532 0)
(0.8317000254 0.4056170532 0)
(0.8698980465 0.4056170532 0)
(0.9011808402 0.4056170532 0)
(0.9268003135 0.4056170532 0)
(0.9477817329 0.4056170532 0)
(0.9649647543 0.4056170532 0)
(0.9790370256 0.4056170532 0)
(0.9905617053 0.4056170532 0)
(1 0.4056170532 0)
(0 0.5 0)
(0.1887658935 0.5 0)
(0.3433583133 0.5 0)
(0.4699638976 0.5 0)
(0.5736492789 0.5 0)
(0.6585638452 0.5 0)
(0.728105795 0.5 0)
(0.7850581294 0.5 0)
(0.8317000254 0.5 0)
(0.8698980465 0.5 0)
(0.9011808402 0.5 0)
(0.9268003135 0.5 0)
(0.9477817329 0.5 0)
(0.9649647543 0.5 0)
(0.9790370256 0.5 0)
(0.9905617053 0.5 0)
(1 0.5 0)
(0 0 1)
(0.1887658935 0 1)
(0.3433583133 0 1)
(0.4699638976 0 1)
(0.5736492789 0 1)
(0.6585638452 0 1)
(0.728105795 0 1)
(0.7850581294 0 1)
(0.8317000254 0 1)
(0.8698980465 0 1)
(0.9011808402 0 1)
(0.9268003135 0 1)
(0.9477817329 0 1)
(0.9649647543 0 1)
(0.9790370256 0 1)
(0.9905617053 0 1)
(1 0 1)
(0 0.004719147338 1)
(0.1887658935 0.004719147338 1)
(0.3433583133 0.004719147338 1)
(0.4699638976 0.004719147338 1)
(0.5736492789 0.004719147338 1)
(0.6585638452 0.004719147338 1)
(0.728105795 0.004719147338 1)
(0.7850581294 0.004719147338 1)
(0.8317000254 0.004719147338 1)
(0.8698980465 0.004719147338 1)
(0.9011808402 0.004719147338 1)
(0.9268003135 0.004719147338 1)
(0.9477817329 0.004719147338 1)
(0.9649647543 0.004719147338 1)
(0.9790370256 0.004719147338 1)
(0.9905617053 0.004719147338 1)
(1 0.004719147338 1)
(0 0.01048148721 1)
(0.1887658935 0.01048148721 1)
(0.3433583133 0.01048148721 1)
(0.4699638976 0.01048148721 1)
(0.5736492789 0.01048148721 1)
(0.6585638452 0.01048148721 1)
(0.728105795 0.01048148721 1)
(0.7850581294 0.01048148721 1)
(0.8317000254 0.01048148721 1)
(0.8698980465 0.01048148721 1)
(0.9011808402 0.01048148721 1)
(0.9268003135 0.01048148721 1)
(0.9477817329 0.01048148721 1)
(0.9649647543 0.01048148721 1)
(0.9790370256 0.01048148721 1)
(0.9905617053 0.01048148721 1)
(1 0.01048148721 1)
(0 0.01751762284 1)
(0.1887658935 0.01751762284 1)
(0.3433583133 0.01751762284 1)
(0.4699638976 0.01751762284 1)
(0.5736492789 0.01751762284 1)
(0.6585638452 0.01751762284 1)
(0.728105795 0.01751762284 1)
(0.7850581294 0.01751762284 1)
(0.8317000254 0.01751762284 1)
(0.8698980465 0.01751762284 1)
(0.9011808402 0.01751762284 1)
(0.9268003135 0.01751762284 1)
(0.9477817329 0.01751762284 1)
(0.9649647543 0.01751762284 1)
(0.9790370256 0.01751762284 1)
(0.9905617053 0.01751762284 1)
(1 0.01751762284 1)
(0 0.02610913356 1)
(0.1887658935 0.02610913356 1)
(0.3433583133 0.02610913356 1)
(0.4699638976 0.02610913356 1)
(0.5736492789 0.02610913356 1)
(0.6585638452 0.02610913356 1)
(0.728105795 0.02610913356 1)
(0.7850581294 0.02610913356 1)
(0.8317000254 0.02610913356 1)
(0.8698980465 0.02610913356 1)
(0.9011808402 0.02610913356 1)
(0.9268003135 0.02610913356 1)
(0.9477817329 0.02610913356 1)
(0.9649647543 0.02610913356 1)
(0.9790370256 0.02610913356 1)
(0.9905617053 0.02610913356 1)
(1 0.02610913356 1)
(0 0.03659984325 1)
(0.1887658935 0.03659984325 1)
(0.3433583133 0.03659984325 1)
(0.4699638976 0.03659984325 1)
(0.5736492789 0.03659984325 1)
(0.6585638452 0.03659984325 1)
(0.728105795 0.03659984325 1)
(0.7850581294 0.03659984325 1)
(0.8317000254 0.03659984325 1)
(0.8698980465 0.03659984325 1)
(0.9011808402 0.03659984325 1)
(0.9268003135 0.03659984325 1)
(0.9477817329 0.03659984325 1)
(0.9649647543 0.03659984325 1)
(0.9790370256 0.03659984325 1)
(0.9905617053 0.03659984325 1)
(1 0.03659984325 1)
(0 0.04940957991 1)
(0.1887658935 0.04940957991 1)
(0.3433583133 0.04940957991 1)
(0.4699638976 0.04940957991 1)
(0.5736492789 0.04940957991 1)
(0.6585638452 0.04940957991 1)
(0.728105795 0.04940957991 1)
(0.7850581294 0.04940957991 1)
(0.8317000254 0.04940957991 1)
(0.8698980465 0.04940957991 1)
(0.9011808402 0.04940957991 1)
(0.9268003135 0.04940957991 1)
(0.9477817329 0.04940957991 1)
(0.9649647543 0.04940957991 1)
(0.9790370256 0.04940957991 1)
(0.9905617053 0.04940957991 1)
(1 0.04940957991 1)
(0 0.06505097677 1)
(0.1887658935 0.06505097677 1)
(0.3433583133 0.06505097677 1)
(0.4699638976 0.06505097677 1)
(0.5736492789 0.06505097677 1)
(0.6585638452 0.06505097677 1)
(0.728105795 0.06505097677 1)
(0.7850581294 0.06505097677 1)
(0.8317000254 0.06505097677 1)
(0.8698980465 0.06505097677 1)
(0.9011808402 0.06505097677 1)
(0.9268003135 0.06505097677 1)
(0.9477817329 0.06505097677 1)
(0.9649647543 0.06505097677 1)
(0.9790370256 0.06505097677 1)
(0.9905617053 0.06505097677 1)
(1 0.06505097677 1)
(0 0.08414998729 1)
(0.1887658935 0.08414998729 1)
(0.3433583133 0.08414998729 1)
(0.4699638976 0.08414998729 1)
(0.5736492789 0.08414998729 1)
(0.6585638452 0.08414998729 1)
(0.728105795 0.08414998729 1)
(0.7850581294 0.08414998729 1)
(0.8317000254 0.08414998729 1)
(0.8698980465 0.08414998729 1)
(0.9011808402 0.08414998729 1)
(0.9268003135 0.08414998729 1)
(0.9477817329 0.08414998729 1)
(0.9649647543 0.08414998729 1)
(0.9790370256 0.08414998729 1)
(0.9905617053 0.08414998729 1)
(1 0.08414998729 1)
(0 0.1074709353 1)
(0.1887658935 0.1074709353 1)
(0.3433583133 0.1074709353 1)
(0.4699638976 0.1074709353 1)
(0.5736492789 0.1074709353 1)
(0.6585638452 0.1074709353 1)
(0.728105795 0.1074709353 1)
(0.7850581294 0.1074709353 1)
(0.8317000254 0.1074709353 1)
(0.8698980465 0.1074709353 1)
(0.9011808402 0.1074709353 1)
(0.9268003135 0.1074709353 1)
(0.9477817329 0.1074709353 1)
(0.9649647543 0.1074709353 1)
(0.9790370256 0.1074709353 1)
(0.9905617053 0.1074709353 1)
(1 0.1074709353 1)
(0 0.1359471025 1)
(0.1887658935 0.1359471025 1)
(0.3433583133 0.1359471025 1)
(0.4699638976 0.1359471025 1)
(0.5736492789 0.1359471025 1)
(0.6585638452 0.1359471025 1)
(0.728105795 0.1359471025 1)
(0.7850581294 0.1359471025 1)
(0.8317000254 0.1359471025 1)
(0.8698980465 0.1359471025 1)
(0.9011808402 0.1359471025 1)
(0.9268003135 0.1359471025 1)
(0.9477817329 0.1359471025 1)
(0.9649647543 0.1359471025 1)
(0.9790370256 0.1359471025 1)
(0.9905617053 0.1359471025 1)
(1 0.1359471025 1)
(0 0.1707180774 1)
(0.1887658935 0.1707180774 1)
(0.3433583133 0.1707180774 1)
(0.4699638976 0.1707180774 1)
(0.5736492789 0.1707180774 1)
(0.6585638452 0.1707180774 1)
(0.728105795 0.1707180774 1)
(0.7850581294 0.1707180774 1)
(0.8317000254 0.1707180774 1)
(0.8698980465 0.1707180774 1)
(0.9011808402 0.1707180774 1)
(0.9268003135 0.1707180774 1)
(0.9477817329 0.1707180774 1)
(0.9649647543 0.1707180774 1)
(0.9790370256 0.1707180774 1)
(0.9905617053 0.1707180774 1)
(1 0.1707180774 1)
(0 0.2131753606 1)
(0.1887658935 0.2131753606 1)
(0.3433583133 0.2131753606 1)
(0.4699638976 0.2131753606 1)
(0.5736492789 0.2131753606 1)
(0.6585638452 0.2131753606 1)
(0.728105795 0.2131753606 1)
(0.7850581294 0.2131753606 1)
(0.8317000254 0.2131753606 1)
(0.8698980465 0.2131753606 1)
(0.9011808402 0.2131753606 1)
(0.9268003135 0.2131753606 1)
(0.9477817329 0.2131753606 1)
(0.9649647543 0.2131753606 1)
(0.9790370256 0.2131753606 1)
(0.9905617053 0.2131753606 1)
(1 0.2131753606 1)
(0 0.2650180512 1)
(0.1887658935 0.2650180512 1)
(0.3433583133 0.2650180512 1)
(0.4699638976 0.2650180512 1)
(0.5736492789 0.2650180512 1)
(0.6585638452 0.2650180512 1)
(0.728105795 0.2650180512 1)
(0.7850581294 0.2650180512 1)
(0.8317000254 0.2650180512 1)
(0.8698980465 0.2650180512 1)
(0.9011808402 0.2650180512 1)
(0.9268003135 0.2650180512 1)
(0.9477817329 0.2650180512 1)
(0.9649647543 0.2650180512 1)
(0.9790370256 0.2650180512 1)
(0.9905617053 0.2650180512 1)
(1 0.2650180512 1)
(0 0.3283208434 1)
(0.1887658935 0.3283208434 1)
(0.3433583133 0.3283208434 1)
(0.4699638976 0.3283208434 1)
(0.5736492789 0.3283208434 1)
(0.6585638452 0.3283208434 1)
(0.728105795 0.3283208434 1)
(0.7850581294 0.3283208434 1)
(0.8317000254 0.3283208434 1)
(0.8698980465 0.3283208434 1)
(0.9011808402 0.3283208434 1)
(0.9268003135 0.3283208434 1)
(0.9477817329 0.3283208434 1)
(0.9649647543 0.3283208434 1)
(0.9790370256 0.3283208434 1)
(0.9905617053 0.3283208434 1)
(1 0.3283208434 1)
(0 0.4056170532 1)
(0.1887658935 0.4056170532 1)
(0.3433583133 0.4056170532 1)
(0.4699638976 0.4056170532 1)
(0.5736492789 0.4056170532 1)
(0.6585638452 0.4056170532 1)
(0.728105795 0.4056170532 1)
(0.7850581294 0.4056170532 1)
(0.8317000254 0.4056170532 1)
(0.8698980465 0.4056170532 1)
(0.9011808402 0.4056170532 1)
(0.9268003135 0.4056170532 1)
(0.9477817329 0.4056170532 1)
(0.9649647543 0.4056170532 1)
(0.9790370256 0.4056170532 1)
(0.9905617053 0.4056170532 1)
(1 0.4056170532 1)
(0 0.5 1)
(0.1887658935 0.5 1)
(0.3433583133 0.5 1)
(0.4699638976 0.5 1)
(0.5736492789 0.5 1)
(0.6585638452 0.5 1)
(0.728105795 0.5 1)
(0.7850581294 0.5 1)
(0.8317000254 0.5 1)
(0.8698980465 0.5 1)
(0.9011808402 0.5 1)
(0.9268003135 0.5 1)
(0.9477817329 0.5 1)
(0.9649647543 0.5 1)
(0.9790370256 0.5 1)
(0.9905617053 0.5 1)
(1 0.5 1)
(0 0.5943829468 0)
(0.1887658935 0.5943829468 0)
(0.3433583133 0.5943829468 0)
(0.4699638976 0.5943829468 0)
(0.5736492789 0.5943829468 0)
(0.6585638452 0.5943829468 0)
(0.728105795 0.5943829468 0)
(0.7850581294 0.5943829468 0)
(0.8317000254 0.5943829468 0)
(0.8698980465 0.5943829468 0)
(0.9011808402 0.5943829468 0)
(0.9268003135 0.5943829468 0)
(0.9477817329 0.5943829468 0)
(0.9649647543 0.5943829468 0)
(0.9790370256 0.5943829468 0)
(0.9905617053 0.5943829468 0)
(1 0.5943829468 0)
(0 0.6716791566 0)
(0.1887658935 0.6716791566 0)
(0.3433583133 0.6716791566 0)
(0.4699638976 0.6716791566 0)
(0.5736492789 0.6716791566 0)
(0.6585638452 0.6716791566 0)
(0.728105795 0.6716791566 0)
(0.7850581294 0.6716791566 0)
(0.8317000254 0.6716791566 0)
(0.8698980465 0.6716791566 0)
(0.9011808402 0.6716791566 0)
(0.9268003135 0.6716791566 0)
(0.9477817329 0.6716791566 0)
(0.9649647543 0.6716791566 0)
(0.9790370256 0.6716791566 0)
(0.9905617053 0.6716791566 0)
(1 0.6716791566 0)
(0 0.7349819488 0)
(0.1887658935 0.7349819488 0)
(0.3433583133 0.7349819488 0)
(0.4699638976 0.7349819488 0)
(0.5736492789 0.7349819488 0)
(0.6585638452 0.7349819488 0)
(0.728105795 0.7349819488 0)
(0.7850581294 0.7349819488 0)
(0.8317000254 0.7349819488 0)
(0.8698980465 0.7349819488 0)
(0.9011808402 0.7349819488 0)
(0.9268003135 0.7349819488 0)
(0.9477817329 0.7349819488 0)
(0.9649647543 0.7349819488 0)
(0.9790370256 0.7349819488 0)
(0.9905617053 0.7349819488 0)
(1 0.7349819488 0)
(0 0.7868246394 0)
(0.1887658935 0.7868246394 0)
(0.3433583133 0.7868246394 0)
(0.4699638976 0.7868246394 0)
(0.5736492789 0.7868246394 0)
(0.6585638452 0.7868246394 0)
(0.728105795 0.7868246394 0)
(0.7850581294 0.7868246394 0)
(0.8317000254 0.7868246394 0)
(0.8698980465 0.7868246394 0)
(0.9011808402 0.7868246394 0)
(0.9268003135 0.7868246394 0)
(0.9477817329 0.7868246394 0)
(0.9649647543 0.7868246394 0)
(0.9790370256 0.7868246394 0)
(0.9905617053 0.7868246394 0)
(1 0.7868246394 0)
(0 0.8292819226 0)
(0.1887658935 0.8292819226 0)
(0.3433583133 0.8292819226 0)
(0.4699638976 0.8292819226 0)
(0.5736492789 0.8292819226 0)
(0.6585638452 0.8292819226 0)
(0.728105795 0.8292819226 0)
(0.7850581294 0.8292819226 0)
(0.8317000254 0.8292819226 0)
(0.8698980465 0.8292819226 0)
(0.9011808402 0.8292819226 0)
(0.9268003135 0.8292819226 0)
(0.9477817329 0.8292819226 0)
(0.9649647543 0.8292819226 0)
(0.9790370256 0.8292819226 0)
(0.9905617053 0.8292819226 0)
(1 0.8292819226 0)
(0 0.8640528975 0)
(0.1887658935 0.8640528975 0)
(0.3433583133 0.8640528975 0)
(0.4699638976 0.8640528975 0)
(0.5736492789 0.8640528975 0)
(0.6585638452 0.8640528975 0)
(0.728105795 0.8640528975 0)
(0.7850581294 0.8640528975 0)
(0.8317000254 0.8640528975 0)
(0.8698980465 0.8640528975 0)
(0.9011808402 0.8640528975 0)
(0.9268003135 0.8640528975 0)
(0.9477817329 0.8640528975 0)
(0.9649647543 0.8640528975 0)
(0.9790370256 0.8640528975 0)
(0.9905617053 0.8640528975 0)
(1 0.8640528975 0)
(0 0.8925290647 0)
(0.1887658935 0.8925290647 0)
(0.3433583133 0.8925290647 0)
(0.4699638976 0.8925290647 0)
(0.5736492789 0.8925290647 0)
(0.6585638452 0.8925290647 0)
(0.728105795 0.8925290647 0)
(0.7850581294 0.8925290647 0)
(0.8317000254 0.8925290647 0)
(0.8698980465 0.8925290647 0)
(0.9011808402 0.8925290647 0)
(0.9268003135 0.8925290647 0)
(0.9477817329 0.8925290647 0)
(0.9649647543 0.8925290647 0)
(0.9790370256 0.8925290647 0)
(0.9905617053 0.8925290647 0)
(1 0.8925290647 0)
(0 0.9158500127 0)
(0.1887658935 0.9158500127 0)
(0.3433583133 0.9158500127 0)
(0.4699638976 0.9158500127 0)
(0.5736492789 0.9158500127 0)
(0.6585638452 0.9158500127 0)
(0.728105795 0.9158500127 0)
(0.7850581294 0.9158500127 0)
(0.8317000254 0.9158500127 0)
(0.8698980465 0.9158500127 0)
(0.9011808402 0.9158500127 0)
(0.9268003135 0.9158500127 0)
(0.9477817329 0.9158500127 0)
(0.9649647543 0.9158500127 0)
(0.9790370256 0.9158500127 0)
(0.9905617053 0.9158500127 0)
(1 0.9158500127 0)
(0 0.9349490232 0)
(0.1887658935 0.9349490232 0)
(0.3433583133 0.9349490232 0)
(0.4699638976 0.9349490232 0)
(0.5736492789 0.9349490232 0)
(0.6585638452 0.9349490232 0)
(0.728105795 0.9349490232 0)
(0.7850581294 0.9349490232 0)
(0.8317000254 0.9349490232 0)
(0.8698980465 0.9349490232 0)
(0.9011808402 0.9349490232 0)
(0.9268003135 0.9349490232 0)
(0.9477817329 0.9349490232 0)
(0.9649647543 0.9349490232 0)
(0.9790370256 0.9349490232 0)
(0.9905617053 0.9349490232 0)
(1 0.9349490232 0)
(0 0.9505904201 0)
(0.1887658935 0.9505904201 0)
(0.3433583133 0.9505904201 0)
(0.4699638976 0.9505904201 0)
(0.5736492789 0.9505904201 0)
(0.6585638452 0.9505904201 0)
(0.728105795 0.9505904201 0)
(0.7850581294 0.9505904201 0)
(0.8317000254 0.9505904201 0)
(0.8698980465 0.9505904201 0)
(0.9011808402 0.9505904201 0)
(0.9268003135 0.9505904201 0)
(0.9477817329 0.9505904201 0)
(0.9649647543 0.9505904201 0)
(0.9790370256 0.9505904201 0)
(0.9905617053 0.9505904201 0)
(1 0.9505904201 0)
(0 0.9634001568 0)
(0.1887658935 0.9634001568 0)
(0.3433583133 0.9634001568 0)
(0.4699638976 0.9634001568 0)
(0.5736492789 0.9634001568 0)
(0.6585638452 0.9634001568 0)
(0.728105795 0.9634001568 0)
(0.7850581294 0.9634001568 0)
(0.8317000254 0.9634001568 0)
(0.8698980465 0.9634001568 0)
(0.9011808402 0.9634001568 0)
(0.9268003135 0.9634001568 0)
(0.9477817329 0.9634001568 0)
(0.9649647543 0.9634001568 0)
(0.9790370256 0.9634001568 0)
(0.9905617053 0.9634001568 0)
(1 0.9634001568 0)
(0 0.9738908664 0)
(0.1887658935 0.9738908664 0)
(0.3433583133 0.9738908664 0)
(0.4699638976 0.9738908664 0)
(0.5736492789 0.9738908664 0)
(0.6585638452 0.9738908664 0)
(0.728105795 0.9738908664 0)
(0.7850581294 0.9738908664 0)
(0.8317000254 0.9738908664 0)
(0.8698980465 0.9738908664 0)
(0.9011808402 0.9738908664 0)
(0.9268003135 0.9738908664 0)
(0.9477817329 0.9738908664 0)
(0.9649647543 0.9738908664 0)
(0.9790370256 0.9738908664 0)
(0.9905617053 0.9738908664 0)
(1 0.9738908664 0)
(0 0.9824823772 0)
(0.1887658935 0.9824823772 0)
(0.3433583133 0.9824823772 0)
(0.4699638976 0.9824823772 0)
(0.5736492789 0.9824823772 0)
(0.6585638452 0.9824823772 0)
(0.728105795 0.9824823772 0)
(0.7850581294 0.9824823772 0)
(0.8317000254 0.9824823772 0)
(0.8698980465 0.9824823772 0)
(0.9011808402 0.9824823772 0)
(0.9268003135 0.9824823772 0)
(0.9477817329 0.9824823772 0)
(0.9649647543 0.9824823772 0)
(0.9790370256 0.9824823772 0)
(0.9905617053 0.9824823772 0)
(1 0.9824823772 0)
(0 0.9895185128 0)
(0.1887658935 0.9895185128 0)
(0.3433583133 0.9895185128 0)
(0.4699638976 0.9895185128 0)
(0.5736492789 0.9895185128 0)
(0.6585638452 0.9895185128 0)
(0.728105795 0.9895185128 0)
(0.7850581294 0.9895185128 0)
(0.8317000254 0.9895185128 0)
(0.8698980465 0.9895185128 0)
(0.9011808402 0.9895185128 0)
(0.9268003135 0.9895185128 0)
(0.9477817329 0.9895185128 0)
(0.9649647543 0.9895185128 0)
(0.9790370256 0.9895185128 0)
(0.9905617053 0.9895185128 0)
(1 0.9895185128 0)
(0 0.9952808527 0)
(0.1887658935 0.9952808527 0)
(0.3433583133 0.9952808527 0)
(0.4699638976 0.9952808527 0)
(0.5736492789 0.9952808527 0)
(0.6585638452 0.9952808527 0)
(0.728105795 0.9952808527 0)
(0.7850581294 0.9952808527 0)
(0.8317000254 0.9952808527 0)
(0.8698980465 0.9952808527 0)
(0.9011808402 0.9952808527 0)
(0.9268003135 0.9952808527 0)
(0.9477817329 0.9952808527 0)
(0.9649647543 0.9952808527 0)
(0.9790370256 0.9952808527 0)
(0.9905617053 0.9952808527 0)
(1 0.9952808527 0)
(0 1 0)
(0.1887658935 1 0)
(0.3433583133 1 0)
(0.4699638976 1 0)
(0.5736492789 1 0)
(0.6585638452 1 0)
(0.728105795 1 0)
(0.7850581294 1 0)
(0.8317000254 1 0)
(0.8698980465 1 0)
(0.9011808402 1 0)
(0.9268003135 1 0)
(0.9477817329 1 0)
(0.9649647543 1 0)
(0.9790370256 1 0)
(0.9905617053 1 0)
(1 1 0)
(0 0.5943829468 1)
(0.1887658935 0.5943829468 1)
(0.3433583133 0.5943829468 1)
(0.4699638976 0.5943829468 1)
(0.5736492789 0.5943829468 1)
(0.6585638452 0.5943829468 1)
(0.728105795 0.5943829468 1)
(0.7850581294 0.5943829468 1)
(0.8317000254 0.5943829468 1)
(0.8698980465 0.5943829468 1)
(0.9011808402 0.5943829468 1)
(0.9268003135 0.5943829468 1)
(0.9477817329 0.5943829468 1)
(0.9649647543 0.5943829468 1)
(0.9790370256 0.5943829468 1)
(0.9905617053 0.5943829468 1)
(1 0.5943829468 1)
(0 0.6716791566 1)
(0.1887658935 0.6716791566 1)
(0.3433583133 0.6716791566 1)
(0.4699638976 0.6716791566 1)
(0.5736492789 0.6716791566 1)
(0.6585638452 0.6716791566 1)
(0.728105795 0.6716791566 1)
(0.7850581294 0.6716791566 1)
(0.8317000254 0.6716791566 1)
(0.8698980465 0.6716791566 1)
(0.9011808402 0.6716791566 1)
(0.9268003135 0.6716791566 1)
(0.9477817329 0.6716791566 1)
(0.9649647543 0.6716791566 1)
(0.9790370256 0.6716791566 1)
(0.9905617053 0.6716791566 1)
(1 0.6716791566 1)
(0 0.7349819488 1)
(0.1887658935 0.7349819488 1)
(0.3433583133 0.7349819488 1)
(0.4699638976 0.7349819488 1)
(0.5736492789 0.7349819488 1)
(0.6585638452 0.7349819488 1)
(0.728105795 0.7349819488 1)
(0.7850581294 0.7349819488 1)
(0.8317000254 0.7349819488 1)
(0.8698980465 0.7349819488 1)
(0.9011808402 0.7349819488 1)
(0.9268003135 0.7349819488 1)
(0.9477817329 0.7349819488 1)
(0.9649647543 0.7349819488 1)
(0.9790370256 0.7349819488 1)
(0.9905617053 0.7349819488 1)
(1 0.7349819488 1)
(0 0.7868246394 1)
(0.1887658935 0.7868246394 1)
(0.3433583133 0.7868246394 1)
(0.4699638976 0.7868246394 1)
(0.5736492789 0.7868246394 1)
(0.6585638452 0.7868246394 1)
(0.728105795 0.7868246394 1)
(0.7850581294 0.7868246394 1)
(0.8317000254 0.7868246394 1)
(0.8698980465 0.7868246394 1)
(0.9011808402 0.7868246394 1)
(0.9268003135 0.7868246394 1)
(0.9477817329 0.7868246394 1)
(0.9649647543 0.7868246394 1)
(0.9790370256 0.7868246394 1)
(0.9905617053 0.7868246394 1)
(1 0.7868246394 1)
(0 0.8292819226 1)
(0.1887658935 0.8292819226 1)
(0.3433583133 0.8292819226 1)
(0.4699638976 0.8292819226 1)
(0.5736492789 0.8292819226 1)
(0.6585638452 0.8292819226 1)
(0.728105795 0.8292819226 1)
(0.7850581294 0.8292819226 1)
(0.8317000254 0.8292819226 1)
(0.8698980465 0.8292819226 1)
(0.9011808402 0.8292819226 1)
(0.9268003135 0.8292819226 1)
(0.9477817329 0.8292819226 1)
(0.9649647543 0.8292819226 1)
(0.9790370256 0.8292819226 1)
(0.9905617053 0.8292819226 1)
(1 0.8292819226 1)
(0 0.8640528975 1)
(0.1887658935 0.8640528975 1)
(0.3433583133 0.8640528975 1)
(0.4699638976 0.8640528975 1)
(0.5736492789 0.8640528975 1)
(0.6585638452 0.8640528975 1)
(0.728105795 0.8640528975 1)
(0.7850581294 0.8640528975 1)
(0.8317000254 0.8640528975 1)
(0.8698980465 0.8640528975 1)
(0.9011808402 0.8640528975 1)
(0.9268003135 0.8640528975 1)
(0.9477817329 0.8640528975 1)
(0.9649647543 0.8640528975 1)
(0.9790370256 0.8640528975 1)
(0.9905617053 0.8640528975 1)
(1 0.8640528975 1)
(0 0.8925290647 1)
(0.1887658935 0.8925290647 1)
(0.3433583133 0.8925290647 1)
(0.4699638976 0.8925290647 1)
(0.5736492789 0.8925290647 1)
(0.6585638452 0.8925290647 1)
(0.728105795 0.8925290647 1)
(0.7850581294 0.8925290647 1)
(0.8317000254 0.8925290647 1)
(0.8698980465 0.8925290647 1)
(0.9011808402 0.8925290647 1)
(0.9268003135 0.8925290647 1)
(0.9477817329 0.8925290647 1)
(0.9649647543 0.8925290647 1)
(0.9790370256 0.8925290647 1)
(0.9905617053 0.8925290647 1)
(1 0.8925290647 1)
(0 0.9158500127 1)
(0.1887658935 0.9158500127 1)
(0.3433583133 0.9158500127 1)
(0.4699638976 0.9158500127 1)
(0.5736492789 0.9158500127 1)
(0.6585638452 0.9158500127 1)
(0.728105795 0.9158500127 1)
(0.7850581294 0.9158500127 1)
(0.8317000254 0.9158500127 1)
(0.8698980465 0.9158500127 1)
(0.9011808402 0.9158500127 1)
(0.9268003135 0.9158500127 1)
(0.9477817329 0.9158500127 1)
(0.9649647543 0.9158500127 1)
(0.9790370256 0.9158500127 1)
(0.9905617053 0.9158500127 1)
(1 0.9158500127 1)
(0 0.9349490232 1)
(0.1887658935 0.9349490232 1)
(0.3433583133 0.9349490232 1)
(0.4699638976 0.9349490232 1)
(0.5736492789 0.9349490232 1)
(0.6585638452 0.9349490232 1)
(0.728105795 0.9349490232 1)
(0.7850581294 0.9349490232 1)
(0.8317000254 0.9349490232 1)
(0.8698980465 0.9349490232 1)
(0.9011808402 0.9349490232 1)
(0.9268003135 0.9349490232 1)
(0.9477817329 0.9349490232 1)
(0.9649647543 0.9349490232 1)
(0.9790370256 0.9349490232 1)
(0.9905617053 0.9349490232 1)
(1 0.9349490232 1)
(0 0.9505904201 1)
(0.1887658935 0.9505904201 1)
(0.3433583133 0.9505904201 1)
(0.4699638976 0.9505904201 1)
(0.5736492789 0.9505904201 1)
(0.6585638452 0.9505904201 1)
(0.728105795 0.9505904201 1)
(0.7850581294 0.9505904201 1)
(0.8317000254 0.9505904201 1)
(0.8698980465 0.9505904201 1)
(0.9011808402 0.9505904201 1)
(0.9268003135 0.9505904201 1)
(0.9477817329 0.9505904201 1)
(0.9649647543 0.9505904201 1)
(0.9790370256 0.9505904201 1)
(0.9905617053 0.9505904201 1)
(1 0.9505904201 1)
(0 0.9634001568 1)
(0.1887658935 0.9634001568 1)
(0.3433583133 0.9634001568 1)
(0.4699638976 0.9634001568 1)
(0.5736492789 0.9634001568 1)
(0.6585638452 0.9634001568 1)
(0.728105795 0.9634001568 1)
(0.7850581294 0.9634001568 1)
(0.8317000254 0.9634001568 1)
(0.8698980465 0.9634001568 1)
(0.9011808402 0.9634001568 1)
(0.9268003135 0.9634001568 1)
(0.9477817329 0.9634001568 1)
(0.9649647543 0.9634001568 1)
(0.9790370256 0.9634001568 1)
(0.9905617053 0.9634001568 1)
(1 0.9634001568 1)
(0 0.9738908664 1)
(0.1887658935 0.9738908664 1)
(0.3433583133 0.9738908664 1)
(0.4699638976 0.9738908664 1)
(0.5736492789 0.9738908664 1)
(0.6585638452 0.9738908664 1)
(0.728105795 0.9738908664 1)
(0.7850581294 0.9738908664 1)
(0.8317000254 0.9738908664 1)
(0.8698980465 0.9738908664 1)
(0.9011808402 0.9738908664 1)
(0.9268003135 0.9738908664 1)
(0.9477817329 0.9738908664 1)
(0.9649647543 0.9738908664 1)
(0.9790370256 0.9738908664 1)
(0.9905617053 0.9738908664 1)
(1 0.9738908664 1)
(0 0.9824823772 1)
(0.1887658935 0.9824823772 1)
(0.3433583133 0.9824823772 1)
(0.4699638976 0.9824823772 1)
(0.5736492789 0.9824823772 1)
(0.6585638452 0.9824823772 1)
(0.728105795 0.9824823772 1)
(0.7850581294 0.9824823772 1)
(0.8317000254 0.9824823772 1)
(0.8698980465 0.9824823772 1)
(0.9011808402 0.9824823772 1)
(0.9268003135 0.9824823772 1)
(0.9477817329 0.9824823772 1)
(0.9649647543 0.9824823772 1)
(0.9790370256 0.9824823772 1)
(0.9905617053 0.9824823772 1)
(1 0.9824823772 1)
(0 0.9895185128 1)
(0.1887658935 0.9895185128 1)
(0.3433583133 0.9895185128 1)
(0.4699638976 0.9895185128 1)
(0.5736492789 0.9895185128 1)
(0.6585638452 0.9895185128 1)
(0.728105795 0.9895185128 1)
(0.7850581294 0.9895185128 1)
(0.8317000254 0.9895185128 1)
(0.8698980465 0.9895185128 1)
(0.9011808402 0.9895185128 1)
(0.9268003135 0.9895185128 1)
(0.9477817329 0.9895185128 1)
(0.9649647543 0.9895185128 1)
(0.9790370256 0.9895185128 1)
(0.9905617053 0.9895185128 1)
(1 0.9895185128 1)
(0 0.9952808527 1)
(0.1887658935 0.9952808527 1)
(0.3433583133 0.9952808527 1)
(0.4699638976 0.9952808527 1)
(0.5736492789 0.9952808527 1)
(0.6585638452 0.9952808527 1)
(0.728105795 0.9952808527 1)
(0.7850581294 0.9952808527 1)
(0.8317000254 0.9952808527 1)
(0.8698980465 0.9952808527 1)
(0.9011808402 0.9952808527 1)
(0.9268003135 0.9952808527 1)
(0.9477817329 0.9952808527 1)
(0.9649647543 0.9952808527 1)
(0.9790370256 0.9952808527 1)
(0.9905617053 0.9952808527 1)
(1 0.9952808527 1)
(0 1 1)
(0.1887658935 1 1)
(0.3433583133 1 1)
(0.4699638976 1 1)
(0.5736492789 1 1)
(0.6585638452 1 1)
(0.728105795 1 1)
(0.7850581294 1 1)
(0.8317000254 1 1)
(0.8698980465 1 1)
(0.9011808402 1 1)
(0.9268003135 1 1)
(0.9477817329 1 1)
(0.9649647543 1 1)
(0.9790370256 1 1)
(0.9905617053 1 1)
(1 1 1)
)


// ************************************************************************* //
