/*--------------------------------*- C++ -*----------------------------------*\
| =========                 |                                                 |
| \\      /  F ield         | foam-extend: Open Source CFD                    |
|  \\    /   O peration     | Version:     4.0                                |
|   \\  /    A nd           | Web:         http://www.foam-extend.org         |
|    \\/     M anipulation  |                                                 |
\*---------------------------------------------------------------------------*/
FoamFile
{
    version     2.0;
    format      ascii;
    class       faceList;
    location    "constant/polyMesh";
    object      faces;
}
// * * * * * * * * * * * * * * * * * * * * * * * * * * * * * * * * * * * * * //


536
(
4(1 10 163 154)
4(9 162 163 10)
4(2 11 164 155)
4(10 163 164 11)
4(3 12 165 156)
4(11 164 165 12)
4(4 13 166 157)
4(12 165 166 13)
4(5 14 167 158)
4(13 166 167 14)
4(6 15 168 159)
4(14 167 168 15)
4(7 16 169 160)
4(15 168 169 16)
4(16 169 170 17)
4(10 19 172 163)
4(18 171 172 19)
4(11 20 173 164)
4(19 172 173 20)
4(12 21 174 165)
4(20 173 174 21)
4(13 22 175 166)
4(21 174 175 22)
4(14 23 176 167)
4(22 175 176 23)
4(15 24 177 168)
4(23 176 177 24)
4(16 25 178 169)
4(24 177 178 25)
4(25 178 179 26)
4(19 28 181 172)
4(27 180 181 28)
4(20 29 182 173)
4(28 181 182 29)
4(21 30 183 174)
4(29 182 183 30)
4(22 31 184 175)
4(30 183 184 31)
4(23 32 185 176)
4(31 184 185 32)
4(24 33 186 177)
4(32 185 186 33)
4(25 34 187 178)
4(33 186 187 34)
4(34 187 188 35)
4(28 37 190 181)
4(36 189 190 37)
4(29 38 191 182)
4(37 190 191 38)
4(30 39 192 183)
4(38 191 192 39)
4(31 40 193 184)
4(39 192 193 40)
4(32 41 194 185)
4(40 193 194 41)
4(33 42 195 186)
4(41 194 195 42)
4(34 43 196 187)
4(42 195 196 43)
4(43 196 197 44)
4(37 46 199 190)
4(45 198 199 46)
4(38 47 200 191)
4(46 199 200 47)
4(39 48 201 192)
4(47 200 201 48)
4(40 49 202 193)
4(48 201 202 49)
4(41 50 203 194)
4(49 202 203 50)
4(42 51 204 195)
4(50 203 204 51)
4(43 52 205 196)
4(51 204 205 52)
4(52 205 206 53)
4(46 55 208 199)
4(54 207 208 55)
4(47 56 209 200)
4(55 208 209 56)
4(48 57 210 201)
4(56 209 210 57)
4(49 58 211 202)
4(57 210 211 58)
4(50 59 212 203)
4(58 211 212 59)
4(51 60 213 204)
4(59 212 213 60)
4(52 61 214 205)
4(60 213 214 61)
4(61 214 215 62)
4(55 64 217 208)
4(63 216 217 64)
4(56 65 218 209)
4(64 217 218 65)
4(57 66 219 210)
4(65 218 219 66)
4(58 67 220 211)
4(66 219 220 67)
4(59 68 221 212)
4(67 220 221 68)
4(60 69 222 213)
4(68 221 222 69)
4(61 70 223 214)
4(69 222 223 70)
4(70 223 224 71)
4(64 73 226 217)
4(72 225 226 73)
4(65 74 227 218)
4(73 226 227 74)
4(66 75 228 219)
4(74 227 228 75)
4(67 76 229 220)
4(75 228 229 76)
4(68 77 230 221)
4(76 229 230 77)
4(69 78 231 222)
4(77 230 231 78)
4(70 79 232 223)
4(78 231 232 79)
4(79 232 233 80)
4(73 82 235 226)
4(81 234 235 82)
4(74 83 236 227)
4(82 235 236 83)
4(75 84 237 228)
4(83 236 237 84)
4(76 85 238 229)
4(84 237 238 85)
4(77 86 239 230)
4(85 238 239 86)
4(78 87 240 231)
4(86 239 240 87)
4(79 88 241 232)
4(87 240 241 88)
4(88 241 242 89)
4(82 91 244 235)
4(90 243 244 91)
4(83 92 245 236)
4(91 244 245 92)
4(84 93 246 237)
4(92 245 246 93)
4(85 94 247 238)
4(93 246 247 94)
4(86 95 248 239)
4(94 247 248 95)
4(87 96 249 240)
4(95 248 249 96)
4(88 97 250 241)
4(96 249 250 97)
4(97 250 251 98)
4(91 100 253 244)
4(99 252 253 100)
4(92 101 254 245)
4(100 253 254 101)
4(93 102 255 246)
4(101 254 255 102)
4(94 103 256 247)
4(102 255 256 103)
4(95 104 257 248)
4(103 256 257 104)
4(96 105 258 249)
4(104 257 258 105)
4(97 106 259 250)
4(105 258 259 106)
4(106 259 260 107)
4(100 109 262 253)
4(108 261 262 109)
4(101 110 263 254)
4(109 262 263 110)
4(102 111 264 255)
4(110 263 264 111)
4(103 112 265 256)
4(111 264 265 112)
4(104 113 266 257)
4(112 265 266 113)
4(105 114 267 258)
4(113 266 267 114)
4(106 115 268 259)
4(114 267 268 115)
4(115 268 269 116)
4(109 118 271 262)
4(117 270 271 118)
4(110 119 272 263)
4(118 271 272 119)
4(111 120 273 264)
4(119 272 273 120)
4(112 121 274 265)
4(120 273 274 121)
4(113 122 275 266)
4(121 274 275 122)
4(114 123 276 267)
4(122 275 276 123)
4(115 124 277 268)
4(123 276 277 124)
4(124 277 278 125)
4(118 127 280 271)
4(126 279 280 127)
4(119 128 281 272)
4(127 280 281 128)
4(120 129 282 273)
4(128 281 282 129)
4(121 130 283 274)
4(129 282 283 130)
4(122 131 284 275)
4(130 283 284 131)
4(123 132 285 276)
4(131 284 285 132)
4(124 133 286 277)
4(132 285 286 133)
4(133 286 287 134)
4(127 136 289 280)
4(135 288 289 136)
4(128 137 290 281)
4(136 289 290 137)
4(129 138 291 282)
4(137 290 291 138)
4(130 139 292 283)
4(138 291 292 139)
4(131 140 293 284)
4(139 292 293 140)
4(132 141 294 285)
4(140 293 294 141)
4(133 142 295 286)
4(141 294 295 142)
4(142 295 296 143)
4(136 145 298 289)
4(137 146 299 290)
4(138 147 300 291)
4(139 148 301 292)
4(140 149 302 293)
4(141 150 303 294)
4(142 151 304 295)
4(144 297 298 145)
4(145 298 299 146)
4(146 299 300 147)
4(147 300 301 148)
4(148 301 302 149)
4(149 302 303 150)
4(150 303 304 151)
4(151 304 305 152)
4(0 153 162 9)
4(9 162 171 18)
4(18 171 180 27)
4(27 180 189 36)
4(36 189 198 45)
4(45 198 207 54)
4(54 207 216 63)
4(63 216 225 72)
4(72 225 234 81)
4(81 234 243 90)
4(90 243 252 99)
4(99 252 261 108)
4(108 261 270 117)
4(117 270 279 126)
4(126 279 288 135)
4(135 288 297 144)
4(8 17 170 161)
4(17 26 179 170)
4(26 35 188 179)
4(35 44 197 188)
4(44 53 206 197)
4(53 62 215 206)
4(62 71 224 215)
4(71 80 233 224)
4(80 89 242 233)
4(89 98 251 242)
4(98 107 260 251)
4(107 116 269 260)
4(116 125 278 269)
4(125 134 287 278)
4(134 143 296 287)
4(143 152 305 296)
4(0 1 154 153)
4(1 2 155 154)
4(2 3 156 155)
4(3 4 157 156)
4(4 5 158 157)
4(5 6 159 158)
4(6 7 160 159)
4(7 8 161 160)
4(153 154 163 162)
4(162 163 172 171)
4(171 172 181 180)
4(180 181 190 189)
4(189 190 199 198)
4(198 199 208 207)
4(207 208 217 216)
4(216 217 226 225)
4(225 226 235 234)
4(234 235 244 243)
4(243 244 253 252)
4(252 253 262 261)
4(261 262 271 270)
4(270 271 280 279)
4(279 280 289 288)
4(288 289 298 297)
4(154 155 164 163)
4(163 164 173 172)
4(172 173 182 181)
4(181 182 191 190)
4(190 191 200 199)
4(199 200 209 208)
4(208 209 218 217)
4(217 218 227 226)
4(226 227 236 235)
4(235 236 245 244)
4(244 245 254 253)
4(253 254 263 262)
4(262 263 272 271)
4(271 272 281 280)
4(280 281 290 289)
4(289 290 299 298)
4(155 156 165 164)
4(164 165 174 173)
4(173 174 183 182)
4(182 183 192 191)
4(191 192 201 200)
4(200 201 210 209)
4(209 210 219 218)
4(218 219 228 227)
4(227 228 237 236)
4(236 237 246 245)
4(245 246 255 254)
4(254 255 264 263)
4(263 264 273 272)
4(272 273 282 281)
4(281 282 291 290)
4(290 291 300 299)
4(156 157 166 165)
4(165 166 175 174)
4(174 175 184 183)
4(183 184 193 192)
4(192 193 202 201)
4(201 202 211 210)
4(210 211 220 219)
4(219 220 229 228)
4(228 229 238 237)
4(237 238 247 246)
4(246 247 256 255)
4(255 256 265 264)
4(264 265 274 273)
4(273 274 283 282)
4(282 283 292 291)
4(291 292 301 300)
4(157 158 167 166)
4(166 167 176 175)
4(175 176 185 184)
4(184 185 194 193)
4(193 194 203 202)
4(202 203 212 211)
4(211 212 221 220)
4(220 221 230 229)
4(229 230 239 238)
4(238 239 248 247)
4(247 248 257 256)
4(256 257 266 265)
4(265 266 275 274)
4(274 275 284 283)
4(283 284 293 292)
4(292 293 302 301)
4(158 159 168 167)
4(167 168 177 176)
4(176 177 186 185)
4(185 186 195 194)
4(194 195 204 203)
4(203 204 213 212)
4(212 213 222 221)
4(221 222 231 230)
4(230 231 240 239)
4(239 240 249 248)
4(248 249 258 257)
4(257 258 267 266)
4(266 267 276 275)
4(275 276 285 284)
4(284 285 294 293)
4(293 294 303 302)
4(159 160 169 168)
4(168 169 178 177)
4(177 178 187 186)
4(186 187 196 195)
4(195 196 205 204)
4(204 205 214 213)
4(213 214 223 222)
4(222 223 232 231)
4(231 232 241 240)
4(240 241 250 249)
4(249 250 259 258)
4(258 259 268 267)
4(267 268 277 276)
4(276 277 286 285)
4(285 286 295 294)
4(294 295 304 303)
4(160 161 170 169)
4(169 170 179 178)
4(178 179 188 187)
4(187 188 197 196)
4(196 197 206 205)
4(205 206 215 214)
4(214 215 224 223)
4(223 224 233 232)
4(232 233 242 241)
4(241 242 251 250)
4(250 251 260 259)
4(259 260 269 268)
4(268 269 278 277)
4(277 278 287 286)
4(286 287 296 295)
4(295 296 305 304)
4(0 9 10 1)
4(9 18 19 10)
4(18 27 28 19)
4(27 36 37 28)
4(36 45 46 37)
4(45 54 55 46)
4(54 63 64 55)
4(63 72 73 64)
4(72 81 82 73)
4(81 90 91 82)
4(90 99 100 91)
4(99 108 109 100)
4(108 117 118 109)
4(117 126 127 118)
4(126 135 136 127)
4(135 144 145 136)
4(1 10 11 2)
4(10 19 20 11)
4(19 28 29 20)
4(28 37 38 29)
4(37 46 47 38)
4(46 55 56 47)
4(55 64 65 56)
4(64 73 74 65)
4(73 82 83 74)
4(82 91 92 83)
4(91 100 101 92)
4(100 109 110 101)
4(109 118 119 110)
4(118 127 128 119)
4(127 136 137 128)
4(136 145 146 137)
4(2 11 12 3)
4(11 20 21 12)
4(20 29 30 21)
4(29 38 39 30)
4(38 47 48 39)
4(47 56 57 48)
4(56 65 66 57)
4(65 74 75 66)
4(74 83 84 75)
4(83 92 93 84)
4(92 101 102 93)
4(101 110 111 102)
4(110 119 120 111)
4(119 128 129 120)
4(128 137 138 129)
4(137 146 147 138)
4(3 12 13 4)
4(12 21 22 13)
4(21 30 31 22)
4(30 39 40 31)
4(39 48 49 40)
4(48 57 58 49)
4(57 66 67 58)
4(66 75 76 67)
4(75 84 85 76)
4(84 93 94 85)
4(93 102 103 94)
4(102 111 112 103)
4(111 120 121 112)
4(120 129 130 121)
4(129 138 139 130)
4(138 147 148 139)
4(4 13 14 5)
4(13 22 23 14)
4(22 31 32 23)
4(31 40 41 32)
4(40 49 50 41)
4(49 58 59 50)
4(58 67 68 59)
4(67 76 77 68)
4(76 85 86 77)
4(85 94 95 86)
4(94 103 104 95)
4(103 112 113 104)
4(112 121 122 113)
4(121 130 131 122)
4(130 139 140 131)
4(139 148 149 140)
4(5 14 15 6)
4(14 23 24 15)
4(23 32 33 24)
4(32 41 42 33)
4(41 50 51 42)
4(50 59 60 51)
4(59 68 69 60)
4(68 77 78 69)
4(77 86 87 78)
4(86 95 96 87)
4(95 104 105 96)
4(104 113 114 105)
4(113 122 123 114)
4(122 131 132 123)
4(131 140 141 132)
4(140 149 150 141)
4(6 15 16 7)
4(15 24 25 16)
4(24 33 34 25)
4(33 42 43 34)
4(42 51 52 43)
4(51 60 61 52)
4(60 69 70 61)
4(69 78 79 70)
4(78 87 88 79)
4(87 96 97 88)
4(96 105 106 97)
4(105 114 115 106)
4(114 123 124 115)
4(123 132 133 124)
4(132 141 142 133)
4(141 150 151 142)
4(7 16 17 8)
4(16 25 26 17)
4(25 34 35 26)
4(34 43 44 35)
4(43 52 53 44)
4(52 61 62 53)
4(61 70 71 62)
4(70 79 80 71)
4(79 88 89 80)
4(88 97 98 89)
4(97 106 107 98)
4(106 115 116 107)
4(115 124 125 116)
4(124 133 134 125)
4(133 142 143 134)
4(142 151 152 143)
)


// ************************************************************************* //
