/*--------------------------------*- C++ -*----------------------------------*\
| =========                 |                                                 |
| \\      /  F ield         | foam-extend: Open Source CFD                    |
|  \\    /   O peration     | Version:     4.0                                |
|   \\  /    A nd           | Web:         http://www.foam-extend.org         |
|    \\/     M anipulation  |                                                 |
\*---------------------------------------------------------------------------*/
FoamFile
{
    version     2.0;
    format      ascii;
    class       faceList;
    location    "constant/polyMesh";
    object      faces;
}
// * * * * * * * * * * * * * * * * * * * * * * * * * * * * * * * * * * * * * //


47
(
4(0 1 5 4)
4(1 3 7 5)
4(9 1 5 11)
4(12 14 18 16)
4(1 5 18 14)
4(14 18 19 15)
4(14 21 27 18)
4(20 26 27 21)
4(1 5 26 20)
4(21 27 28 22)
4(21 24 30 27)
4(20 26 29 23)
4(32 34 26 20)
4(3 7 34 32)
4(32 34 35 33)
4(2 6 7 3)
4(13 15 19 17)
4(15 22 28 19)
4(22 25 31 28)
4(8 9 11 10)
4(9 12 16 11)
4(12 13 17 16)
4(33 35 29 23)
4(23 29 30 24)
4(24 30 31 25)
4(0 4 6 2)
4(8 10 4 0)
4(0 2 3 1)
4(8 0 1 9)
4(9 1 14 12)
4(12 14 15 13)
4(1 20 21 14)
4(20 23 24 21)
4(14 21 22 15)
4(21 24 25 22)
4(3 32 20 1)
4(32 33 23 20)
4(4 5 7 6)
4(10 11 5 4)
4(11 16 18 5)
4(16 17 19 18)
4(5 18 27 26)
4(26 27 30 29)
4(18 19 28 27)
4(27 28 31 30)
4(7 5 26 34)
4(34 26 29 35)
)


// ************************************************************************* //
