/*--------------------------------*- C++ -*----------------------------------*\
| =========                 |                                                 |
| \\      /  F ield         | foam-extend: Open Source CFD                    |
|  \\    /   O peration     | Version:     4.0                                |
|   \\  /    A nd           | Web:         http://www.foam-extend.org         |
|    \\/     M anipulation  |                                                 |
\*---------------------------------------------------------------------------*/
FoamFile
{
    version     2.0;
    format      ascii;
    class       faceList;
    location    "constant/polyMesh";
    object      faces;
}
// * * * * * * * * * * * * * * * * * * * * * * * * * * * * * * * * * * * * * //


748
(
3(89 60 13)
3(13 60 57)
3(89 13 57)
3(27 66 23)
3(27 5 66)
3(5 23 66)
3(27 23 5)
3(93 18 44)
3(93 41 18)
3(44 18 41)
3(82 80 1)
3(1 80 63)
3(82 1 63)
3(2 40 0)
3(2 95 40)
3(2 0 95)
3(95 0 40)
3(77 13 59)
3(29 77 59)
3(29 59 13)
3(29 13 77)
3(1 68 63)
3(70 1 63)
3(70 68 1)
3(22 14 92)
3(14 12 92)
3(22 92 12)
3(22 12 14)
3(30 24 17)
3(30 19 24)
3(24 19 17)
3(30 17 19)
3(82 2 40)
3(82 40 0)
3(82 0 2)
3(30 76 15)
3(30 91 76)
3(91 15 76)
3(30 15 91)
3(87 8 85)
3(24 87 85)
3(24 8 87)
3(24 85 8)
3(84 2 40)
3(84 82 2)
3(9 6 79)
3(79 6 78)
3(9 79 78)
3(9 78 6)
3(12 66 47)
3(66 5 47)
3(12 5 66)
3(12 47 5)
3(30 94 19)
3(20 19 94)
3(30 20 94)
3(30 19 20)
3(27 0 2)
3(1 2 0)
3(27 2 1)
3(27 1 0)
3(7 4 61)
3(7 61 87)
3(4 87 61)
3(7 87 4)
3(25 6 84)
3(28 25 84)
3(28 84 6)
3(28 6 25)
3(98 95 2)
3(96 2 95)
3(98 2 96)
3(9 65 6)
3(9 84 65)
3(84 6 65)
3(9 6 84)
3(69 47 12)
3(69 12 66)
3(84 81 25)
3(84 25 82)
3(82 25 81)
3(23 8 1)
3(31 8 23)
3(31 23 1)
3(31 1 8)
3(24 30 21)
3(31 30 24)
3(31 24 21)
3(31 21 30)
3(93 44 16)
3(93 16 45)
3(45 16 44)
3(37 5 47)
3(37 66 5)
3(21 15 30)
3(21 30 76)
3(21 76 15)
3(4 80 62)
3(4 62 1)
3(4 1 80)
3(80 1 62)
3(22 30 94)
3(22 19 30)
3(22 94 19)
3(45 5 35)
3(97 35 5)
3(97 5 45)
3(80 4 61)
3(80 7 4)
3(80 61 7)
3(47 45 5)
3(47 5 35)
3(90 45 5)
3(90 5 47)
3(77 13 64)
3(77 57 13)
3(64 13 57)
3(72 0 71)
3(72 68 0)
3(71 0 68)
3(86 29 59)
3(89 59 29)
3(89 29 86)
3(6 84 81)
3(6 81 25)
3(26 3 95)
3(27 26 95)
3(27 3 26)
3(27 95 3)
3(11 64 77)
3(11 13 64)
3(11 77 13)
3(33 7 83)
3(33 11 7)
3(33 83 11)
3(7 11 83)
3(70 23 8)
3(70 8 1)
3(70 1 23)
3(56 4 54)
3(70 54 4)
3(70 4 56)
3(98 9 39)
3(98 38 9)
3(39 9 38)
3(91 30 94)
3(91 94 22)
3(91 22 30)
3(13 83 89)
3(13 11 83)
3(11 89 83)
3(13 89 11)
3(32 16 26)
3(32 26 22)
3(22 26 16)
3(32 22 16)
3(87 4 54)
3(87 56 4)
3(62 4 61)
3(85 55 8)
3(56 8 55)
3(85 8 56)
3(5 97 3)
3(5 3 37)
3(5 37 97)
3(3 97 37)
3(81 7 83)
3(81 83 33)
3(81 33 7)
3(94 76 30)
3(94 91 76)
3(33 64 77)
3(33 77 11)
3(33 11 64)
3(88 17 58)
3(88 86 17)
3(17 86 58)
3(10 32 16)
3(10 16 26)
3(10 26 32)
3(26 5 97)
3(26 97 3)
3(26 3 5)
3(98 40 84)
3(98 2 40)
3(98 84 2)
3(68 23 27)
3(68 27 66)
3(68 66 23)
3(48 47 12)
3(48 12 69)
3(80 81 7)
3(80 7 83)
3(84 39 98)
3(84 9 39)
3(84 98 9)
3(74 58 29)
3(59 29 58)
3(74 29 59)
3(16 90 45)
3(16 45 5)
3(16 5 90)
3(74 17 58)
3(76 58 17)
3(76 17 74)
3(79 9 65)
3(79 65 6)
3(20 52 19)
3(88 19 52)
3(20 19 88)
3(20 88 52)
3(3 5 66)
3(3 27 5)
3(3 66 27)
3(38 79 9)
3(38 9 65)
3(19 92 53)
3(94 19 53)
3(94 92 19)
3(42 38 9)
3(42 9 98)
3(31 32 26)
3(31 26 22)
3(31 22 32)
3(84 9 38)
3(94 20 52)
3(94 52 19)
3(23 66 12)
3(23 12 5)
3(75 6 79)
3(75 65 6)
3(50 76 91)
3(50 91 15)
3(50 15 76)
3(26 95 96)
3(26 2 95)
3(26 96 2)
3(89 24 87)
3(87 24 86)
3(89 86 24)
3(65 77 33)
3(65 33 64)
3(64 83 33)
3(64 33 81)
3(99 97 16)
3(16 97 45)
3(99 16 45)
3(12 90 48)
3(92 12 48)
3(92 90 12)
3(21 17 30)
3(21 24 17)
3(83 60 13)
3(83 89 60)
3(32 10 15)
3(32 15 21)
3(21 15 10)
3(32 21 10)
3(70 4 62)
3(70 1 4)
3(70 62 1)
3(24 17 86)
3(29 86 17)
3(29 17 24)
3(29 24 86)
3(94 49 20)
3(94 20 51)
3(51 20 49)
3(25 33 7)
3(25 7 81)
3(25 81 33)
3(97 26 96)
3(99 26 97)
3(99 96 26)
3(7 1 80)
3(7 4 1)
3(90 47 12)
3(83 57 13)
3(79 9 42)
3(78 75 6)
3(52 49 20)
3(25 11 7)
3(25 33 11)
3(0 63 1)
3(0 68 63)
3(0 1 68)
3(20 94 76)
3(20 76 30)
3(16 26 5)
3(16 97 26)
3(16 5 97)
3(97 26 95)
3(29 74 17)
3(29 17 58)
3(28 31 32)
3(28 26 31)
3(28 32 26)
3(25 1 82)
3(25 80 1)
3(25 82 80)
3(11 21 6)
3(25 21 11)
3(25 6 21)
3(25 11 6)
3(12 90 5)
3(14 85 55)
3(14 55 8)
3(14 8 85)
3(53 88 19)
3(53 19 52)
3(59 13 57)
3(59 89 13)
3(86 29 58)
3(21 31 32)
3(21 28 31)
3(21 32 28)
3(31 22 23)
3(31 24 22)
3(31 23 24)
3(24 23 22)
3(22 12 90)
3(22 90 5)
3(22 5 12)
3(75 77 33)
3(75 33 65)
3(92 22 91)
3(92 94 22)
3(75 11 21)
3(75 21 6)
3(75 6 11)
3(19 22 14)
3(19 14 92)
3(19 92 22)
3(23 69 12)
3(23 66 69)
3(2 1 82)
3(2 82 25)
3(2 25 1)
3(18 73 50)
3(73 15 50)
3(18 50 15)
3(18 15 73)
3(18 44 16)
3(18 16 93)
3(92 46 14)
3(53 14 46)
3(92 14 53)
3(23 67 8)
3(14 8 67)
3(23 14 67)
3(23 8 14)
3(18 43 10)
3(99 10 43)
3(18 10 99)
3(18 99 43)
3(25 7 80)
3(25 80 81)
3(93 16 90)
3(20 17 58)
3(20 58 88)
3(20 88 17)
3(20 76 58)
3(20 17 76)
3(43 18 73)
3(43 50 18)
3(51 91 76)
3(51 76 94)
3(99 18 44)
3(99 16 18)
3(99 44 16)
3(70 67 8)
3(70 23 67)
3(3 95 97)
3(3 66 37)
3(71 3 37)
3(71 66 3)
3(27 95 2)
3(27 0 95)
3(34 0 82)
3(34 40 0)
3(36 0 40)
3(36 95 0)
3(1 82 0)
3(28 10 78)
3(10 96 78)
3(28 96 10)
3(28 78 96)
3(10 73 43)
3(10 18 73)
3(63 34 0)
3(63 0 82)
3(72 34 0)
3(72 0 63)
3(36 0 34)
3(72 36 0)
3(62 54 4)
3(25 2 84)
3(24 30 22)
3(24 22 19)
3(67 56 8)
3(67 8 55)
3(26 22 23)
3(26 23 31)
3(30 31 22)
3(30 22 32)
3(30 32 31)
3(22 26 5)
3(22 5 16)
3(8 1 4)
3(8 4 70)
3(89 7 61)
3(89 87 7)
3(28 78 21)
3(28 6 78)
3(6 21 78)
3(28 21 6)
3(83 7 61)
3(83 89 7)
3(83 61 89)
3(21 10 78)
3(21 28 10)
3(88 19 17)
3(88 17 24)
3(88 24 19)
3(37 5 35)
3(63 1 62)
3(49 20 58)
3(49 88 20)
3(28 2 84)
3(28 25 2)
3(14 12 48)
3(14 48 92)
3(78 9 42)
3(61 4 54)
3(36 3 37)
3(36 71 3)
3(78 43 10)
3(78 10 73)
3(8 4 7)
3(8 87 4)
3(8 7 87)
3(11 75 77)
3(11 33 75)
3(43 78 96)
3(96 78 42)
3(10 96 43)
3(21 74 17)
3(21 17 29)
3(21 29 74)
3(81 6 65)
3(95 37 3)
3(27 26 2)
3(3 36 95)
3(3 0 36)
3(3 95 0)
3(24 87 7)
3(24 7 89)
3(16 15 32)
3(16 10 15)
3(28 98 84)
3(28 2 98)
3(28 9 6)
3(28 84 9)
3(15 32 30)
3(15 30 22)
3(15 22 32)
3(32 30 21)
3(1 27 68)
3(1 68 23)
3(1 23 27)
3(25 7 1)
3(20 51 76)
3(24 14 19)
3(24 22 14)
3(11 64 83)
3(83 64 13)
3(22 93 16)
3(22 16 90)
3(22 90 93)
3(8 1 7)
3(71 36 0)
3(14 69 48)
3(14 12 69)
3(76 49 20)
3(31 11 25)
3(31 21 11)
3(31 25 21)
3(87 8 56)
3(86 24 85)
3(88 24 86)
3(88 85 24)
3(31 25 7)
3(31 1 25)
3(31 7 1)
3(26 16 99)
3(8 56 4)
3(31 2 1)
3(31 1 27)
3(31 27 2)
3(70 56 8)
3(3 0 71)
3(93 15 50)
3(93 91 15)
3(41 50 18)
3(41 18 43)
3(76 73 15)
3(93 50 18)
3(27 3 0)
3(27 71 3)
3(27 0 71)
3(22 15 91)
3(77 74 29)
3(99 10 96)
3(15 16 22)
3(15 93 16)
3(15 22 93)
3(81 65 33)
3(20 19 17)
3(26 5 27)
3(26 23 5)
3(26 27 23)
3(53 55 14)
3(53 14 85)
3(17 30 76)
3(17 76 21)
3(30 20 17)
3(24 8 7)
3(46 48 14)
3(46 14 69)
3(55 46 14)
3(55 14 69)
3(99 18 41)
3(67 55 14)
3(67 14 69)
3(19 14 53)
3(16 18 10)
3(16 10 99)
3(23 5 22)
3(24 8 23)
3(24 31 8)
3(23 69 14)
3(23 14 12)
3(31 11 7)
3(85 19 53)
3(85 88 19)
3(90 92 22)
3(90 22 91)
3(27 68 0)
3(18 93 15)
3(15 10 18)
3(15 73 10)
3(18 15 16)
3(71 27 66)
3(71 68 27)
3(29 11 89)
3(11 24 89)
3(29 24 11)
3(29 89 24)
3(19 14 85)
3(93 22 91)
3(31 2 25)
3(68 23 67)
3(68 70 23)
3(67 69 23)
3(67 23 66)
3(24 11 31)
3(24 21 11)
3(77 75 21)
3(21 75 74)
3(77 21 74)
3(21 77 11)
3(11 89 7)
3(73 74 21)
3(73 21 75)
3(28 9 78)
3(28 26 96)
3(28 96 2)
3(28 2 26)
3(98 9 96)
3(28 96 9)
3(28 9 98)
3(28 98 96)
3(21 15 73)
3(21 73 10)
3(21 76 73)
3(24 11 7)
3(24 7 31)
3(76 74 21)
3(96 42 9)
3(9 96 78)
3(26 96 10)
3(26 10 28)
3(23 22 12)
3(23 14 22)
3(21 78 75)
3(78 73 21)
3(24 19 85)
3(24 85 14)
3(24 14 8)
3(24 23 14)
3(26 99 10)
3(33 25 6)
3(33 6 81)
3(29 89 13)
3(29 11 13)
3(29 11 77)
3(28 21 25)
3(33 11 6)
3(29 21 24)
3(29 21 11)
3(33 6 75)
3(33 65 6)
3(29 21 77)
3(31 23 27)
3(31 25 28)
3(31 26 27)
3(31 7 8)
3(31 28 2)
3(31 2 26)
3(32 10 28)
3(70 63 68)
3(69 66 47)
3(37 47 66)
3(72 71 68)
3(70 56 54)
3(48 69 47)
3(71 37 66)
3(72 63 34)
3(72 34 36)
3(62 70 54)
3(67 55 56)
3(37 35 47)
3(70 62 63)
3(36 37 71)
3(71 72 36)
3(70 67 56)
3(72 68 63)
3(46 69 48)
3(55 69 46)
3(67 69 55)
3(71 66 68)
3(68 67 70)
3(67 66 69)
3(68 66 67)
3(77 64 57)
3(74 59 58)
3(76 74 58)
3(38 65 79)
3(75 79 65)
3(65 64 77)
3(79 42 38)
3(78 79 75)
3(75 65 77)
3(43 73 50)
3(51 50 76)
3(78 42 79)
3(78 73 43)
3(77 57 59)
3(43 42 78)
3(76 58 49)
3(41 43 50)
3(76 50 73)
3(77 59 74)
3(76 49 51)
3(77 74 75)
3(73 75 74)
3(76 73 74)
3(78 75 73)
3(98 96 95)
3(97 45 35)
3(98 39 38)
3(40 39 98)
3(42 98 38)
3(98 95 40)
3(99 45 97)
3(99 97 96)
3(97 95 96)
3(36 40 95)
3(36 34 40)
3(97 35 37)
3(43 96 42)
3(95 97 37)
3(95 37 36)
3(99 96 43)
3(99 41 44)
3(99 43 41)
3(99 44 45)
3(96 98 42)
3(89 57 60)
3(89 86 59)
3(87 54 56)
3(85 56 55)
3(88 58 86)
3(89 87 86)
3(53 52 88)
3(59 57 89)
3(86 58 59)
3(89 61 87)
3(49 58 88)
3(61 54 87)
3(87 56 85)
3(88 86 85)
3(87 85 86)
3(53 85 55)
3(55 46 53)
3(85 53 88)
3(88 52 49)
3(61 89 60)
3(82 63 80)
3(84 40 82)
3(84 82 81)
3(62 61 80)
3(80 83 81)
3(40 84 39)
3(84 38 39)
3(64 81 83)
3(83 60 57)
3(84 65 38)
3(34 82 40)
3(63 82 34)
3(63 62 80)
3(83 80 61)
3(62 54 61)
3(81 65 84)
3(83 57 64)
3(81 64 65)
3(82 80 81)
3(61 60 83)
3(93 44 41)
3(93 45 44)
3(47 35 45)
3(90 47 45)
3(94 53 92)
3(92 48 90)
3(94 51 49)
3(90 48 47)
3(52 94 49)
3(92 91 94)
3(92 53 46)
3(93 90 45)
3(51 94 91)
3(51 91 50)
3(93 50 91)
3(93 41 50)
3(92 46 48)
3(90 91 92)
3(94 52 53)
3(93 91 90)
)


// ************************************************************************* //
