/*--------------------------------*- C++ -*----------------------------------*\
| =========                 |                                                 |
| \\      /  F ield         | foam-extend: Open Source CFD                    |
|  \\    /   O peration     | Version:     4.0                                |
|   \\  /    A nd           | Web:         http://www.foam-extend.org         |
|    \\/     M anipulation  |                                                 |
\*---------------------------------------------------------------------------*/
FoamFile
{
    version     2.0;
    format      ascii;
    class       labelList;
    note        "nPoints: 100 nAllPoints: 100 nInternalFaces: 620 nFaces: 748 nAllFaces: 748 nCells: 342";
    location    "constant/polyMesh";
    object      neighbour;
}
// * * * * * * * * * * * * * * * * * * * * * * * * * * * * * * * * * * * * * //


620
(
86
95
112
58
68
75
230
124
220
244
107
163
166
9
78
138
140
178
224
310
314
101
165
294
120
169
260
295
85
151
161
327
12
139
141
27
52
77
223
207
212
237
303
57
150
66
97
170
282
21
26
75
109
29
74
102
327
138
141
213
259
31
157
173
176
37
167
191
316
78
79
317
66
99
183
191
59
121
37
150
256
41
252
329
332
85
188
276
312
124
129
251
162
171
194
235
287
48
88
93
163
44
151
275
32
172
232
48
93
168
33
162
64
109
39
178
200
203
234
339
113
310
323
183
309
136
185
231
243
53
221
314
51
100
199
280
135
156
294
47
149
215
61
71
73
52
118
223
86
221
280
311
55
72
155
228
173
211
177
110
152
207
56
171
172
184
60
82
91
102
133
81
179
199
130
257
313
189
320
340
103
136
231
62
78
190
195
266
283
94
204
128
168
62
73
315
105
113
224
129
232
267
105
131
290
69
76
74
111
229
264
171
231
296
96
99
247
269
275
96
291
106
153
154
99
98
269
121
297
97
324
143
217
219
104
185
284
187
212
323
117
227
199
227
210
232
251
94
169
260
235
321
95
308
189
194
286
341
149
156
165
257
313
321
323
98
197
242
100
128
309
104
210
307
196
202
109
200
170
298
264
254
318
166
234
259
197
236
155
210
232
136
182
313
114
334
340
122
196
256
119
206
316
318
116
233
246
303
255
269
178
310
313
312
330
341
153
188
252
305
260
267
297
179
324
258
275
279
298
325
198
247
275
253
274
141
150
272
132
219
261
262
134
265
239
241
247
135
246
277
306
144
225
248
249
196
256
201
131
164
229
205
236
144
218
143
197
244
248
251
214
273
184
171
174
296
185
243
145
147
147
186
166
160
181
293
299
175
262
146
166
148
234
148
203
177
167
188
198
214
246
250
331
188
193
312
250
267
202
215
159
187
160
282
298
316
168
280
308
301
341
229
257
302
172
165
205
264
190
335
204
239
292
177
192
216
181
301
202
211
237
279
325
181
292
225
290
321
337
326
192
336
192
216
243
237
319
228
263
315
317
282
315
194
223
228
312
259
294
329
209
242
304
305
221
221
226
267
271
332
216
238
253
242
254
276
330
211
212
257
302
254
272
332
320
215
272
329
336
215
222
261
338
220
249
287
261
243
296
339
338
337
307
228
265
338
326
327
231
250
331
241
270
236
290
327
333
239
240
241
245
249
246
277
270
263
320
297
306
333
277
295
288
270
302
260
271
339
265
263
286
265
296
339
311
319
322
323
304
338
335
283
294
277
283
288
322
279
281
337
328
319
289
300
299
293
317
334
291
299
315
317
287
301
289
319
333
290
292
299
307
340
297
305
300
301
304
304
306
306
320
318
326
311
314
328
330
325
322
328
325
326
337
331
335
336
333
335
336
341
)


// ************************************************************************* //
