/*--------------------------------*- C++ -*----------------------------------*\
| =========                 |                                                 |
| \\      /  F ield         | foam-extend: Open Source CFD                    |
|  \\    /   O peration     | Version:     4.0                                |
|   \\  /    A nd           | Web:         http://www.foam-extend.org         |
|    \\/     M anipulation  |                                                 |
\*---------------------------------------------------------------------------*/
FoamFile
{
    version     2.0;
    format      ascii;
    class       faceList;
    location    "constant/polyMesh";
    object      faces;
}
// * * * * * * * * * * * * * * * * * * * * * * * * * * * * * * * * * * * * * //


783
(
4(1 62 306 245)
4(61 305 306 62)
4(2 63 307 246)
4(62 306 307 63)
4(3 64 308 247)
4(63 307 308 64)
4(4 65 309 248)
4(64 308 309 65)
4(5 66 310 249)
4(65 309 310 66)
4(6 67 311 250)
4(66 310 311 67)
4(7 68 312 251)
4(67 311 312 68)
4(8 69 313 252)
4(68 312 313 69)
4(9 70 314 253)
4(69 313 314 70)
4(10 71 315 254)
4(70 314 315 71)
4(11 72 316 255)
4(71 315 316 72)
4(12 73 317 256)
4(72 316 317 73)
4(13 74 318 257)
4(73 317 318 74)
4(14 75 319 258)
4(74 318 319 75)
4(15 76 320 259)
4(75 319 320 76)
4(16 77 321 260)
4(76 320 321 77)
4(17 78 322 261)
4(77 321 322 78)
4(18 79 323 262)
4(78 322 323 79)
4(19 80 324 263)
4(79 323 324 80)
4(20 81 325 264)
4(80 324 325 81)
4(21 82 326 265)
4(81 325 326 82)
4(22 83 327 266)
4(82 326 327 83)
4(23 84 328 267)
4(83 327 328 84)
4(24 85 329 268)
4(84 328 329 85)
4(25 86 330 269)
4(85 329 330 86)
4(26 87 331 270)
4(86 330 331 87)
4(27 88 332 271)
4(87 331 332 88)
4(28 89 333 272)
4(88 332 333 89)
4(29 90 334 273)
4(89 333 334 90)
4(30 91 335 274)
4(90 334 335 91)
4(31 92 336 275)
4(91 335 336 92)
4(32 93 337 276)
4(92 336 337 93)
4(33 94 338 277)
4(93 337 338 94)
4(34 95 339 278)
4(94 338 339 95)
4(35 96 340 279)
4(95 339 340 96)
4(36 97 341 280)
4(96 340 341 97)
4(37 98 342 281)
4(97 341 342 98)
4(38 99 343 282)
4(98 342 343 99)
4(39 100 344 283)
4(99 343 344 100)
4(40 101 345 284)
4(100 344 345 101)
4(41 102 346 285)
4(101 345 346 102)
4(42 103 347 286)
4(102 346 347 103)
4(43 104 348 287)
4(103 347 348 104)
4(44 105 349 288)
4(104 348 349 105)
4(45 106 350 289)
4(105 349 350 106)
4(46 107 351 290)
4(106 350 351 107)
4(47 108 352 291)
4(107 351 352 108)
4(48 109 353 292)
4(108 352 353 109)
4(49 110 354 293)
4(109 353 354 110)
4(50 111 355 294)
4(110 354 355 111)
4(51 112 356 295)
4(111 355 356 112)
4(52 113 357 296)
4(112 356 357 113)
4(53 114 358 297)
4(113 357 358 114)
4(54 115 359 298)
4(114 358 359 115)
4(55 116 360 299)
4(115 359 360 116)
4(56 117 361 300)
4(116 360 361 117)
4(57 118 362 301)
4(117 361 362 118)
4(58 119 363 302)
4(118 362 363 119)
4(59 120 364 303)
4(119 363 364 120)
4(120 364 365 121)
4(62 123 367 306)
4(122 366 367 123)
4(63 124 368 307)
4(123 367 368 124)
4(64 125 369 308)
4(124 368 369 125)
4(65 126 370 309)
4(125 369 370 126)
4(66 127 371 310)
4(126 370 371 127)
4(67 128 372 311)
4(127 371 372 128)
4(68 129 373 312)
4(128 372 373 129)
4(69 130 374 313)
4(129 373 374 130)
4(70 131 375 314)
4(130 374 375 131)
4(71 132 376 315)
4(131 375 376 132)
4(72 133 377 316)
4(132 376 377 133)
4(73 134 378 317)
4(133 377 378 134)
4(74 135 379 318)
4(134 378 379 135)
4(75 136 380 319)
4(135 379 380 136)
4(76 137 381 320)
4(136 380 381 137)
4(77 138 382 321)
4(137 381 382 138)
4(78 139 383 322)
4(138 382 383 139)
4(79 140 384 323)
4(139 383 384 140)
4(80 141 385 324)
4(140 384 385 141)
4(81 142 386 325)
4(141 385 386 142)
4(82 143 387 326)
4(142 386 387 143)
4(83 144 388 327)
4(143 387 388 144)
4(84 145 389 328)
4(144 388 389 145)
4(85 146 390 329)
4(145 389 390 146)
4(86 147 391 330)
4(146 390 391 147)
4(87 148 392 331)
4(147 391 392 148)
4(88 149 393 332)
4(148 392 393 149)
4(89 150 394 333)
4(149 393 394 150)
4(90 151 395 334)
4(150 394 395 151)
4(91 152 396 335)
4(151 395 396 152)
4(92 153 397 336)
4(152 396 397 153)
4(93 154 398 337)
4(153 397 398 154)
4(94 155 399 338)
4(154 398 399 155)
4(95 156 400 339)
4(155 399 400 156)
4(96 157 401 340)
4(156 400 401 157)
4(97 158 402 341)
4(157 401 402 158)
4(98 159 403 342)
4(158 402 403 159)
4(99 160 404 343)
4(159 403 404 160)
4(100 161 405 344)
4(160 404 405 161)
4(101 162 406 345)
4(161 405 406 162)
4(102 163 407 346)
4(162 406 407 163)
4(103 164 408 347)
4(163 407 408 164)
4(104 165 409 348)
4(164 408 409 165)
4(105 166 410 349)
4(165 409 410 166)
4(106 167 411 350)
4(166 410 411 167)
4(107 168 412 351)
4(167 411 412 168)
4(108 169 413 352)
4(168 412 413 169)
4(109 170 414 353)
4(169 413 414 170)
4(110 171 415 354)
4(170 414 415 171)
4(111 172 416 355)
4(171 415 416 172)
4(112 173 417 356)
4(172 416 417 173)
4(113 174 418 357)
4(173 417 418 174)
4(114 175 419 358)
4(174 418 419 175)
4(115 176 420 359)
4(175 419 420 176)
4(116 177 421 360)
4(176 420 421 177)
4(117 178 422 361)
4(177 421 422 178)
4(118 179 423 362)
4(178 422 423 179)
4(119 180 424 363)
4(179 423 424 180)
4(120 181 425 364)
4(180 424 425 181)
4(181 425 426 182)
4(123 184 428 367)
4(124 185 429 368)
4(125 186 430 369)
4(126 187 431 370)
4(127 188 432 371)
4(128 189 433 372)
4(129 190 434 373)
4(130 191 435 374)
4(131 192 436 375)
4(132 193 437 376)
4(133 194 438 377)
4(134 195 439 378)
4(135 196 440 379)
4(136 197 441 380)
4(137 198 442 381)
4(138 199 443 382)
4(139 200 444 383)
4(140 201 445 384)
4(141 202 446 385)
4(142 203 447 386)
4(143 204 448 387)
4(144 205 449 388)
4(145 206 450 389)
4(146 207 451 390)
4(147 208 452 391)
4(148 209 453 392)
4(149 210 454 393)
4(150 211 455 394)
4(151 212 456 395)
4(152 213 457 396)
4(153 214 458 397)
4(154 215 459 398)
4(155 216 460 399)
4(156 217 461 400)
4(157 218 462 401)
4(158 219 463 402)
4(159 220 464 403)
4(160 221 465 404)
4(161 222 466 405)
4(162 223 467 406)
4(163 224 468 407)
4(164 225 469 408)
4(165 226 470 409)
4(166 227 471 410)
4(167 228 472 411)
4(168 229 473 412)
4(169 230 474 413)
4(170 231 475 414)
4(171 232 476 415)
4(172 233 477 416)
4(173 234 478 417)
4(174 235 479 418)
4(175 236 480 419)
4(176 237 481 420)
4(177 238 482 421)
4(178 239 483 422)
4(179 240 484 423)
4(180 241 485 424)
4(181 242 486 425)
4(183 427 428 184)
4(184 428 429 185)
4(185 429 430 186)
4(186 430 431 187)
4(187 431 432 188)
4(188 432 433 189)
4(189 433 434 190)
4(190 434 435 191)
4(191 435 436 192)
4(192 436 437 193)
4(193 437 438 194)
4(194 438 439 195)
4(195 439 440 196)
4(196 440 441 197)
4(197 441 442 198)
4(198 442 443 199)
4(199 443 444 200)
4(200 444 445 201)
4(201 445 446 202)
4(202 446 447 203)
4(203 447 448 204)
4(204 448 449 205)
4(205 449 450 206)
4(206 450 451 207)
4(207 451 452 208)
4(208 452 453 209)
4(209 453 454 210)
4(210 454 455 211)
4(211 455 456 212)
4(212 456 457 213)
4(213 457 458 214)
4(214 458 459 215)
4(215 459 460 216)
4(216 460 461 217)
4(217 461 462 218)
4(218 462 463 219)
4(219 463 464 220)
4(220 464 465 221)
4(221 465 466 222)
4(222 466 467 223)
4(223 467 468 224)
4(224 468 469 225)
4(225 469 470 226)
4(226 470 471 227)
4(227 471 472 228)
4(228 472 473 229)
4(229 473 474 230)
4(230 474 475 231)
4(231 475 476 232)
4(232 476 477 233)
4(233 477 478 234)
4(234 478 479 235)
4(235 479 480 236)
4(236 480 481 237)
4(237 481 482 238)
4(238 482 483 239)
4(239 483 484 240)
4(240 484 485 241)
4(241 485 486 242)
4(242 486 487 243)
4(0 244 305 61)
4(61 305 366 122)
4(122 366 427 183)
4(60 121 365 304)
4(121 182 426 365)
4(182 243 487 426)
4(0 1 245 244)
4(1 2 246 245)
4(2 3 247 246)
4(3 4 248 247)
4(4 5 249 248)
4(5 6 250 249)
4(6 7 251 250)
4(7 8 252 251)
4(8 9 253 252)
4(9 10 254 253)
4(10 11 255 254)
4(11 12 256 255)
4(12 13 257 256)
4(13 14 258 257)
4(14 15 259 258)
4(15 16 260 259)
4(16 17 261 260)
4(17 18 262 261)
4(18 19 263 262)
4(19 20 264 263)
4(20 21 265 264)
4(21 22 266 265)
4(22 23 267 266)
4(23 24 268 267)
4(24 25 269 268)
4(25 26 270 269)
4(26 27 271 270)
4(27 28 272 271)
4(28 29 273 272)
4(29 30 274 273)
4(30 31 275 274)
4(31 32 276 275)
4(32 33 277 276)
4(33 34 278 277)
4(34 35 279 278)
4(35 36 280 279)
4(36 37 281 280)
4(37 38 282 281)
4(38 39 283 282)
4(39 40 284 283)
4(40 41 285 284)
4(41 42 286 285)
4(42 43 287 286)
4(43 44 288 287)
4(44 45 289 288)
4(45 46 290 289)
4(46 47 291 290)
4(47 48 292 291)
4(48 49 293 292)
4(49 50 294 293)
4(50 51 295 294)
4(51 52 296 295)
4(52 53 297 296)
4(53 54 298 297)
4(54 55 299 298)
4(55 56 300 299)
4(56 57 301 300)
4(57 58 302 301)
4(58 59 303 302)
4(59 60 304 303)
4(244 245 306 305)
4(305 306 367 366)
4(366 367 428 427)
4(245 246 307 306)
4(306 307 368 367)
4(367 368 429 428)
4(246 247 308 307)
4(307 308 369 368)
4(368 369 430 429)
4(247 248 309 308)
4(308 309 370 369)
4(369 370 431 430)
4(248 249 310 309)
4(309 310 371 370)
4(370 371 432 431)
4(249 250 311 310)
4(310 311 372 371)
4(371 372 433 432)
4(250 251 312 311)
4(311 312 373 372)
4(372 373 434 433)
4(251 252 313 312)
4(312 313 374 373)
4(373 374 435 434)
4(252 253 314 313)
4(313 314 375 374)
4(374 375 436 435)
4(253 254 315 314)
4(314 315 376 375)
4(375 376 437 436)
4(254 255 316 315)
4(315 316 377 376)
4(376 377 438 437)
4(255 256 317 316)
4(316 317 378 377)
4(377 378 439 438)
4(256 257 318 317)
4(317 318 379 378)
4(378 379 440 439)
4(257 258 319 318)
4(318 319 380 379)
4(379 380 441 440)
4(258 259 320 319)
4(319 320 381 380)
4(380 381 442 441)
4(259 260 321 320)
4(320 321 382 381)
4(381 382 443 442)
4(260 261 322 321)
4(321 322 383 382)
4(382 383 444 443)
4(261 262 323 322)
4(322 323 384 383)
4(383 384 445 444)
4(262 263 324 323)
4(323 324 385 384)
4(384 385 446 445)
4(263 264 325 324)
4(324 325 386 385)
4(385 386 447 446)
4(264 265 326 325)
4(325 326 387 386)
4(386 387 448 447)
4(265 266 327 326)
4(326 327 388 387)
4(387 388 449 448)
4(266 267 328 327)
4(327 328 389 388)
4(388 389 450 449)
4(267 268 329 328)
4(328 329 390 389)
4(389 390 451 450)
4(268 269 330 329)
4(329 330 391 390)
4(390 391 452 451)
4(269 270 331 330)
4(330 331 392 391)
4(391 392 453 452)
4(270 271 332 331)
4(331 332 393 392)
4(392 393 454 453)
4(271 272 333 332)
4(332 333 394 393)
4(393 394 455 454)
4(272 273 334 333)
4(333 334 395 394)
4(394 395 456 455)
4(273 274 335 334)
4(334 335 396 395)
4(395 396 457 456)
4(274 275 336 335)
4(335 336 397 396)
4(396 397 458 457)
4(275 276 337 336)
4(336 337 398 397)
4(397 398 459 458)
4(276 277 338 337)
4(337 338 399 398)
4(398 399 460 459)
4(277 278 339 338)
4(338 339 400 399)
4(399 400 461 460)
4(278 279 340 339)
4(339 340 401 400)
4(400 401 462 461)
4(279 280 341 340)
4(340 341 402 401)
4(401 402 463 462)
4(280 281 342 341)
4(341 342 403 402)
4(402 403 464 463)
4(281 282 343 342)
4(342 343 404 403)
4(403 404 465 464)
4(282 283 344 343)
4(343 344 405 404)
4(404 405 466 465)
4(283 284 345 344)
4(344 345 406 405)
4(405 406 467 466)
4(284 285 346 345)
4(345 346 407 406)
4(406 407 468 467)
4(285 286 347 346)
4(346 347 408 407)
4(407 408 469 468)
4(286 287 348 347)
4(347 348 409 408)
4(408 409 470 469)
4(287 288 349 348)
4(348 349 410 409)
4(409 410 471 470)
4(288 289 350 349)
4(349 350 411 410)
4(410 411 472 471)
4(289 290 351 350)
4(350 351 412 411)
4(411 412 473 472)
4(290 291 352 351)
4(351 352 413 412)
4(412 413 474 473)
4(291 292 353 352)
4(352 353 414 413)
4(413 414 475 474)
4(292 293 354 353)
4(353 354 415 414)
4(414 415 476 475)
4(293 294 355 354)
4(354 355 416 415)
4(415 416 477 476)
4(294 295 356 355)
4(355 356 417 416)
4(416 417 478 477)
4(295 296 357 356)
4(356 357 418 417)
4(417 418 479 478)
4(296 297 358 357)
4(357 358 419 418)
4(418 419 480 479)
4(297 298 359 358)
4(358 359 420 419)
4(419 420 481 480)
4(298 299 360 359)
4(359 360 421 420)
4(420 421 482 481)
4(299 300 361 360)
4(360 361 422 421)
4(421 422 483 482)
4(300 301 362 361)
4(361 362 423 422)
4(422 423 484 483)
4(301 302 363 362)
4(362 363 424 423)
4(423 424 485 484)
4(302 303 364 363)
4(363 364 425 424)
4(424 425 486 485)
4(303 304 365 364)
4(364 365 426 425)
4(425 426 487 486)
4(0 61 62 1)
4(61 122 123 62)
4(122 183 184 123)
4(1 62 63 2)
4(62 123 124 63)
4(123 184 185 124)
4(2 63 64 3)
4(63 124 125 64)
4(124 185 186 125)
4(3 64 65 4)
4(64 125 126 65)
4(125 186 187 126)
4(4 65 66 5)
4(65 126 127 66)
4(126 187 188 127)
4(5 66 67 6)
4(66 127 128 67)
4(127 188 189 128)
4(6 67 68 7)
4(67 128 129 68)
4(128 189 190 129)
4(7 68 69 8)
4(68 129 130 69)
4(129 190 191 130)
4(8 69 70 9)
4(69 130 131 70)
4(130 191 192 131)
4(9 70 71 10)
4(70 131 132 71)
4(131 192 193 132)
4(10 71 72 11)
4(71 132 133 72)
4(132 193 194 133)
4(11 72 73 12)
4(72 133 134 73)
4(133 194 195 134)
4(12 73 74 13)
4(73 134 135 74)
4(134 195 196 135)
4(13 74 75 14)
4(74 135 136 75)
4(135 196 197 136)
4(14 75 76 15)
4(75 136 137 76)
4(136 197 198 137)
4(15 76 77 16)
4(76 137 138 77)
4(137 198 199 138)
4(16 77 78 17)
4(77 138 139 78)
4(138 199 200 139)
4(17 78 79 18)
4(78 139 140 79)
4(139 200 201 140)
4(18 79 80 19)
4(79 140 141 80)
4(140 201 202 141)
4(19 80 81 20)
4(80 141 142 81)
4(141 202 203 142)
4(20 81 82 21)
4(81 142 143 82)
4(142 203 204 143)
4(21 82 83 22)
4(82 143 144 83)
4(143 204 205 144)
4(22 83 84 23)
4(83 144 145 84)
4(144 205 206 145)
4(23 84 85 24)
4(84 145 146 85)
4(145 206 207 146)
4(24 85 86 25)
4(85 146 147 86)
4(146 207 208 147)
4(25 86 87 26)
4(86 147 148 87)
4(147 208 209 148)
4(26 87 88 27)
4(87 148 149 88)
4(148 209 210 149)
4(27 88 89 28)
4(88 149 150 89)
4(149 210 211 150)
4(28 89 90 29)
4(89 150 151 90)
4(150 211 212 151)
4(29 90 91 30)
4(90 151 152 91)
4(151 212 213 152)
4(30 91 92 31)
4(91 152 153 92)
4(152 213 214 153)
4(31 92 93 32)
4(92 153 154 93)
4(153 214 215 154)
4(32 93 94 33)
4(93 154 155 94)
4(154 215 216 155)
4(33 94 95 34)
4(94 155 156 95)
4(155 216 217 156)
4(34 95 96 35)
4(95 156 157 96)
4(156 217 218 157)
4(35 96 97 36)
4(96 157 158 97)
4(157 218 219 158)
4(36 97 98 37)
4(97 158 159 98)
4(158 219 220 159)
4(37 98 99 38)
4(98 159 160 99)
4(159 220 221 160)
4(38 99 100 39)
4(99 160 161 100)
4(160 221 222 161)
4(39 100 101 40)
4(100 161 162 101)
4(161 222 223 162)
4(40 101 102 41)
4(101 162 163 102)
4(162 223 224 163)
4(41 102 103 42)
4(102 163 164 103)
4(163 224 225 164)
4(42 103 104 43)
4(103 164 165 104)
4(164 225 226 165)
4(43 104 105 44)
4(104 165 166 105)
4(165 226 227 166)
4(44 105 106 45)
4(105 166 167 106)
4(166 227 228 167)
4(45 106 107 46)
4(106 167 168 107)
4(167 228 229 168)
4(46 107 108 47)
4(107 168 169 108)
4(168 229 230 169)
4(47 108 109 48)
4(108 169 170 109)
4(169 230 231 170)
4(48 109 110 49)
4(109 170 171 110)
4(170 231 232 171)
4(49 110 111 50)
4(110 171 172 111)
4(171 232 233 172)
4(50 111 112 51)
4(111 172 173 112)
4(172 233 234 173)
4(51 112 113 52)
4(112 173 174 113)
4(173 234 235 174)
4(52 113 114 53)
4(113 174 175 114)
4(174 235 236 175)
4(53 114 115 54)
4(114 175 176 115)
4(175 236 237 176)
4(54 115 116 55)
4(115 176 177 116)
4(176 237 238 177)
4(55 116 117 56)
4(116 177 178 117)
4(177 238 239 178)
4(56 117 118 57)
4(117 178 179 118)
4(178 239 240 179)
4(57 118 119 58)
4(118 179 180 119)
4(179 240 241 180)
4(58 119 120 59)
4(119 180 181 120)
4(180 241 242 181)
4(59 120 121 60)
4(120 181 182 121)
4(181 242 243 182)
)


// ************************************************************************* //
