/*--------------------------------*- C++ -*----------------------------------*\
| =========                 |                                                 |
| \\      /  F ield         | foam-extend: Open Source CFD                    |
|  \\    /   O peration     | Version:     4.0                                |
|   \\  /    A nd           | Web:         http://www.foam-extend.org         |
|    \\/     M anipulation  |                                                 |
\*---------------------------------------------------------------------------*/
FoamFile
{
    version     2.0;
    format      ascii;
    class       vectorField;
    location    "constant/polyMesh";
    object      points;
}
// * * * * * * * * * * * * * * * * * * * * * * * * * * * * * * * * * * * * * //


488
(
(0 0 0)
(0.03333333333 0 0)
(0.06666666667 0 0)
(0.1 0 0)
(0.1333333333 0 0)
(0.1666666667 0 0)
(0.2 0 0)
(0.2333333333 0 0)
(0.2666666667 0 0)
(0.3 0 0)
(0.3333333333 0 0)
(0.3666666667 0 0)
(0.4 0 0)
(0.4333333333 0 0)
(0.4666666667 0 0)
(0.5 0 0)
(0.5333333333 0 0)
(0.5666666667 0 0)
(0.6 0 0)
(0.6333333333 0 0)
(0.6666666667 0 0)
(0.7 0 0)
(0.7333333333 0 0)
(0.7666666667 0 0)
(0.8 0 0)
(0.8333333333 0 0)
(0.8666666667 0 0)
(0.9 0 0)
(0.9333333333 0 0)
(0.9666666667 0 0)
(1 0 0)
(1.033333333 0 0)
(1.066666667 0 0)
(1.1 0 0)
(1.133333333 0 0)
(1.166666667 0 0)
(1.2 0 0)
(1.233333333 0 0)
(1.266666667 0 0)
(1.3 0 0)
(1.333333333 0 0)
(1.366666667 0 0)
(1.4 0 0)
(1.433333333 0 0)
(1.466666667 0 0)
(1.5 0 0)
(1.533333333 0 0)
(1.566666667 0 0)
(1.6 0 0)
(1.633333333 0 0)
(1.666666667 0 0)
(1.7 0 0)
(1.733333333 0 0)
(1.766666667 0 0)
(1.8 0 0)
(1.833333333 0 0)
(1.866666667 0 0)
(1.9 0 0)
(1.933333333 0 0)
(1.966666667 0 0)
(2 0 0)
(0 0.03333333333 0)
(0.03333333333 0.03333333333 0)
(0.06666666667 0.03333333333 0)
(0.1 0.03333333333 0)
(0.1333333333 0.03333333333 0)
(0.1666666667 0.03333333333 0)
(0.2 0.03333333333 0)
(0.2333333333 0.03333333333 0)
(0.2666666667 0.03333333333 0)
(0.3 0.03333333333 0)
(0.3333333333 0.03333333333 0)
(0.3666666667 0.03333333333 0)
(0.4 0.03333333333 0)
(0.4333333333 0.03333333333 0)
(0.4666666667 0.03333333333 0)
(0.5 0.03333333333 0)
(0.5333333333 0.03333333333 0)
(0.5666666667 0.03333333333 0)
(0.6 0.03333333333 0)
(0.6333333333 0.03333333333 0)
(0.6666666667 0.03333333333 0)
(0.7 0.03333333333 0)
(0.7333333333 0.03333333333 0)
(0.7666666667 0.03333333333 0)
(0.8 0.03333333333 0)
(0.8333333333 0.03333333333 0)
(0.8666666667 0.03333333333 0)
(0.9 0.03333333333 0)
(0.9333333333 0.03333333333 0)
(0.9666666667 0.03333333333 0)
(1 0.03333333333 0)
(1.033333333 0.03333333333 0)
(1.066666667 0.03333333333 0)
(1.1 0.03333333333 0)
(1.133333333 0.03333333333 0)
(1.166666667 0.03333333333 0)
(1.2 0.03333333333 0)
(1.233333333 0.03333333333 0)
(1.266666667 0.03333333333 0)
(1.3 0.03333333333 0)
(1.333333333 0.03333333333 0)
(1.366666667 0.03333333333 0)
(1.4 0.03333333333 0)
(1.433333333 0.03333333333 0)
(1.466666667 0.03333333333 0)
(1.5 0.03333333333 0)
(1.533333333 0.03333333333 0)
(1.566666667 0.03333333333 0)
(1.6 0.03333333333 0)
(1.633333333 0.03333333333 0)
(1.666666667 0.03333333333 0)
(1.7 0.03333333333 0)
(1.733333333 0.03333333333 0)
(1.766666667 0.03333333333 0)
(1.8 0.03333333333 0)
(1.833333333 0.03333333333 0)
(1.866666667 0.03333333333 0)
(1.9 0.03333333333 0)
(1.933333333 0.03333333333 0)
(1.966666667 0.03333333333 0)
(2 0.03333333333 0)
(0 0.06666666667 0)
(0.03333333333 0.06666666667 0)
(0.06666666667 0.06666666667 0)
(0.1 0.06666666667 0)
(0.1333333333 0.06666666667 0)
(0.1666666667 0.06666666667 0)
(0.2 0.06666666667 0)
(0.2333333333 0.06666666667 0)
(0.2666666667 0.06666666667 0)
(0.3 0.06666666667 0)
(0.3333333333 0.06666666667 0)
(0.3666666667 0.06666666667 0)
(0.4 0.06666666667 0)
(0.4333333333 0.06666666667 0)
(0.4666666667 0.06666666667 0)
(0.5 0.06666666667 0)
(0.5333333333 0.06666666667 0)
(0.5666666667 0.06666666667 0)
(0.6 0.06666666667 0)
(0.6333333333 0.06666666667 0)
(0.6666666667 0.06666666667 0)
(0.7 0.06666666667 0)
(0.7333333333 0.06666666667 0)
(0.7666666667 0.06666666667 0)
(0.8 0.06666666667 0)
(0.8333333333 0.06666666667 0)
(0.8666666667 0.06666666667 0)
(0.9 0.06666666667 0)
(0.9333333333 0.06666666667 0)
(0.9666666667 0.06666666667 0)
(1 0.06666666667 0)
(1.033333333 0.06666666667 0)
(1.066666667 0.06666666667 0)
(1.1 0.06666666667 0)
(1.133333333 0.06666666667 0)
(1.166666667 0.06666666667 0)
(1.2 0.06666666667 0)
(1.233333333 0.06666666667 0)
(1.266666667 0.06666666667 0)
(1.3 0.06666666667 0)
(1.333333333 0.06666666667 0)
(1.366666667 0.06666666667 0)
(1.4 0.06666666667 0)
(1.433333333 0.06666666667 0)
(1.466666667 0.06666666667 0)
(1.5 0.06666666667 0)
(1.533333333 0.06666666667 0)
(1.566666667 0.06666666667 0)
(1.6 0.06666666667 0)
(1.633333333 0.06666666667 0)
(1.666666667 0.06666666667 0)
(1.7 0.06666666667 0)
(1.733333333 0.06666666667 0)
(1.766666667 0.06666666667 0)
(1.8 0.06666666667 0)
(1.833333333 0.06666666667 0)
(1.866666667 0.06666666667 0)
(1.9 0.06666666667 0)
(1.933333333 0.06666666667 0)
(1.966666667 0.06666666667 0)
(2 0.06666666667 0)
(0 0.1 0)
(0.03333333333 0.1 0)
(0.06666666667 0.1 0)
(0.1 0.1 0)
(0.1333333333 0.1 0)
(0.1666666667 0.1 0)
(0.2 0.1 0)
(0.2333333333 0.1 0)
(0.2666666667 0.1 0)
(0.3 0.1 0)
(0.3333333333 0.1 0)
(0.3666666667 0.1 0)
(0.4 0.1 0)
(0.4333333333 0.1 0)
(0.4666666667 0.1 0)
(0.5 0.1 0)
(0.5333333333 0.1 0)
(0.5666666667 0.1 0)
(0.6 0.1 0)
(0.6333333333 0.1 0)
(0.6666666667 0.1 0)
(0.7 0.1 0)
(0.7333333333 0.1 0)
(0.7666666667 0.1 0)
(0.8 0.1 0)
(0.8333333333 0.1 0)
(0.8666666667 0.1 0)
(0.9 0.1 0)
(0.9333333333 0.1 0)
(0.9666666667 0.1 0)
(1 0.1 0)
(1.033333333 0.1 0)
(1.066666667 0.1 0)
(1.1 0.1 0)
(1.133333333 0.1 0)
(1.166666667 0.1 0)
(1.2 0.1 0)
(1.233333333 0.1 0)
(1.266666667 0.1 0)
(1.3 0.1 0)
(1.333333333 0.1 0)
(1.366666667 0.1 0)
(1.4 0.1 0)
(1.433333333 0.1 0)
(1.466666667 0.1 0)
(1.5 0.1 0)
(1.533333333 0.1 0)
(1.566666667 0.1 0)
(1.6 0.1 0)
(1.633333333 0.1 0)
(1.666666667 0.1 0)
(1.7 0.1 0)
(1.733333333 0.1 0)
(1.766666667 0.1 0)
(1.8 0.1 0)
(1.833333333 0.1 0)
(1.866666667 0.1 0)
(1.9 0.1 0)
(1.933333333 0.1 0)
(1.966666667 0.1 0)
(2 0.1 0)
(0 0 1)
(0.03333333333 0 1)
(0.06666666667 0 1)
(0.1 0 1)
(0.1333333333 0 1)
(0.1666666667 0 1)
(0.2 0 1)
(0.2333333333 0 1)
(0.2666666667 0 1)
(0.3 0 1)
(0.3333333333 0 1)
(0.3666666667 0 1)
(0.4 0 1)
(0.4333333333 0 1)
(0.4666666667 0 1)
(0.5 0 1)
(0.5333333333 0 1)
(0.5666666667 0 1)
(0.6 0 1)
(0.6333333333 0 1)
(0.6666666667 0 1)
(0.7 0 1)
(0.7333333333 0 1)
(0.7666666667 0 1)
(0.8 0 1)
(0.8333333333 0 1)
(0.8666666667 0 1)
(0.9 0 1)
(0.9333333333 0 1)
(0.9666666667 0 1)
(1 0 1)
(1.033333333 0 1)
(1.066666667 0 1)
(1.1 0 1)
(1.133333333 0 1)
(1.166666667 0 1)
(1.2 0 1)
(1.233333333 0 1)
(1.266666667 0 1)
(1.3 0 1)
(1.333333333 0 1)
(1.366666667 0 1)
(1.4 0 1)
(1.433333333 0 1)
(1.466666667 0 1)
(1.5 0 1)
(1.533333333 0 1)
(1.566666667 0 1)
(1.6 0 1)
(1.633333333 0 1)
(1.666666667 0 1)
(1.7 0 1)
(1.733333333 0 1)
(1.766666667 0 1)
(1.8 0 1)
(1.833333333 0 1)
(1.866666667 0 1)
(1.9 0 1)
(1.933333333 0 1)
(1.966666667 0 1)
(2 0 1)
(0 0.03333333333 1)
(0.03333333333 0.03333333333 1)
(0.06666666667 0.03333333333 1)
(0.1 0.03333333333 1)
(0.1333333333 0.03333333333 1)
(0.1666666667 0.03333333333 1)
(0.2 0.03333333333 1)
(0.2333333333 0.03333333333 1)
(0.2666666667 0.03333333333 1)
(0.3 0.03333333333 1)
(0.3333333333 0.03333333333 1)
(0.3666666667 0.03333333333 1)
(0.4 0.03333333333 1)
(0.4333333333 0.03333333333 1)
(0.4666666667 0.03333333333 1)
(0.5 0.03333333333 1)
(0.5333333333 0.03333333333 1)
(0.5666666667 0.03333333333 1)
(0.6 0.03333333333 1)
(0.6333333333 0.03333333333 1)
(0.6666666667 0.03333333333 1)
(0.7 0.03333333333 1)
(0.7333333333 0.03333333333 1)
(0.7666666667 0.03333333333 1)
(0.8 0.03333333333 1)
(0.8333333333 0.03333333333 1)
(0.8666666667 0.03333333333 1)
(0.9 0.03333333333 1)
(0.9333333333 0.03333333333 1)
(0.9666666667 0.03333333333 1)
(1 0.03333333333 1)
(1.033333333 0.03333333333 1)
(1.066666667 0.03333333333 1)
(1.1 0.03333333333 1)
(1.133333333 0.03333333333 1)
(1.166666667 0.03333333333 1)
(1.2 0.03333333333 1)
(1.233333333 0.03333333333 1)
(1.266666667 0.03333333333 1)
(1.3 0.03333333333 1)
(1.333333333 0.03333333333 1)
(1.366666667 0.03333333333 1)
(1.4 0.03333333333 1)
(1.433333333 0.03333333333 1)
(1.466666667 0.03333333333 1)
(1.5 0.03333333333 1)
(1.533333333 0.03333333333 1)
(1.566666667 0.03333333333 1)
(1.6 0.03333333333 1)
(1.633333333 0.03333333333 1)
(1.666666667 0.03333333333 1)
(1.7 0.03333333333 1)
(1.733333333 0.03333333333 1)
(1.766666667 0.03333333333 1)
(1.8 0.03333333333 1)
(1.833333333 0.03333333333 1)
(1.866666667 0.03333333333 1)
(1.9 0.03333333333 1)
(1.933333333 0.03333333333 1)
(1.966666667 0.03333333333 1)
(2 0.03333333333 1)
(0 0.06666666667 1)
(0.03333333333 0.06666666667 1)
(0.06666666667 0.06666666667 1)
(0.1 0.06666666667 1)
(0.1333333333 0.06666666667 1)
(0.1666666667 0.06666666667 1)
(0.2 0.06666666667 1)
(0.2333333333 0.06666666667 1)
(0.2666666667 0.06666666667 1)
(0.3 0.06666666667 1)
(0.3333333333 0.06666666667 1)
(0.3666666667 0.06666666667 1)
(0.4 0.06666666667 1)
(0.4333333333 0.06666666667 1)
(0.4666666667 0.06666666667 1)
(0.5 0.06666666667 1)
(0.5333333333 0.06666666667 1)
(0.5666666667 0.06666666667 1)
(0.6 0.06666666667 1)
(0.6333333333 0.06666666667 1)
(0.6666666667 0.06666666667 1)
(0.7 0.06666666667 1)
(0.7333333333 0.06666666667 1)
(0.7666666667 0.06666666667 1)
(0.8 0.06666666667 1)
(0.8333333333 0.06666666667 1)
(0.8666666667 0.06666666667 1)
(0.9 0.06666666667 1)
(0.9333333333 0.06666666667 1)
(0.9666666667 0.06666666667 1)
(1 0.06666666667 1)
(1.033333333 0.06666666667 1)
(1.066666667 0.06666666667 1)
(1.1 0.06666666667 1)
(1.133333333 0.06666666667 1)
(1.166666667 0.06666666667 1)
(1.2 0.06666666667 1)
(1.233333333 0.06666666667 1)
(1.266666667 0.06666666667 1)
(1.3 0.06666666667 1)
(1.333333333 0.06666666667 1)
(1.366666667 0.06666666667 1)
(1.4 0.06666666667 1)
(1.433333333 0.06666666667 1)
(1.466666667 0.06666666667 1)
(1.5 0.06666666667 1)
(1.533333333 0.06666666667 1)
(1.566666667 0.06666666667 1)
(1.6 0.06666666667 1)
(1.633333333 0.06666666667 1)
(1.666666667 0.06666666667 1)
(1.7 0.06666666667 1)
(1.733333333 0.06666666667 1)
(1.766666667 0.06666666667 1)
(1.8 0.06666666667 1)
(1.833333333 0.06666666667 1)
(1.866666667 0.06666666667 1)
(1.9 0.06666666667 1)
(1.933333333 0.06666666667 1)
(1.966666667 0.06666666667 1)
(2 0.06666666667 1)
(0 0.1 1)
(0.03333333333 0.1 1)
(0.06666666667 0.1 1)
(0.1 0.1 1)
(0.1333333333 0.1 1)
(0.1666666667 0.1 1)
(0.2 0.1 1)
(0.2333333333 0.1 1)
(0.2666666667 0.1 1)
(0.3 0.1 1)
(0.3333333333 0.1 1)
(0.3666666667 0.1 1)
(0.4 0.1 1)
(0.4333333333 0.1 1)
(0.4666666667 0.1 1)
(0.5 0.1 1)
(0.5333333333 0.1 1)
(0.5666666667 0.1 1)
(0.6 0.1 1)
(0.6333333333 0.1 1)
(0.6666666667 0.1 1)
(0.7 0.1 1)
(0.7333333333 0.1 1)
(0.7666666667 0.1 1)
(0.8 0.1 1)
(0.8333333333 0.1 1)
(0.8666666667 0.1 1)
(0.9 0.1 1)
(0.9333333333 0.1 1)
(0.9666666667 0.1 1)
(1 0.1 1)
(1.033333333 0.1 1)
(1.066666667 0.1 1)
(1.1 0.1 1)
(1.133333333 0.1 1)
(1.166666667 0.1 1)
(1.2 0.1 1)
(1.233333333 0.1 1)
(1.266666667 0.1 1)
(1.3 0.1 1)
(1.333333333 0.1 1)
(1.366666667 0.1 1)
(1.4 0.1 1)
(1.433333333 0.1 1)
(1.466666667 0.1 1)
(1.5 0.1 1)
(1.533333333 0.1 1)
(1.566666667 0.1 1)
(1.6 0.1 1)
(1.633333333 0.1 1)
(1.666666667 0.1 1)
(1.7 0.1 1)
(1.733333333 0.1 1)
(1.766666667 0.1 1)
(1.8 0.1 1)
(1.833333333 0.1 1)
(1.866666667 0.1 1)
(1.9 0.1 1)
(1.933333333 0.1 1)
(1.966666667 0.1 1)
(2 0.1 1)
)


// ************************************************************************* //
