/*--------------------------------*- C++ -*----------------------------------*\
| =========                 |                                                 |
| \\      /  F ield         | foam-extend: Open Source CFD                    |
|  \\    /   O peration     | Version:     4.0                                |
|   \\  /    A nd           | Web:         http://www.foam-extend.org         |
|    \\/     M anipulation  |                                                 |
\*---------------------------------------------------------------------------*/
FoamFile
{
    version     2.0;
    format      ascii;
    class       faceList;
    location    "constant/polyMesh";
    object      faces;
}
// * * * * * * * * * * * * * * * * * * * * * * * * * * * * * * * * * * * * * //


536
(
4(1 10 91 82)
4(9 90 91 10)
4(2 11 92 83)
4(10 91 92 11)
4(3 12 93 84)
4(11 92 93 12)
4(4 13 94 85)
4(12 93 94 13)
4(5 14 95 86)
4(13 94 95 14)
4(6 15 96 87)
4(14 95 96 15)
4(7 16 97 88)
4(15 96 97 16)
4(16 97 98 17)
4(10 19 100 91)
4(18 99 100 19)
4(11 20 101 92)
4(19 100 101 20)
4(12 21 102 93)
4(20 101 102 21)
4(13 22 103 94)
4(21 102 103 22)
4(14 23 104 95)
4(22 103 104 23)
4(15 24 105 96)
4(23 104 105 24)
4(16 25 106 97)
4(24 105 106 25)
4(25 106 107 26)
4(19 28 109 100)
4(27 108 109 28)
4(20 29 110 101)
4(28 109 110 29)
4(21 30 111 102)
4(29 110 111 30)
4(22 31 112 103)
4(30 111 112 31)
4(23 32 113 104)
4(31 112 113 32)
4(24 33 114 105)
4(32 113 114 33)
4(25 34 115 106)
4(33 114 115 34)
4(34 115 116 35)
4(28 37 118 109)
4(36 117 118 37)
4(29 38 119 110)
4(37 118 119 38)
4(30 39 120 111)
4(38 119 120 39)
4(31 40 121 112)
4(39 120 121 40)
4(32 41 122 113)
4(40 121 122 41)
4(33 42 123 114)
4(41 122 123 42)
4(34 43 124 115)
4(42 123 124 43)
4(43 124 125 44)
4(37 46 127 118)
4(45 126 127 46)
4(38 47 128 119)
4(46 127 128 47)
4(39 48 129 120)
4(47 128 129 48)
4(40 49 130 121)
4(48 129 130 49)
4(41 50 131 122)
4(49 130 131 50)
4(42 51 132 123)
4(50 131 132 51)
4(43 52 133 124)
4(51 132 133 52)
4(52 133 134 53)
4(46 55 136 127)
4(54 135 136 55)
4(47 56 137 128)
4(55 136 137 56)
4(48 57 138 129)
4(56 137 138 57)
4(49 58 139 130)
4(57 138 139 58)
4(50 59 140 131)
4(58 139 140 59)
4(51 60 141 132)
4(59 140 141 60)
4(52 61 142 133)
4(60 141 142 61)
4(61 142 143 62)
4(55 64 145 136)
4(63 144 145 64)
4(56 65 146 137)
4(64 145 146 65)
4(57 66 147 138)
4(65 146 147 66)
4(58 67 148 139)
4(66 147 148 67)
4(59 68 149 140)
4(67 148 149 68)
4(60 69 150 141)
4(68 149 150 69)
4(61 70 151 142)
4(69 150 151 70)
4(70 151 152 71)
4(64 73 154 145)
4(72 153 154 73)
4(65 74 155 146)
4(73 154 155 74)
4(66 75 156 147)
4(74 155 156 75)
4(67 76 157 148)
4(75 156 157 76)
4(68 77 158 149)
4(76 157 158 77)
4(69 78 159 150)
4(77 158 159 78)
4(70 79 160 151)
4(78 159 160 79)
4(79 160 161 80)
4(73 163 235 154)
4(162 234 235 163)
4(74 164 236 155)
4(163 235 236 164)
4(75 165 237 156)
4(164 236 237 165)
4(76 166 238 157)
4(165 237 238 166)
4(77 167 239 158)
4(166 238 239 167)
4(78 168 240 159)
4(167 239 240 168)
4(79 169 241 160)
4(168 240 241 169)
4(169 241 242 170)
4(163 172 244 235)
4(171 243 244 172)
4(164 173 245 236)
4(172 244 245 173)
4(165 174 246 237)
4(173 245 246 174)
4(166 175 247 238)
4(174 246 247 175)
4(167 176 248 239)
4(175 247 248 176)
4(168 177 249 240)
4(176 248 249 177)
4(169 178 250 241)
4(177 249 250 178)
4(178 250 251 179)
4(172 181 253 244)
4(180 252 253 181)
4(173 182 254 245)
4(181 253 254 182)
4(174 183 255 246)
4(182 254 255 183)
4(175 184 256 247)
4(183 255 256 184)
4(176 185 257 248)
4(184 256 257 185)
4(177 186 258 249)
4(185 257 258 186)
4(178 187 259 250)
4(186 258 259 187)
4(187 259 260 188)
4(181 190 262 253)
4(189 261 262 190)
4(182 191 263 254)
4(190 262 263 191)
4(183 192 264 255)
4(191 263 264 192)
4(184 193 265 256)
4(192 264 265 193)
4(185 194 266 257)
4(193 265 266 194)
4(186 195 267 258)
4(194 266 267 195)
4(187 196 268 259)
4(195 267 268 196)
4(196 268 269 197)
4(190 199 271 262)
4(198 270 271 199)
4(191 200 272 263)
4(199 271 272 200)
4(192 201 273 264)
4(200 272 273 201)
4(193 202 274 265)
4(201 273 274 202)
4(194 203 275 266)
4(202 274 275 203)
4(195 204 276 267)
4(203 275 276 204)
4(196 205 277 268)
4(204 276 277 205)
4(205 277 278 206)
4(199 208 280 271)
4(207 279 280 208)
4(200 209 281 272)
4(208 280 281 209)
4(201 210 282 273)
4(209 281 282 210)
4(202 211 283 274)
4(210 282 283 211)
4(203 212 284 275)
4(211 283 284 212)
4(204 213 285 276)
4(212 284 285 213)
4(205 214 286 277)
4(213 285 286 214)
4(214 286 287 215)
4(208 217 289 280)
4(216 288 289 217)
4(209 218 290 281)
4(217 289 290 218)
4(210 219 291 282)
4(218 290 291 219)
4(211 220 292 283)
4(219 291 292 220)
4(212 221 293 284)
4(220 292 293 221)
4(213 222 294 285)
4(221 293 294 222)
4(214 223 295 286)
4(222 294 295 223)
4(223 295 296 224)
4(217 226 298 289)
4(218 227 299 290)
4(219 228 300 291)
4(220 229 301 292)
4(221 230 302 293)
4(222 231 303 294)
4(223 232 304 295)
4(225 297 298 226)
4(226 298 299 227)
4(227 299 300 228)
4(228 300 301 229)
4(229 301 302 230)
4(230 302 303 231)
4(231 303 304 232)
4(232 304 305 233)
4(0 81 90 9)
4(9 90 99 18)
4(18 99 108 27)
4(27 108 117 36)
4(36 117 126 45)
4(45 126 135 54)
4(54 135 144 63)
4(63 144 153 72)
4(72 153 234 162)
4(162 234 243 171)
4(171 243 252 180)
4(180 252 261 189)
4(189 261 270 198)
4(198 270 279 207)
4(207 279 288 216)
4(216 288 297 225)
4(8 17 98 89)
4(17 26 107 98)
4(26 35 116 107)
4(35 44 125 116)
4(44 53 134 125)
4(53 62 143 134)
4(62 71 152 143)
4(71 80 161 152)
4(80 170 242 161)
4(170 179 251 242)
4(179 188 260 251)
4(188 197 269 260)
4(197 206 278 269)
4(206 215 287 278)
4(215 224 296 287)
4(224 233 305 296)
4(0 1 82 81)
4(1 2 83 82)
4(2 3 84 83)
4(3 4 85 84)
4(4 5 86 85)
4(5 6 87 86)
4(6 7 88 87)
4(7 8 89 88)
4(0 9 10 1)
4(9 18 19 10)
4(18 27 28 19)
4(27 36 37 28)
4(36 45 46 37)
4(45 54 55 46)
4(54 63 64 55)
4(63 72 73 64)
4(1 10 11 2)
4(10 19 20 11)
4(19 28 29 20)
4(28 37 38 29)
4(37 46 47 38)
4(46 55 56 47)
4(55 64 65 56)
4(64 73 74 65)
4(2 11 12 3)
4(11 20 21 12)
4(20 29 30 21)
4(29 38 39 30)
4(38 47 48 39)
4(47 56 57 48)
4(56 65 66 57)
4(65 74 75 66)
4(3 12 13 4)
4(12 21 22 13)
4(21 30 31 22)
4(30 39 40 31)
4(39 48 49 40)
4(48 57 58 49)
4(57 66 67 58)
4(66 75 76 67)
4(4 13 14 5)
4(13 22 23 14)
4(22 31 32 23)
4(31 40 41 32)
4(40 49 50 41)
4(49 58 59 50)
4(58 67 68 59)
4(67 76 77 68)
4(5 14 15 6)
4(14 23 24 15)
4(23 32 33 24)
4(32 41 42 33)
4(41 50 51 42)
4(50 59 60 51)
4(59 68 69 60)
4(68 77 78 69)
4(6 15 16 7)
4(15 24 25 16)
4(24 33 34 25)
4(33 42 43 34)
4(42 51 52 43)
4(51 60 61 52)
4(60 69 70 61)
4(69 78 79 70)
4(7 16 17 8)
4(16 25 26 17)
4(25 34 35 26)
4(34 43 44 35)
4(43 52 53 44)
4(52 61 62 53)
4(61 70 71 62)
4(70 79 80 71)
4(72 162 163 73)
4(162 171 172 163)
4(171 180 181 172)
4(180 189 190 181)
4(189 198 199 190)
4(198 207 208 199)
4(207 216 217 208)
4(216 225 226 217)
4(73 163 164 74)
4(163 172 173 164)
4(172 181 182 173)
4(181 190 191 182)
4(190 199 200 191)
4(199 208 209 200)
4(208 217 218 209)
4(217 226 227 218)
4(74 164 165 75)
4(164 173 174 165)
4(173 182 183 174)
4(182 191 192 183)
4(191 200 201 192)
4(200 209 210 201)
4(209 218 219 210)
4(218 227 228 219)
4(75 165 166 76)
4(165 174 175 166)
4(174 183 184 175)
4(183 192 193 184)
4(192 201 202 193)
4(201 210 211 202)
4(210 219 220 211)
4(219 228 229 220)
4(76 166 167 77)
4(166 175 176 167)
4(175 184 185 176)
4(184 193 194 185)
4(193 202 203 194)
4(202 211 212 203)
4(211 220 221 212)
4(220 229 230 221)
4(77 167 168 78)
4(167 176 177 168)
4(176 185 186 177)
4(185 194 195 186)
4(194 203 204 195)
4(203 212 213 204)
4(212 221 222 213)
4(221 230 231 222)
4(78 168 169 79)
4(168 177 178 169)
4(177 186 187 178)
4(186 195 196 187)
4(195 204 205 196)
4(204 213 214 205)
4(213 222 223 214)
4(222 231 232 223)
4(79 169 170 80)
4(169 178 179 170)
4(178 187 188 179)
4(187 196 197 188)
4(196 205 206 197)
4(205 214 215 206)
4(214 223 224 215)
4(223 232 233 224)
4(81 82 91 90)
4(90 91 100 99)
4(99 100 109 108)
4(108 109 118 117)
4(117 118 127 126)
4(126 127 136 135)
4(135 136 145 144)
4(144 145 154 153)
4(82 83 92 91)
4(91 92 101 100)
4(100 101 110 109)
4(109 110 119 118)
4(118 119 128 127)
4(127 128 137 136)
4(136 137 146 145)
4(145 146 155 154)
4(83 84 93 92)
4(92 93 102 101)
4(101 102 111 110)
4(110 111 120 119)
4(119 120 129 128)
4(128 129 138 137)
4(137 138 147 146)
4(146 147 156 155)
4(84 85 94 93)
4(93 94 103 102)
4(102 103 112 111)
4(111 112 121 120)
4(120 121 130 129)
4(129 130 139 138)
4(138 139 148 147)
4(147 148 157 156)
4(85 86 95 94)
4(94 95 104 103)
4(103 104 113 112)
4(112 113 122 121)
4(121 122 131 130)
4(130 131 140 139)
4(139 140 149 148)
4(148 149 158 157)
4(86 87 96 95)
4(95 96 105 104)
4(104 105 114 113)
4(113 114 123 122)
4(122 123 132 131)
4(131 132 141 140)
4(140 141 150 149)
4(149 150 159 158)
4(87 88 97 96)
4(96 97 106 105)
4(105 106 115 114)
4(114 115 124 123)
4(123 124 133 132)
4(132 133 142 141)
4(141 142 151 150)
4(150 151 160 159)
4(88 89 98 97)
4(97 98 107 106)
4(106 107 116 115)
4(115 116 125 124)
4(124 125 134 133)
4(133 134 143 142)
4(142 143 152 151)
4(151 152 161 160)
4(153 154 235 234)
4(234 235 244 243)
4(243 244 253 252)
4(252 253 262 261)
4(261 262 271 270)
4(270 271 280 279)
4(279 280 289 288)
4(288 289 298 297)
4(154 155 236 235)
4(235 236 245 244)
4(244 245 254 253)
4(253 254 263 262)
4(262 263 272 271)
4(271 272 281 280)
4(280 281 290 289)
4(289 290 299 298)
4(155 156 237 236)
4(236 237 246 245)
4(245 246 255 254)
4(254 255 264 263)
4(263 264 273 272)
4(272 273 282 281)
4(281 282 291 290)
4(290 291 300 299)
4(156 157 238 237)
4(237 238 247 246)
4(246 247 256 255)
4(255 256 265 264)
4(264 265 274 273)
4(273 274 283 282)
4(282 283 292 291)
4(291 292 301 300)
4(157 158 239 238)
4(238 239 248 247)
4(247 248 257 256)
4(256 257 266 265)
4(265 266 275 274)
4(274 275 284 283)
4(283 284 293 292)
4(292 293 302 301)
4(158 159 240 239)
4(239 240 249 248)
4(248 249 258 257)
4(257 258 267 266)
4(266 267 276 275)
4(275 276 285 284)
4(284 285 294 293)
4(293 294 303 302)
4(159 160 241 240)
4(240 241 250 249)
4(249 250 259 258)
4(258 259 268 267)
4(267 268 277 276)
4(276 277 286 285)
4(285 286 295 294)
4(294 295 304 303)
4(160 161 242 241)
4(241 242 251 250)
4(250 251 260 259)
4(259 260 269 268)
4(268 269 278 277)
4(277 278 287 286)
4(286 287 296 295)
4(295 296 305 304)
)


// ************************************************************************* //
