/*--------------------------------*- C++ -*----------------------------------*\
| =========                 |                                                 |
| \\      /  F ield         | foam-extend: Open Source CFD                    |
|  \\    /   O peration     | Version:     4.0                                |
|   \\  /    A nd           | Web:         http://www.foam-extend.org         |
|    \\/     M anipulation  |                                                 |
\*---------------------------------------------------------------------------*/
FoamFile
{
    version     2.0;
    format      ascii;
    class       labelList;
    note        "nPoints: 306 nCells: 128 nFaces: 536 nInternalFaces: 232";
    location    "constant/polyMesh";
    object      owner;
}
// * * * * * * * * * * * * * * * * * * * * * * * * * * * * * * * * * * * * * //


536
(
0
0
1
1
2
2
3
3
4
4
5
5
6
6
7
8
8
9
9
10
10
11
11
12
12
13
13
14
14
15
16
16
17
17
18
18
19
19
20
20
21
21
22
22
23
24
24
25
25
26
26
27
27
28
28
29
29
30
30
31
32
32
33
33
34
34
35
35
36
36
37
37
38
38
39
40
40
41
41
42
42
43
43
44
44
45
45
46
46
47
48
48
49
49
50
50
51
51
52
52
53
53
54
54
55
56
56
57
57
58
58
59
59
60
60
61
61
62
62
63
64
64
65
65
66
66
67
67
68
68
69
69
70
70
71
72
72
73
73
74
74
75
75
76
76
77
77
78
78
79
80
80
81
81
82
82
83
83
84
84
85
85
86
86
87
88
88
89
89
90
90
91
91
92
92
93
93
94
94
95
96
96
97
97
98
98
99
99
100
100
101
101
102
102
103
104
104
105
105
106
106
107
107
108
108
109
109
110
110
111
112
112
113
113
114
114
115
115
116
116
117
117
118
118
119
120
121
122
123
124
125
126
120
121
122
123
124
125
126
127
0
8
16
24
32
40
48
56
64
72
80
88
96
104
112
120
7
15
23
31
39
47
55
63
71
79
87
95
103
111
119
127
0
1
2
3
4
5
6
7
0
8
16
24
32
40
48
56
1
9
17
25
33
41
49
57
2
10
18
26
34
42
50
58
3
11
19
27
35
43
51
59
4
12
20
28
36
44
52
60
5
13
21
29
37
45
53
61
6
14
22
30
38
46
54
62
7
15
23
31
39
47
55
63
64
72
80
88
96
104
112
120
65
73
81
89
97
105
113
121
66
74
82
90
98
106
114
122
67
75
83
91
99
107
115
123
68
76
84
92
100
108
116
124
69
77
85
93
101
109
117
125
70
78
86
94
102
110
118
126
71
79
87
95
103
111
119
127
0
8
16
24
32
40
48
56
1
9
17
25
33
41
49
57
2
10
18
26
34
42
50
58
3
11
19
27
35
43
51
59
4
12
20
28
36
44
52
60
5
13
21
29
37
45
53
61
6
14
22
30
38
46
54
62
7
15
23
31
39
47
55
63
64
72
80
88
96
104
112
120
65
73
81
89
97
105
113
121
66
74
82
90
98
106
114
122
67
75
83
91
99
107
115
123
68
76
84
92
100
108
116
124
69
77
85
93
101
109
117
125
70
78
86
94
102
110
118
126
71
79
87
95
103
111
119
127
)


// ************************************************************************* //
