/*--------------------------------*- C++ -*----------------------------------*\
| =========                 |                                                 |
| \\      /  F ield         | foam-extend: Open Source CFD                    |
|  \\    /   O peration     | Version:     4.0                                |
|   \\  /    A nd           | Web:         http://www.foam-extend.org         |
|    \\/     M anipulation  |                                                 |
\*---------------------------------------------------------------------------*/
FoamFile
{
    version     2.0;
    format      ascii;
    class       vectorField;
    location    "constant/polyMesh";
    object      points;
}
// * * * * * * * * * * * * * * * * * * * * * * * * * * * * * * * * * * * * * //


306
(
(0 0 0)
(0.3598932295 0 0)
(0.5944847168 0 0)
(0.7473999743 0 0)
(0.8470756969 0 0)
(0.9120479556 0 0)
(0.9543992352 0 0)
(0.9820053385 0 0)
(1 0 0)
(0 0.01510263107 0)
(0.3598932295 0.01510263107 0)
(0.5944847168 0.01510263107 0)
(0.7473999743 0.01510263107 0)
(0.8470756969 0.01510263107 0)
(0.9120479556 0.01510263107 0)
(0.9543992352 0.01510263107 0)
(0.9820053385 0.01510263107 0)
(1 0.01510263107 0)
(0 0.0360876689 0)
(0.3598932295 0.0360876689 0)
(0.5944847168 0.0360876689 0)
(0.7473999743 0.0360876689 0)
(0.8470756969 0.0360876689 0)
(0.9120479556 0.0360876689 0)
(0.9543992352 0.0360876689 0)
(0.9820053385 0.0360876689 0)
(1 0.0360876689 0)
(0 0.0652462844 0)
(0.3598932295 0.0652462844 0)
(0.5944847168 0.0652462844 0)
(0.7473999743 0.0652462844 0)
(0.8470756969 0.0652462844 0)
(0.9120479556 0.0652462844 0)
(0.9543992352 0.0652462844 0)
(0.9820053385 0.0652462844 0)
(1 0.0652462844 0)
(0 0.1057620493 0)
(0.3598932295 0.1057620493 0)
(0.5944847168 0.1057620493 0)
(0.7473999743 0.1057620493 0)
(0.8470756969 0.1057620493 0)
(0.9120479556 0.1057620493 0)
(0.9543992352 0.1057620493 0)
(0.9820053385 0.1057620493 0)
(1 0.1057620493 0)
(0 0.162058522 0)
(0.3598932295 0.162058522 0)
(0.5944847168 0.162058522 0)
(0.7473999743 0.162058522 0)
(0.8470756969 0.162058522 0)
(0.9120479556 0.162058522 0)
(0.9543992352 0.162058522 0)
(0.9820053385 0.162058522 0)
(1 0.162058522 0)
(0 0.2402822172 0)
(0.3598932295 0.2402822172 0)
(0.5944847168 0.2402822172 0)
(0.7473999743 0.2402822172 0)
(0.8470756969 0.2402822172 0)
(0.9120479556 0.2402822172 0)
(0.9543992352 0.2402822172 0)
(0.9820053385 0.2402822172 0)
(1 0.2402822172 0)
(0 0.3489736893 0)
(0.3598932295 0.3489736893 0)
(0.5944847168 0.3489736893 0)
(0.7473999743 0.3489736893 0)
(0.8470756969 0.3489736893 0)
(0.9120479556 0.3489736893 0)
(0.9543992352 0.3489736893 0)
(0.9820053385 0.3489736893 0)
(1 0.3489736893 0)
(0 0.5 0)
(0.3598932295 0.5 0)
(0.5944847168 0.5 0)
(0.7473999743 0.5 0)
(0.8470756969 0.5 0)
(0.9120479556 0.5 0)
(0.9543992352 0.5 0)
(0.9820053385 0.5 0)
(1 0.5 0)
(0 0 1)
(0.3598932295 0 1)
(0.5944847168 0 1)
(0.7473999743 0 1)
(0.8470756969 0 1)
(0.9120479556 0 1)
(0.9543992352 0 1)
(0.9820053385 0 1)
(1 0 1)
(0 0.01510263107 1)
(0.3598932295 0.01510263107 1)
(0.5944847168 0.01510263107 1)
(0.7473999743 0.01510263107 1)
(0.8470756969 0.01510263107 1)
(0.9120479556 0.01510263107 1)
(0.9543992352 0.01510263107 1)
(0.9820053385 0.01510263107 1)
(1 0.01510263107 1)
(0 0.0360876689 1)
(0.3598932295 0.0360876689 1)
(0.5944847168 0.0360876689 1)
(0.7473999743 0.0360876689 1)
(0.8470756969 0.0360876689 1)
(0.9120479556 0.0360876689 1)
(0.9543992352 0.0360876689 1)
(0.9820053385 0.0360876689 1)
(1 0.0360876689 1)
(0 0.0652462844 1)
(0.3598932295 0.0652462844 1)
(0.5944847168 0.0652462844 1)
(0.7473999743 0.0652462844 1)
(0.8470756969 0.0652462844 1)
(0.9120479556 0.0652462844 1)
(0.9543992352 0.0652462844 1)
(0.9820053385 0.0652462844 1)
(1 0.0652462844 1)
(0 0.1057620493 1)
(0.3598932295 0.1057620493 1)
(0.5944847168 0.1057620493 1)
(0.7473999743 0.1057620493 1)
(0.8470756969 0.1057620493 1)
(0.9120479556 0.1057620493 1)
(0.9543992352 0.1057620493 1)
(0.9820053385 0.1057620493 1)
(1 0.1057620493 1)
(0 0.162058522 1)
(0.3598932295 0.162058522 1)
(0.5944847168 0.162058522 1)
(0.7473999743 0.162058522 1)
(0.8470756969 0.162058522 1)
(0.9120479556 0.162058522 1)
(0.9543992352 0.162058522 1)
(0.9820053385 0.162058522 1)
(1 0.162058522 1)
(0 0.2402822172 1)
(0.3598932295 0.2402822172 1)
(0.5944847168 0.2402822172 1)
(0.7473999743 0.2402822172 1)
(0.8470756969 0.2402822172 1)
(0.9120479556 0.2402822172 1)
(0.9543992352 0.2402822172 1)
(0.9820053385 0.2402822172 1)
(1 0.2402822172 1)
(0 0.3489736893 1)
(0.3598932295 0.3489736893 1)
(0.5944847168 0.3489736893 1)
(0.7473999743 0.3489736893 1)
(0.8470756969 0.3489736893 1)
(0.9120479556 0.3489736893 1)
(0.9543992352 0.3489736893 1)
(0.9820053385 0.3489736893 1)
(1 0.3489736893 1)
(0 0.5 1)
(0.3598932295 0.5 1)
(0.5944847168 0.5 1)
(0.7473999743 0.5 1)
(0.8470756969 0.5 1)
(0.9120479556 0.5 1)
(0.9543992352 0.5 1)
(0.9820053385 0.5 1)
(1 0.5 1)
(0 0.6510263107 0)
(0.3598932295 0.6510263107 0)
(0.5944847168 0.6510263107 0)
(0.7473999743 0.6510263107 0)
(0.8470756969 0.6510263107 0)
(0.9120479556 0.6510263107 0)
(0.9543992352 0.6510263107 0)
(0.9820053385 0.6510263107 0)
(1 0.6510263107 0)
(0 0.7597177828 0)
(0.3598932295 0.7597177828 0)
(0.5944847168 0.7597177828 0)
(0.7473999743 0.7597177828 0)
(0.8470756969 0.7597177828 0)
(0.9120479556 0.7597177828 0)
(0.9543992352 0.7597177828 0)
(0.9820053385 0.7597177828 0)
(1 0.7597177828 0)
(0 0.837941478 0)
(0.3598932295 0.837941478 0)
(0.5944847168 0.837941478 0)
(0.7473999743 0.837941478 0)
(0.8470756969 0.837941478 0)
(0.9120479556 0.837941478 0)
(0.9543992352 0.837941478 0)
(0.9820053385 0.837941478 0)
(1 0.837941478 0)
(0 0.8942379507 0)
(0.3598932295 0.8942379507 0)
(0.5944847168 0.8942379507 0)
(0.7473999743 0.8942379507 0)
(0.8470756969 0.8942379507 0)
(0.9120479556 0.8942379507 0)
(0.9543992352 0.8942379507 0)
(0.9820053385 0.8942379507 0)
(1 0.8942379507 0)
(0 0.9347537156 0)
(0.3598932295 0.9347537156 0)
(0.5944847168 0.9347537156 0)
(0.7473999743 0.9347537156 0)
(0.8470756969 0.9347537156 0)
(0.9120479556 0.9347537156 0)
(0.9543992352 0.9347537156 0)
(0.9820053385 0.9347537156 0)
(1 0.9347537156 0)
(0 0.9639123311 0)
(0.3598932295 0.9639123311 0)
(0.5944847168 0.9639123311 0)
(0.7473999743 0.9639123311 0)
(0.8470756969 0.9639123311 0)
(0.9120479556 0.9639123311 0)
(0.9543992352 0.9639123311 0)
(0.9820053385 0.9639123311 0)
(1 0.9639123311 0)
(0 0.9848973689 0)
(0.3598932295 0.9848973689 0)
(0.5944847168 0.9848973689 0)
(0.7473999743 0.9848973689 0)
(0.8470756969 0.9848973689 0)
(0.9120479556 0.9848973689 0)
(0.9543992352 0.9848973689 0)
(0.9820053385 0.9848973689 0)
(1 0.9848973689 0)
(0 1 0)
(0.3598932295 1 0)
(0.5944847168 1 0)
(0.7473999743 1 0)
(0.8470756969 1 0)
(0.9120479556 1 0)
(0.9543992352 1 0)
(0.9820053385 1 0)
(1 1 0)
(0 0.6510263107 1)
(0.3598932295 0.6510263107 1)
(0.5944847168 0.6510263107 1)
(0.7473999743 0.6510263107 1)
(0.8470756969 0.6510263107 1)
(0.9120479556 0.6510263107 1)
(0.9543992352 0.6510263107 1)
(0.9820053385 0.6510263107 1)
(1 0.6510263107 1)
(0 0.7597177828 1)
(0.3598932295 0.7597177828 1)
(0.5944847168 0.7597177828 1)
(0.7473999743 0.7597177828 1)
(0.8470756969 0.7597177828 1)
(0.9120479556 0.7597177828 1)
(0.9543992352 0.7597177828 1)
(0.9820053385 0.7597177828 1)
(1 0.7597177828 1)
(0 0.837941478 1)
(0.3598932295 0.837941478 1)
(0.5944847168 0.837941478 1)
(0.7473999743 0.837941478 1)
(0.8470756969 0.837941478 1)
(0.9120479556 0.837941478 1)
(0.9543992352 0.837941478 1)
(0.9820053385 0.837941478 1)
(1 0.837941478 1)
(0 0.8942379507 1)
(0.3598932295 0.8942379507 1)
(0.5944847168 0.8942379507 1)
(0.7473999743 0.8942379507 1)
(0.8470756969 0.8942379507 1)
(0.9120479556 0.8942379507 1)
(0.9543992352 0.8942379507 1)
(0.9820053385 0.8942379507 1)
(1 0.8942379507 1)
(0 0.9347537156 1)
(0.3598932295 0.9347537156 1)
(0.5944847168 0.9347537156 1)
(0.7473999743 0.9347537156 1)
(0.8470756969 0.9347537156 1)
(0.9120479556 0.9347537156 1)
(0.9543992352 0.9347537156 1)
(0.9820053385 0.9347537156 1)
(1 0.9347537156 1)
(0 0.9639123311 1)
(0.3598932295 0.9639123311 1)
(0.5944847168 0.9639123311 1)
(0.7473999743 0.9639123311 1)
(0.8470756969 0.9639123311 1)
(0.9120479556 0.9639123311 1)
(0.9543992352 0.9639123311 1)
(0.9820053385 0.9639123311 1)
(1 0.9639123311 1)
(0 0.9848973689 1)
(0.3598932295 0.9848973689 1)
(0.5944847168 0.9848973689 1)
(0.7473999743 0.9848973689 1)
(0.8470756969 0.9848973689 1)
(0.9120479556 0.9848973689 1)
(0.9543992352 0.9848973689 1)
(0.9820053385 0.9848973689 1)
(1 0.9848973689 1)
(0 1 1)
(0.3598932295 1 1)
(0.5944847168 1 1)
(0.7473999743 1 1)
(0.8470756969 1 1)
(0.9120479556 1 1)
(0.9543992352 1 1)
(0.9820053385 1 1)
(1 1 1)
)


// ************************************************************************* //
