/*--------------------------------*- C++ -*----------------------------------*\
| =========                 |                                                 |
| \\      /  F ield         | foam-extend: Open Source CFD                    |
|  \\    /   O peration     | Version:     4.0                                |
|   \\  /    A nd           | Web:         http://www.foam-extend.org         |
|    \\/     M anipulation  |                                                 |
\*---------------------------------------------------------------------------*/
FoamFile
{
    version     2.0;
    format      ascii;
    class       labelList;
    note        "nPoints: 416 nCells: 225 nFaces: 834 nInternalFaces: 516";
    location    "constant/polyMesh";
    object      neighbour;
}
// * * * * * * * * * * * * * * * * * * * * * * * * * * * * * * * * * * * * * //


516
(
1
3
9
2
4
10
5
11
4
6
12
5
7
13
8
14
7
15
8
16
17
10
12
18
11
13
19
14
20
13
15
21
14
16
22
17
23
16
24
17
25
26
19
21
27
20
22
28
23
29
22
24
30
23
25
31
26
32
25
33
26
34
35
28
30
36
29
31
37
32
38
31
33
39
32
34
40
35
41
34
42
35
43
44
37
39
45
38
40
46
41
47
40
42
48
41
43
49
44
50
43
51
44
52
53
46
48
54
47
49
55
50
56
49
51
57
50
52
58
53
59
52
60
53
61
62
55
57
63
56
58
64
59
65
58
60
66
59
61
67
62
68
61
69
62
70
71
64
66
72
65
67
73
68
74
67
69
75
68
70
76
71
77
70
78
71
79
80
73
75
81
74
76
82
77
83
76
78
84
77
79
85
80
86
79
87
80
88
89
82
84
90
83
85
91
86
92
85
87
93
86
88
94
89
95
88
96
89
97
98
91
93
99
92
94
100
95
101
94
96
102
95
97
103
98
104
97
105
98
106
107
100
102
108
101
103
109
104
110
103
105
111
104
106
112
107
113
106
114
107
115
116
109
111
117
110
112
118
113
119
112
114
120
113
115
121
116
122
115
123
116
124
125
118
120
126
119
121
127
122
128
121
123
129
122
124
130
125
131
124
132
125
133
134
127
129
135
128
130
136
131
137
130
132
138
131
133
139
134
140
133
141
134
142
143
136
138
144
137
139
145
140
146
139
141
147
140
142
148
143
149
142
150
143
151
152
145
147
153
146
148
154
149
155
148
150
156
149
151
157
152
158
151
159
152
160
161
154
156
162
155
157
163
158
164
157
159
165
158
160
166
161
167
160
168
161
169
170
163
165
171
164
166
172
167
173
166
168
174
167
169
175
170
176
169
177
170
178
179
172
174
180
173
175
181
176
182
175
177
183
176
178
184
179
185
178
186
179
187
188
181
183
189
182
184
190
185
191
184
186
192
185
187
193
188
194
187
195
188
196
197
190
192
198
191
193
199
194
200
193
195
201
194
196
202
197
203
196
204
197
205
206
199
201
207
200
202
208
203
209
202
204
210
203
205
211
206
212
205
213
206
214
215
208
210
216
209
211
217
212
218
211
213
219
212
214
220
215
221
214
222
215
223
224
217
219
218
220
221
220
222
221
223
224
223
224
)


// ************************************************************************* //
