/*--------------------------------*- C++ -*----------------------------------*\
| =========                 |                                                 |
| \\      /  F ield         | foam-extend: Open Source CFD                    |
|  \\    /   O peration     | Version:     4.0                                |
|   \\  /    A nd           | Web:         http://www.foam-extend.org         |
|    \\/     M anipulation  |                                                 |
\*---------------------------------------------------------------------------*/
FoamFile
{
    version     2.0;
    format      ascii;
    class       vectorField;
    location    "constant/polyMesh";
    object      points;
}
// * * * * * * * * * * * * * * * * * * * * * * * * * * * * * * * * * * * * * //


416
(
(-0.15 -0.15 0)
(-0.05 -0.15 0)
(0.05 -0.15 0)
(0.15 -0.15 0)
(-0.15 -0.05 0)
(-0.05 -0.05 0)
(0.05 -0.05 0)
(0.15 -0.05 0)
(-0.15 0.05 0)
(-0.05 0.05 0)
(0.05 0.05 0)
(0.15 0.05 0)
(-0.15 0.15 0)
(-0.05 0.15 0)
(0.05 0.15 0)
(0.15 0.15 0)
(-0.15 -0.15 0.1)
(-0.05 -0.15 0.1)
(0.05 -0.15 0.1)
(0.15 -0.15 0.1)
(-0.15 -0.05 0.1)
(-0.05 -0.05 0.1)
(0.05 -0.05 0.1)
(0.15 -0.05 0.1)
(-0.15 0.05 0.1)
(-0.05 0.05 0.1)
(0.05 0.05 0.1)
(0.15 0.05 0.1)
(-0.15 0.15 0.1)
(-0.05 0.15 0.1)
(0.05 0.15 0.1)
(0.15 0.15 0.1)
(-0.15 -0.15 0.2)
(-0.05 -0.15 0.2)
(0.05 -0.15 0.2)
(0.15 -0.15 0.2)
(-0.15 -0.05 0.2)
(-0.05 -0.05 0.2)
(0.05 -0.05 0.2)
(0.15 -0.05 0.2)
(-0.15 0.05 0.2)
(-0.05 0.05 0.2)
(0.05 0.05 0.2)
(0.15 0.05 0.2)
(-0.15 0.15 0.2)
(-0.05 0.15 0.2)
(0.05 0.15 0.2)
(0.15 0.15 0.2)
(-0.15 -0.15 0.3)
(-0.05 -0.15 0.3)
(0.05 -0.15 0.3)
(0.15 -0.15 0.3)
(-0.15 -0.05 0.3)
(-0.05 -0.05 0.3)
(0.05 -0.05 0.3)
(0.15 -0.05 0.3)
(-0.15 0.05 0.3)
(-0.05 0.05 0.3)
(0.05 0.05 0.3)
(0.15 0.05 0.3)
(-0.15 0.15 0.3)
(-0.05 0.15 0.3)
(0.05 0.15 0.3)
(0.15 0.15 0.3)
(-0.15 -0.15 0.4)
(-0.05 -0.15 0.4)
(0.05 -0.15 0.4)
(0.15 -0.15 0.4)
(-0.15 -0.05 0.4)
(-0.05 -0.05 0.4)
(0.05 -0.05 0.4)
(0.15 -0.05 0.4)
(-0.15 0.05 0.4)
(-0.05 0.05 0.4)
(0.05 0.05 0.4)
(0.15 0.05 0.4)
(-0.15 0.15 0.4)
(-0.05 0.15 0.4)
(0.05 0.15 0.4)
(0.15 0.15 0.4)
(-0.15 -0.15 0.5)
(-0.05 -0.15 0.5)
(0.05 -0.15 0.5)
(0.15 -0.15 0.5)
(-0.15 -0.05 0.5)
(-0.05 -0.05 0.5)
(0.05 -0.05 0.5)
(0.15 -0.05 0.5)
(-0.15 0.05 0.5)
(-0.05 0.05 0.5)
(0.05 0.05 0.5)
(0.15 0.05 0.5)
(-0.15 0.15 0.5)
(-0.05 0.15 0.5)
(0.05 0.15 0.5)
(0.15 0.15 0.5)
(-0.15 -0.15 0.6)
(-0.05 -0.15 0.6)
(0.05 -0.15 0.6)
(0.15 -0.15 0.6)
(-0.15 -0.05 0.6)
(-0.05 -0.05 0.6)
(0.05 -0.05 0.6)
(0.15 -0.05 0.6)
(-0.15 0.05 0.6)
(-0.05 0.05 0.6)
(0.05 0.05 0.6)
(0.15 0.05 0.6)
(-0.15 0.15 0.6)
(-0.05 0.15 0.6)
(0.05 0.15 0.6)
(0.15 0.15 0.6)
(-0.15 -0.15 0.7)
(-0.05 -0.15 0.7)
(0.05 -0.15 0.7)
(0.15 -0.15 0.7)
(-0.15 -0.05 0.7)
(-0.05 -0.05 0.7)
(0.05 -0.05 0.7)
(0.15 -0.05 0.7)
(-0.15 0.05 0.7)
(-0.05 0.05 0.7)
(0.05 0.05 0.7)
(0.15 0.05 0.7)
(-0.15 0.15 0.7)
(-0.05 0.15 0.7)
(0.05 0.15 0.7)
(0.15 0.15 0.7)
(-0.15 -0.15 0.8)
(-0.05 -0.15 0.8)
(0.05 -0.15 0.8)
(0.15 -0.15 0.8)
(-0.15 -0.05 0.8)
(-0.05 -0.05 0.8)
(0.05 -0.05 0.8)
(0.15 -0.05 0.8)
(-0.15 0.05 0.8)
(-0.05 0.05 0.8)
(0.05 0.05 0.8)
(0.15 0.05 0.8)
(-0.15 0.15 0.8)
(-0.05 0.15 0.8)
(0.05 0.15 0.8)
(0.15 0.15 0.8)
(-0.15 -0.15 0.9)
(-0.05 -0.15 0.9)
(0.05 -0.15 0.9)
(0.15 -0.15 0.9)
(-0.15 -0.05 0.9)
(-0.05 -0.05 0.9)
(0.05 -0.05 0.9)
(0.15 -0.05 0.9)
(-0.15 0.05 0.9)
(-0.05 0.05 0.9)
(0.05 0.05 0.9)
(0.15 0.05 0.9)
(-0.15 0.15 0.9)
(-0.05 0.15 0.9)
(0.05 0.15 0.9)
(0.15 0.15 0.9)
(-0.15 -0.15 1)
(-0.05 -0.15 1)
(0.05 -0.15 1)
(0.15 -0.15 1)
(-0.15 -0.05 1)
(-0.05 -0.05 1)
(0.05 -0.05 1)
(0.15 -0.05 1)
(-0.15 0.05 1)
(-0.05 0.05 1)
(0.05 0.05 1)
(0.15 0.05 1)
(-0.15 0.15 1)
(-0.05 0.15 1)
(0.05 0.15 1)
(0.15 0.15 1)
(-0.15 -0.15 1.1)
(-0.05 -0.15 1.1)
(0.05 -0.15 1.1)
(0.15 -0.15 1.1)
(-0.15 -0.05 1.1)
(-0.05 -0.05 1.1)
(0.05 -0.05 1.1)
(0.15 -0.05 1.1)
(-0.15 0.05 1.1)
(-0.05 0.05 1.1)
(0.05 0.05 1.1)
(0.15 0.05 1.1)
(-0.15 0.15 1.1)
(-0.05 0.15 1.1)
(0.05 0.15 1.1)
(0.15 0.15 1.1)
(-0.15 -0.15 1.2)
(-0.05 -0.15 1.2)
(0.05 -0.15 1.2)
(0.15 -0.15 1.2)
(-0.15 -0.05 1.2)
(-0.05 -0.05 1.2)
(0.05 -0.05 1.2)
(0.15 -0.05 1.2)
(-0.15 0.05 1.2)
(-0.05 0.05 1.2)
(0.05 0.05 1.2)
(0.15 0.05 1.2)
(-0.15 0.15 1.2)
(-0.05 0.15 1.2)
(0.05 0.15 1.2)
(0.15 0.15 1.2)
(-0.15 -0.15 1.3)
(-0.05 -0.15 1.3)
(0.05 -0.15 1.3)
(0.15 -0.15 1.3)
(-0.15 -0.05 1.3)
(-0.05 -0.05 1.3)
(0.05 -0.05 1.3)
(0.15 -0.05 1.3)
(-0.15 0.05 1.3)
(-0.05 0.05 1.3)
(0.05 0.05 1.3)
(0.15 0.05 1.3)
(-0.15 0.15 1.3)
(-0.05 0.15 1.3)
(0.05 0.15 1.3)
(0.15 0.15 1.3)
(-0.15 -0.15 1.4)
(-0.05 -0.15 1.4)
(0.05 -0.15 1.4)
(0.15 -0.15 1.4)
(-0.15 -0.05 1.4)
(-0.05 -0.05 1.4)
(0.05 -0.05 1.4)
(0.15 -0.05 1.4)
(-0.15 0.05 1.4)
(-0.05 0.05 1.4)
(0.05 0.05 1.4)
(0.15 0.05 1.4)
(-0.15 0.15 1.4)
(-0.05 0.15 1.4)
(0.05 0.15 1.4)
(0.15 0.15 1.4)
(-0.15 -0.15 1.5)
(-0.05 -0.15 1.5)
(0.05 -0.15 1.5)
(0.15 -0.15 1.5)
(-0.15 -0.05 1.5)
(-0.05 -0.05 1.5)
(0.05 -0.05 1.5)
(0.15 -0.05 1.5)
(-0.15 0.05 1.5)
(-0.05 0.05 1.5)
(0.05 0.05 1.5)
(0.15 0.05 1.5)
(-0.15 0.15 1.5)
(-0.05 0.15 1.5)
(0.05 0.15 1.5)
(0.15 0.15 1.5)
(-0.15 -0.15 1.6)
(-0.05 -0.15 1.6)
(0.05 -0.15 1.6)
(0.15 -0.15 1.6)
(-0.15 -0.05 1.6)
(-0.05 -0.05 1.6)
(0.05 -0.05 1.6)
(0.15 -0.05 1.6)
(-0.15 0.05 1.6)
(-0.05 0.05 1.6)
(0.05 0.05 1.6)
(0.15 0.05 1.6)
(-0.15 0.15 1.6)
(-0.05 0.15 1.6)
(0.05 0.15 1.6)
(0.15 0.15 1.6)
(-0.15 -0.15 1.7)
(-0.05 -0.15 1.7)
(0.05 -0.15 1.7)
(0.15 -0.15 1.7)
(-0.15 -0.05 1.7)
(-0.05 -0.05 1.7)
(0.05 -0.05 1.7)
(0.15 -0.05 1.7)
(-0.15 0.05 1.7)
(-0.05 0.05 1.7)
(0.05 0.05 1.7)
(0.15 0.05 1.7)
(-0.15 0.15 1.7)
(-0.05 0.15 1.7)
(0.05 0.15 1.7)
(0.15 0.15 1.7)
(-0.15 -0.15 1.8)
(-0.05 -0.15 1.8)
(0.05 -0.15 1.8)
(0.15 -0.15 1.8)
(-0.15 -0.05 1.8)
(-0.05 -0.05 1.8)
(0.05 -0.05 1.8)
(0.15 -0.05 1.8)
(-0.15 0.05 1.8)
(-0.05 0.05 1.8)
(0.05 0.05 1.8)
(0.15 0.05 1.8)
(-0.15 0.15 1.8)
(-0.05 0.15 1.8)
(0.05 0.15 1.8)
(0.15 0.15 1.8)
(-0.15 -0.15 1.9)
(-0.05 -0.15 1.9)
(0.05 -0.15 1.9)
(0.15 -0.15 1.9)
(-0.15 -0.05 1.9)
(-0.05 -0.05 1.9)
(0.05 -0.05 1.9)
(0.15 -0.05 1.9)
(-0.15 0.05 1.9)
(-0.05 0.05 1.9)
(0.05 0.05 1.9)
(0.15 0.05 1.9)
(-0.15 0.15 1.9)
(-0.05 0.15 1.9)
(0.05 0.15 1.9)
(0.15 0.15 1.9)
(-0.15 -0.15 2)
(-0.05 -0.15 2)
(0.05 -0.15 2)
(0.15 -0.15 2)
(-0.15 -0.05 2)
(-0.05 -0.05 2)
(0.05 -0.05 2)
(0.15 -0.05 2)
(-0.15 0.05 2)
(-0.05 0.05 2)
(0.05 0.05 2)
(0.15 0.05 2)
(-0.15 0.15 2)
(-0.05 0.15 2)
(0.05 0.15 2)
(0.15 0.15 2)
(-0.15 -0.15 2.1)
(-0.05 -0.15 2.1)
(0.05 -0.15 2.1)
(0.15 -0.15 2.1)
(-0.15 -0.05 2.1)
(-0.05 -0.05 2.1)
(0.05 -0.05 2.1)
(0.15 -0.05 2.1)
(-0.15 0.05 2.1)
(-0.05 0.05 2.1)
(0.05 0.05 2.1)
(0.15 0.05 2.1)
(-0.15 0.15 2.1)
(-0.05 0.15 2.1)
(0.05 0.15 2.1)
(0.15 0.15 2.1)
(-0.15 -0.15 2.2)
(-0.05 -0.15 2.2)
(0.05 -0.15 2.2)
(0.15 -0.15 2.2)
(-0.15 -0.05 2.2)
(-0.05 -0.05 2.2)
(0.05 -0.05 2.2)
(0.15 -0.05 2.2)
(-0.15 0.05 2.2)
(-0.05 0.05 2.2)
(0.05 0.05 2.2)
(0.15 0.05 2.2)
(-0.15 0.15 2.2)
(-0.05 0.15 2.2)
(0.05 0.15 2.2)
(0.15 0.15 2.2)
(-0.15 -0.15 2.3)
(-0.05 -0.15 2.3)
(0.05 -0.15 2.3)
(0.15 -0.15 2.3)
(-0.15 -0.05 2.3)
(-0.05 -0.05 2.3)
(0.05 -0.05 2.3)
(0.15 -0.05 2.3)
(-0.15 0.05 2.3)
(-0.05 0.05 2.3)
(0.05 0.05 2.3)
(0.15 0.05 2.3)
(-0.15 0.15 2.3)
(-0.05 0.15 2.3)
(0.05 0.15 2.3)
(0.15 0.15 2.3)
(-0.15 -0.15 2.4)
(-0.05 -0.15 2.4)
(0.05 -0.15 2.4)
(0.15 -0.15 2.4)
(-0.15 -0.05 2.4)
(-0.05 -0.05 2.4)
(0.05 -0.05 2.4)
(0.15 -0.05 2.4)
(-0.15 0.05 2.4)
(-0.05 0.05 2.4)
(0.05 0.05 2.4)
(0.15 0.05 2.4)
(-0.15 0.15 2.4)
(-0.05 0.15 2.4)
(0.05 0.15 2.4)
(0.15 0.15 2.4)
(-0.15 -0.15 2.5)
(-0.05 -0.15 2.5)
(0.05 -0.15 2.5)
(0.15 -0.15 2.5)
(-0.15 -0.05 2.5)
(-0.05 -0.05 2.5)
(0.05 -0.05 2.5)
(0.15 -0.05 2.5)
(-0.15 0.05 2.5)
(-0.05 0.05 2.5)
(0.05 0.05 2.5)
(0.15 0.05 2.5)
(-0.15 0.15 2.5)
(-0.05 0.15 2.5)
(0.05 0.15 2.5)
(0.15 0.15 2.5)
)


// ************************************************************************* //
