/*--------------------------------*- C++ -*----------------------------------*\
| =========                 |                                                 |
| \\      /  F ield         | foam-extend: Open Source CFD                    |
|  \\    /   O peration     | Version:     4.0                                |
|   \\  /    A nd           | Web:         http://www.foam-extend.org         |
|    \\/     M anipulation  |                                                 |
\*---------------------------------------------------------------------------*/
FoamFile
{
    version     2.0;
    format      ascii;
    class       labelList;
    note        "nPoints: 488 nCells: 180 nFaces: 783 nInternalFaces: 297";
    location    "constant/polyMesh";
    object      neighbour;
}
// * * * * * * * * * * * * * * * * * * * * * * * * * * * * * * * * * * * * * //


297
(
1
60
2
61
3
62
4
63
5
64
6
65
7
66
8
67
9
68
10
69
11
70
12
71
13
72
14
73
15
74
16
75
17
76
18
77
19
78
20
79
21
80
22
81
23
82
24
83
25
84
26
85
27
86
28
87
29
88
30
89
31
90
32
91
33
92
34
93
35
94
36
95
37
96
38
97
39
98
40
99
41
100
42
101
43
102
44
103
45
104
46
105
47
106
48
107
49
108
50
109
51
110
52
111
53
112
54
113
55
114
56
115
57
116
58
117
59
118
119
61
120
62
121
63
122
64
123
65
124
66
125
67
126
68
127
69
128
70
129
71
130
72
131
73
132
74
133
75
134
76
135
77
136
78
137
79
138
80
139
81
140
82
141
83
142
84
143
85
144
86
145
87
146
88
147
89
148
90
149
91
150
92
151
93
152
94
153
95
154
96
155
97
156
98
157
99
158
100
159
101
160
102
161
103
162
104
163
105
164
106
165
107
166
108
167
109
168
110
169
111
170
112
171
113
172
114
173
115
174
116
175
117
176
118
177
119
178
179
121
122
123
124
125
126
127
128
129
130
131
132
133
134
135
136
137
138
139
140
141
142
143
144
145
146
147
148
149
150
151
152
153
154
155
156
157
158
159
160
161
162
163
164
165
166
167
168
169
170
171
172
173
174
175
176
177
178
179
)


// ************************************************************************* //
