/*--------------------------------*- C++ -*----------------------------------*\
| =========                 |                                                 |
| \\      /  F ield         | foam-extend: Open Source CFD                    |
|  \\    /   O peration     | Version:     4.0                                |
|   \\  /    A nd           | Web:         http://www.foam-extend.org         |
|    \\/     M anipulation  |                                                 |
\*---------------------------------------------------------------------------*/
FoamFile
{
    version     2.0;
    format      ascii;
    class       labelList;
    note        "nPoints: 488 nCells: 180 nFaces: 783 nInternalFaces: 297";
    location    "constant/polyMesh";
    object      owner;
}
// * * * * * * * * * * * * * * * * * * * * * * * * * * * * * * * * * * * * * //


783
(
0
0
1
1
2
2
3
3
4
4
5
5
6
6
7
7
8
8
9
9
10
10
11
11
12
12
13
13
14
14
15
15
16
16
17
17
18
18
19
19
20
20
21
21
22
22
23
23
24
24
25
25
26
26
27
27
28
28
29
29
30
30
31
31
32
32
33
33
34
34
35
35
36
36
37
37
38
38
39
39
40
40
41
41
42
42
43
43
44
44
45
45
46
46
47
47
48
48
49
49
50
50
51
51
52
52
53
53
54
54
55
55
56
56
57
57
58
58
59
60
60
61
61
62
62
63
63
64
64
65
65
66
66
67
67
68
68
69
69
70
70
71
71
72
72
73
73
74
74
75
75
76
76
77
77
78
78
79
79
80
80
81
81
82
82
83
83
84
84
85
85
86
86
87
87
88
88
89
89
90
90
91
91
92
92
93
93
94
94
95
95
96
96
97
97
98
98
99
99
100
100
101
101
102
102
103
103
104
104
105
105
106
106
107
107
108
108
109
109
110
110
111
111
112
112
113
113
114
114
115
115
116
116
117
117
118
118
119
120
121
122
123
124
125
126
127
128
129
130
131
132
133
134
135
136
137
138
139
140
141
142
143
144
145
146
147
148
149
150
151
152
153
154
155
156
157
158
159
160
161
162
163
164
165
166
167
168
169
170
171
172
173
174
175
176
177
178
120
121
122
123
124
125
126
127
128
129
130
131
132
133
134
135
136
137
138
139
140
141
142
143
144
145
146
147
148
149
150
151
152
153
154
155
156
157
158
159
160
161
162
163
164
165
166
167
168
169
170
171
172
173
174
175
176
177
178
179
0
60
120
59
119
179
0
1
2
3
4
5
6
7
8
9
10
11
12
13
14
15
16
17
18
19
20
21
22
23
24
25
26
27
28
29
30
31
32
33
34
35
36
37
38
39
40
41
42
43
44
45
46
47
48
49
50
51
52
53
54
55
56
57
58
59
0
60
120
1
61
121
2
62
122
3
63
123
4
64
124
5
65
125
6
66
126
7
67
127
8
68
128
9
69
129
10
70
130
11
71
131
12
72
132
13
73
133
14
74
134
15
75
135
16
76
136
17
77
137
18
78
138
19
79
139
20
80
140
21
81
141
22
82
142
23
83
143
24
84
144
25
85
145
26
86
146
27
87
147
28
88
148
29
89
149
30
90
150
31
91
151
32
92
152
33
93
153
34
94
154
35
95
155
36
96
156
37
97
157
38
98
158
39
99
159
40
100
160
41
101
161
42
102
162
43
103
163
44
104
164
45
105
165
46
106
166
47
107
167
48
108
168
49
109
169
50
110
170
51
111
171
52
112
172
53
113
173
54
114
174
55
115
175
56
116
176
57
117
177
58
118
178
59
119
179
0
60
120
1
61
121
2
62
122
3
63
123
4
64
124
5
65
125
6
66
126
7
67
127
8
68
128
9
69
129
10
70
130
11
71
131
12
72
132
13
73
133
14
74
134
15
75
135
16
76
136
17
77
137
18
78
138
19
79
139
20
80
140
21
81
141
22
82
142
23
83
143
24
84
144
25
85
145
26
86
146
27
87
147
28
88
148
29
89
149
30
90
150
31
91
151
32
92
152
33
93
153
34
94
154
35
95
155
36
96
156
37
97
157
38
98
158
39
99
159
40
100
160
41
101
161
42
102
162
43
103
163
44
104
164
45
105
165
46
106
166
47
107
167
48
108
168
49
109
169
50
110
170
51
111
171
52
112
172
53
113
173
54
114
174
55
115
175
56
116
176
57
117
177
58
118
178
59
119
179
)


// ************************************************************************* //
