/*--------------------------------*- C++ -*----------------------------------*\
| =========                 |                                                 |
| \\      /  F ield         | foam-extend: Open Source CFD                    |
|  \\    /   O peration     | Version:     4.0                                |
|   \\  /    A nd           | Web:         http://www.foam-extend.org         |
|    \\/     M anipulation  |                                                 |
\*---------------------------------------------------------------------------*/
FoamFile
{
    version     2.0;
    format      ascii;
    class       faceList;
    location    "constant/polyMesh";
    object      faces;
}
// * * * * * * * * * * * * * * * * * * * * * * * * * * * * * * * * * * * * * //


4422
(
4(1 35 1191 1157)
4(34 1190 1191 35)
4(2 36 1192 1158)
4(35 1191 1192 36)
4(3 37 1193 1159)
4(36 1192 1193 37)
4(4 38 1194 1160)
4(37 1193 1194 38)
4(5 39 1195 1161)
4(38 1194 1195 39)
4(6 40 1196 1162)
4(39 1195 1196 40)
4(7 41 1197 1163)
4(40 1196 1197 41)
4(8 42 1198 1164)
4(41 1197 1198 42)
4(9 43 1199 1165)
4(42 1198 1199 43)
4(10 44 1200 1166)
4(43 1199 1200 44)
4(11 45 1201 1167)
4(44 1200 1201 45)
4(12 46 1202 1168)
4(45 1201 1202 46)
4(13 47 1203 1169)
4(46 1202 1203 47)
4(14 48 1204 1170)
4(47 1203 1204 48)
4(15 49 1205 1171)
4(48 1204 1205 49)
4(16 50 1206 1172)
4(49 1205 1206 50)
4(17 51 1207 1173)
4(50 1206 1207 51)
4(18 52 1208 1174)
4(51 1207 1208 52)
4(19 53 1209 1175)
4(52 1208 1209 53)
4(20 54 1210 1176)
4(53 1209 1210 54)
4(21 55 1211 1177)
4(54 1210 1211 55)
4(22 56 1212 1178)
4(55 1211 1212 56)
4(23 57 1213 1179)
4(56 1212 1213 57)
4(24 58 1214 1180)
4(57 1213 1214 58)
4(25 59 1215 1181)
4(58 1214 1215 59)
4(26 60 1216 1182)
4(59 1215 1216 60)
4(27 61 1217 1183)
4(60 1216 1217 61)
4(28 62 1218 1184)
4(61 1217 1218 62)
4(29 63 1219 1185)
4(62 1218 1219 63)
4(30 64 1220 1186)
4(63 1219 1220 64)
4(31 65 1221 1187)
4(64 1220 1221 65)
4(32 66 1222 1188)
4(65 1221 1222 66)
4(66 1222 1223 67)
4(35 69 1225 1191)
4(68 1224 1225 69)
4(36 70 1226 1192)
4(69 1225 1226 70)
4(37 71 1227 1193)
4(70 1226 1227 71)
4(38 72 1228 1194)
4(71 1227 1228 72)
4(39 73 1229 1195)
4(72 1228 1229 73)
4(40 74 1230 1196)
4(73 1229 1230 74)
4(41 75 1231 1197)
4(74 1230 1231 75)
4(42 76 1232 1198)
4(75 1231 1232 76)
4(43 77 1233 1199)
4(76 1232 1233 77)
4(44 78 1234 1200)
4(77 1233 1234 78)
4(45 79 1235 1201)
4(78 1234 1235 79)
4(46 80 1236 1202)
4(79 1235 1236 80)
4(47 81 1237 1203)
4(80 1236 1237 81)
4(48 82 1238 1204)
4(81 1237 1238 82)
4(49 83 1239 1205)
4(82 1238 1239 83)
4(50 84 1240 1206)
4(83 1239 1240 84)
4(51 85 1241 1207)
4(84 1240 1241 85)
4(52 86 1242 1208)
4(85 1241 1242 86)
4(53 87 1243 1209)
4(86 1242 1243 87)
4(54 88 1244 1210)
4(87 1243 1244 88)
4(55 89 1245 1211)
4(88 1244 1245 89)
4(56 90 1246 1212)
4(89 1245 1246 90)
4(57 91 1247 1213)
4(90 1246 1247 91)
4(58 92 1248 1214)
4(91 1247 1248 92)
4(59 93 1249 1215)
4(92 1248 1249 93)
4(60 94 1250 1216)
4(93 1249 1250 94)
4(61 95 1251 1217)
4(94 1250 1251 95)
4(62 96 1252 1218)
4(95 1251 1252 96)
4(63 97 1253 1219)
4(96 1252 1253 97)
4(64 98 1254 1220)
4(97 1253 1254 98)
4(65 99 1255 1221)
4(98 1254 1255 99)
4(66 100 1256 1222)
4(99 1255 1256 100)
4(100 1256 1257 101)
4(69 103 1259 1225)
4(102 1258 1259 103)
4(70 104 1260 1226)
4(103 1259 1260 104)
4(71 105 1261 1227)
4(104 1260 1261 105)
4(72 106 1262 1228)
4(105 1261 1262 106)
4(73 107 1263 1229)
4(106 1262 1263 107)
4(74 108 1264 1230)
4(107 1263 1264 108)
4(75 109 1265 1231)
4(108 1264 1265 109)
4(76 110 1266 1232)
4(109 1265 1266 110)
4(77 111 1267 1233)
4(110 1266 1267 111)
4(78 112 1268 1234)
4(111 1267 1268 112)
4(79 113 1269 1235)
4(112 1268 1269 113)
4(80 114 1270 1236)
4(113 1269 1270 114)
4(81 115 1271 1237)
4(114 1270 1271 115)
4(82 116 1272 1238)
4(115 1271 1272 116)
4(83 117 1273 1239)
4(116 1272 1273 117)
4(84 118 1274 1240)
4(117 1273 1274 118)
4(85 119 1275 1241)
4(118 1274 1275 119)
4(86 120 1276 1242)
4(119 1275 1276 120)
4(87 121 1277 1243)
4(120 1276 1277 121)
4(88 122 1278 1244)
4(121 1277 1278 122)
4(89 123 1279 1245)
4(122 1278 1279 123)
4(90 124 1280 1246)
4(123 1279 1280 124)
4(91 125 1281 1247)
4(124 1280 1281 125)
4(92 126 1282 1248)
4(125 1281 1282 126)
4(93 127 1283 1249)
4(126 1282 1283 127)
4(94 128 1284 1250)
4(127 1283 1284 128)
4(95 129 1285 1251)
4(128 1284 1285 129)
4(96 130 1286 1252)
4(129 1285 1286 130)
4(97 131 1287 1253)
4(130 1286 1287 131)
4(98 132 1288 1254)
4(131 1287 1288 132)
4(99 133 1289 1255)
4(132 1288 1289 133)
4(100 134 1290 1256)
4(133 1289 1290 134)
4(134 1290 1291 135)
4(103 137 1293 1259)
4(136 1292 1293 137)
4(104 138 1294 1260)
4(137 1293 1294 138)
4(105 139 1295 1261)
4(138 1294 1295 139)
4(106 140 1296 1262)
4(139 1295 1296 140)
4(107 141 1297 1263)
4(140 1296 1297 141)
4(108 142 1298 1264)
4(141 1297 1298 142)
4(109 143 1299 1265)
4(142 1298 1299 143)
4(110 144 1300 1266)
4(143 1299 1300 144)
4(111 145 1301 1267)
4(144 1300 1301 145)
4(112 146 1302 1268)
4(145 1301 1302 146)
4(113 147 1303 1269)
4(146 1302 1303 147)
4(114 148 1304 1270)
4(147 1303 1304 148)
4(115 149 1305 1271)
4(148 1304 1305 149)
4(116 150 1306 1272)
4(149 1305 1306 150)
4(117 151 1307 1273)
4(150 1306 1307 151)
4(118 152 1308 1274)
4(151 1307 1308 152)
4(119 153 1309 1275)
4(152 1308 1309 153)
4(120 154 1310 1276)
4(153 1309 1310 154)
4(121 155 1311 1277)
4(154 1310 1311 155)
4(122 156 1312 1278)
4(155 1311 1312 156)
4(123 157 1313 1279)
4(156 1312 1313 157)
4(124 158 1314 1280)
4(157 1313 1314 158)
4(125 159 1315 1281)
4(158 1314 1315 159)
4(126 160 1316 1282)
4(159 1315 1316 160)
4(127 161 1317 1283)
4(160 1316 1317 161)
4(128 162 1318 1284)
4(161 1317 1318 162)
4(129 163 1319 1285)
4(162 1318 1319 163)
4(130 164 1320 1286)
4(163 1319 1320 164)
4(131 165 1321 1287)
4(164 1320 1321 165)
4(132 166 1322 1288)
4(165 1321 1322 166)
4(133 167 1323 1289)
4(166 1322 1323 167)
4(134 168 1324 1290)
4(167 1323 1324 168)
4(168 1324 1325 169)
4(137 171 1327 1293)
4(170 1326 1327 171)
4(138 172 1328 1294)
4(171 1327 1328 172)
4(139 173 1329 1295)
4(172 1328 1329 173)
4(140 174 1330 1296)
4(173 1329 1330 174)
4(141 175 1331 1297)
4(174 1330 1331 175)
4(142 176 1332 1298)
4(175 1331 1332 176)
4(143 177 1333 1299)
4(176 1332 1333 177)
4(144 178 1334 1300)
4(177 1333 1334 178)
4(145 179 1335 1301)
4(178 1334 1335 179)
4(146 180 1336 1302)
4(179 1335 1336 180)
4(147 181 1337 1303)
4(180 1336 1337 181)
4(148 182 1338 1304)
4(181 1337 1338 182)
4(149 183 1339 1305)
4(182 1338 1339 183)
4(150 184 1340 1306)
4(183 1339 1340 184)
4(151 185 1341 1307)
4(184 1340 1341 185)
4(152 186 1342 1308)
4(185 1341 1342 186)
4(153 187 1343 1309)
4(186 1342 1343 187)
4(154 188 1344 1310)
4(187 1343 1344 188)
4(155 189 1345 1311)
4(188 1344 1345 189)
4(156 190 1346 1312)
4(189 1345 1346 190)
4(157 191 1347 1313)
4(190 1346 1347 191)
4(158 192 1348 1314)
4(191 1347 1348 192)
4(159 193 1349 1315)
4(192 1348 1349 193)
4(160 194 1350 1316)
4(193 1349 1350 194)
4(161 195 1351 1317)
4(194 1350 1351 195)
4(162 196 1352 1318)
4(195 1351 1352 196)
4(163 197 1353 1319)
4(196 1352 1353 197)
4(164 198 1354 1320)
4(197 1353 1354 198)
4(165 199 1355 1321)
4(198 1354 1355 199)
4(166 200 1356 1322)
4(199 1355 1356 200)
4(167 201 1357 1323)
4(200 1356 1357 201)
4(168 202 1358 1324)
4(201 1357 1358 202)
4(202 1358 1359 203)
4(171 205 1361 1327)
4(204 1360 1361 205)
4(172 206 1362 1328)
4(205 1361 1362 206)
4(173 207 1363 1329)
4(206 1362 1363 207)
4(174 208 1364 1330)
4(207 1363 1364 208)
4(175 209 1365 1331)
4(208 1364 1365 209)
4(176 210 1366 1332)
4(209 1365 1366 210)
4(177 211 1367 1333)
4(210 1366 1367 211)
4(178 212 1368 1334)
4(211 1367 1368 212)
4(179 213 1369 1335)
4(212 1368 1369 213)
4(180 214 1370 1336)
4(213 1369 1370 214)
4(181 215 1371 1337)
4(214 1370 1371 215)
4(182 216 1372 1338)
4(215 1371 1372 216)
4(183 217 1373 1339)
4(216 1372 1373 217)
4(184 218 1374 1340)
4(217 1373 1374 218)
4(185 219 1375 1341)
4(218 1374 1375 219)
4(186 220 1376 1342)
4(219 1375 1376 220)
4(187 221 1377 1343)
4(220 1376 1377 221)
4(188 222 1378 1344)
4(221 1377 1378 222)
4(189 223 1379 1345)
4(222 1378 1379 223)
4(190 224 1380 1346)
4(223 1379 1380 224)
4(191 225 1381 1347)
4(224 1380 1381 225)
4(192 226 1382 1348)
4(225 1381 1382 226)
4(193 227 1383 1349)
4(226 1382 1383 227)
4(194 228 1384 1350)
4(227 1383 1384 228)
4(195 229 1385 1351)
4(228 1384 1385 229)
4(196 230 1386 1352)
4(229 1385 1386 230)
4(197 231 1387 1353)
4(230 1386 1387 231)
4(198 232 1388 1354)
4(231 1387 1388 232)
4(199 233 1389 1355)
4(232 1388 1389 233)
4(200 234 1390 1356)
4(233 1389 1390 234)
4(201 235 1391 1357)
4(234 1390 1391 235)
4(202 236 1392 1358)
4(235 1391 1392 236)
4(236 1392 1393 237)
4(205 239 1395 1361)
4(238 1394 1395 239)
4(206 240 1396 1362)
4(239 1395 1396 240)
4(207 241 1397 1363)
4(240 1396 1397 241)
4(208 242 1398 1364)
4(241 1397 1398 242)
4(209 243 1399 1365)
4(242 1398 1399 243)
4(210 244 1400 1366)
4(243 1399 1400 244)
4(211 245 1401 1367)
4(244 1400 1401 245)
4(212 246 1402 1368)
4(245 1401 1402 246)
4(213 247 1403 1369)
4(246 1402 1403 247)
4(214 248 1404 1370)
4(247 1403 1404 248)
4(215 249 1405 1371)
4(248 1404 1405 249)
4(216 250 1406 1372)
4(249 1405 1406 250)
4(217 251 1407 1373)
4(250 1406 1407 251)
4(218 252 1408 1374)
4(251 1407 1408 252)
4(219 253 1409 1375)
4(252 1408 1409 253)
4(220 254 1410 1376)
4(253 1409 1410 254)
4(221 255 1411 1377)
4(254 1410 1411 255)
4(222 256 1412 1378)
4(255 1411 1412 256)
4(223 257 1413 1379)
4(256 1412 1413 257)
4(224 258 1414 1380)
4(257 1413 1414 258)
4(225 259 1415 1381)
4(258 1414 1415 259)
4(226 260 1416 1382)
4(259 1415 1416 260)
4(227 261 1417 1383)
4(260 1416 1417 261)
4(228 262 1418 1384)
4(261 1417 1418 262)
4(229 263 1419 1385)
4(262 1418 1419 263)
4(230 264 1420 1386)
4(263 1419 1420 264)
4(231 265 1421 1387)
4(264 1420 1421 265)
4(232 266 1422 1388)
4(265 1421 1422 266)
4(233 267 1423 1389)
4(266 1422 1423 267)
4(234 268 1424 1390)
4(267 1423 1424 268)
4(235 269 1425 1391)
4(268 1424 1425 269)
4(236 270 1426 1392)
4(269 1425 1426 270)
4(270 1426 1427 271)
4(239 273 1429 1395)
4(272 1428 1429 273)
4(240 274 1430 1396)
4(273 1429 1430 274)
4(241 275 1431 1397)
4(274 1430 1431 275)
4(242 276 1432 1398)
4(275 1431 1432 276)
4(243 277 1433 1399)
4(276 1432 1433 277)
4(244 278 1434 1400)
4(277 1433 1434 278)
4(245 279 1435 1401)
4(278 1434 1435 279)
4(246 280 1436 1402)
4(279 1435 1436 280)
4(247 281 1437 1403)
4(280 1436 1437 281)
4(248 282 1438 1404)
4(281 1437 1438 282)
4(249 283 1439 1405)
4(282 1438 1439 283)
4(250 284 1440 1406)
4(283 1439 1440 284)
4(251 285 1441 1407)
4(284 1440 1441 285)
4(252 286 1442 1408)
4(285 1441 1442 286)
4(253 287 1443 1409)
4(286 1442 1443 287)
4(254 288 1444 1410)
4(287 1443 1444 288)
4(255 289 1445 1411)
4(288 1444 1445 289)
4(256 290 1446 1412)
4(289 1445 1446 290)
4(257 291 1447 1413)
4(290 1446 1447 291)
4(258 292 1448 1414)
4(291 1447 1448 292)
4(259 293 1449 1415)
4(292 1448 1449 293)
4(260 294 1450 1416)
4(293 1449 1450 294)
4(261 295 1451 1417)
4(294 1450 1451 295)
4(262 296 1452 1418)
4(295 1451 1452 296)
4(263 297 1453 1419)
4(296 1452 1453 297)
4(264 298 1454 1420)
4(297 1453 1454 298)
4(265 299 1455 1421)
4(298 1454 1455 299)
4(266 300 1456 1422)
4(299 1455 1456 300)
4(267 301 1457 1423)
4(300 1456 1457 301)
4(268 302 1458 1424)
4(301 1457 1458 302)
4(269 303 1459 1425)
4(302 1458 1459 303)
4(270 304 1460 1426)
4(303 1459 1460 304)
4(304 1460 1461 305)
4(273 307 1463 1429)
4(306 1462 1463 307)
4(274 308 1464 1430)
4(307 1463 1464 308)
4(275 309 1465 1431)
4(308 1464 1465 309)
4(276 310 1466 1432)
4(309 1465 1466 310)
4(277 311 1467 1433)
4(310 1466 1467 311)
4(278 312 1468 1434)
4(311 1467 1468 312)
4(279 313 1469 1435)
4(312 1468 1469 313)
4(280 314 1470 1436)
4(313 1469 1470 314)
4(281 315 1471 1437)
4(314 1470 1471 315)
4(282 316 1472 1438)
4(315 1471 1472 316)
4(283 317 1473 1439)
4(316 1472 1473 317)
4(284 318 1474 1440)
4(317 1473 1474 318)
4(285 319 1475 1441)
4(318 1474 1475 319)
4(286 320 1476 1442)
4(319 1475 1476 320)
4(287 321 1477 1443)
4(320 1476 1477 321)
4(288 322 1478 1444)
4(321 1477 1478 322)
4(289 323 1479 1445)
4(322 1478 1479 323)
4(290 324 1480 1446)
4(323 1479 1480 324)
4(291 325 1481 1447)
4(324 1480 1481 325)
4(292 326 1482 1448)
4(325 1481 1482 326)
4(293 327 1483 1449)
4(326 1482 1483 327)
4(294 328 1484 1450)
4(327 1483 1484 328)
4(295 329 1485 1451)
4(328 1484 1485 329)
4(296 330 1486 1452)
4(329 1485 1486 330)
4(297 331 1487 1453)
4(330 1486 1487 331)
4(298 332 1488 1454)
4(331 1487 1488 332)
4(299 333 1489 1455)
4(332 1488 1489 333)
4(300 334 1490 1456)
4(333 1489 1490 334)
4(301 335 1491 1457)
4(334 1490 1491 335)
4(302 336 1492 1458)
4(335 1491 1492 336)
4(303 337 1493 1459)
4(336 1492 1493 337)
4(304 338 1494 1460)
4(337 1493 1494 338)
4(338 1494 1495 339)
4(307 341 1497 1463)
4(340 1496 1497 341)
4(308 342 1498 1464)
4(341 1497 1498 342)
4(309 343 1499 1465)
4(342 1498 1499 343)
4(310 344 1500 1466)
4(343 1499 1500 344)
4(311 345 1501 1467)
4(344 1500 1501 345)
4(312 346 1502 1468)
4(345 1501 1502 346)
4(313 347 1503 1469)
4(346 1502 1503 347)
4(314 348 1504 1470)
4(347 1503 1504 348)
4(315 349 1505 1471)
4(348 1504 1505 349)
4(316 350 1506 1472)
4(349 1505 1506 350)
4(317 351 1507 1473)
4(350 1506 1507 351)
4(318 352 1508 1474)
4(351 1507 1508 352)
4(319 353 1509 1475)
4(352 1508 1509 353)
4(320 354 1510 1476)
4(353 1509 1510 354)
4(321 355 1511 1477)
4(354 1510 1511 355)
4(322 356 1512 1478)
4(355 1511 1512 356)
4(323 357 1513 1479)
4(356 1512 1513 357)
4(324 358 1514 1480)
4(357 1513 1514 358)
4(325 359 1515 1481)
4(358 1514 1515 359)
4(326 360 1516 1482)
4(359 1515 1516 360)
4(327 361 1517 1483)
4(360 1516 1517 361)
4(328 362 1518 1484)
4(361 1517 1518 362)
4(329 363 1519 1485)
4(362 1518 1519 363)
4(330 364 1520 1486)
4(363 1519 1520 364)
4(331 365 1521 1487)
4(364 1520 1521 365)
4(332 366 1522 1488)
4(365 1521 1522 366)
4(333 367 1523 1489)
4(366 1522 1523 367)
4(334 368 1524 1490)
4(367 1523 1524 368)
4(335 369 1525 1491)
4(368 1524 1525 369)
4(336 370 1526 1492)
4(369 1525 1526 370)
4(337 371 1527 1493)
4(370 1526 1527 371)
4(338 372 1528 1494)
4(371 1527 1528 372)
4(372 1528 1529 373)
4(341 375 1531 1497)
4(374 1530 1531 375)
4(342 376 1532 1498)
4(375 1531 1532 376)
4(343 377 1533 1499)
4(376 1532 1533 377)
4(344 378 1534 1500)
4(377 1533 1534 378)
4(345 379 1535 1501)
4(378 1534 1535 379)
4(346 380 1536 1502)
4(379 1535 1536 380)
4(347 381 1537 1503)
4(380 1536 1537 381)
4(348 382 1538 1504)
4(381 1537 1538 382)
4(349 383 1539 1505)
4(382 1538 1539 383)
4(350 384 1540 1506)
4(383 1539 1540 384)
4(351 385 1541 1507)
4(384 1540 1541 385)
4(352 386 1542 1508)
4(385 1541 1542 386)
4(353 387 1543 1509)
4(386 1542 1543 387)
4(354 388 1544 1510)
4(387 1543 1544 388)
4(355 389 1545 1511)
4(388 1544 1545 389)
4(356 390 1546 1512)
4(389 1545 1546 390)
4(357 391 1547 1513)
4(390 1546 1547 391)
4(358 392 1548 1514)
4(391 1547 1548 392)
4(359 393 1549 1515)
4(392 1548 1549 393)
4(360 394 1550 1516)
4(393 1549 1550 394)
4(361 395 1551 1517)
4(394 1550 1551 395)
4(362 396 1552 1518)
4(395 1551 1552 396)
4(363 397 1553 1519)
4(396 1552 1553 397)
4(364 398 1554 1520)
4(397 1553 1554 398)
4(365 399 1555 1521)
4(398 1554 1555 399)
4(366 400 1556 1522)
4(399 1555 1556 400)
4(367 401 1557 1523)
4(400 1556 1557 401)
4(368 402 1558 1524)
4(401 1557 1558 402)
4(369 403 1559 1525)
4(402 1558 1559 403)
4(370 404 1560 1526)
4(403 1559 1560 404)
4(371 405 1561 1527)
4(404 1560 1561 405)
4(372 406 1562 1528)
4(405 1561 1562 406)
4(406 1562 1563 407)
4(375 409 1565 1531)
4(408 1564 1565 409)
4(376 410 1566 1532)
4(409 1565 1566 410)
4(377 411 1567 1533)
4(410 1566 1567 411)
4(378 412 1568 1534)
4(411 1567 1568 412)
4(379 413 1569 1535)
4(412 1568 1569 413)
4(380 414 1570 1536)
4(413 1569 1570 414)
4(381 415 1571 1537)
4(414 1570 1571 415)
4(382 416 1572 1538)
4(415 1571 1572 416)
4(383 417 1573 1539)
4(416 1572 1573 417)
4(384 418 1574 1540)
4(417 1573 1574 418)
4(385 419 1575 1541)
4(418 1574 1575 419)
4(386 420 1576 1542)
4(419 1575 1576 420)
4(387 421 1577 1543)
4(420 1576 1577 421)
4(388 422 1578 1544)
4(421 1577 1578 422)
4(389 423 1579 1545)
4(422 1578 1579 423)
4(390 424 1580 1546)
4(423 1579 1580 424)
4(391 425 1581 1547)
4(424 1580 1581 425)
4(392 426 1582 1548)
4(425 1581 1582 426)
4(393 427 1583 1549)
4(426 1582 1583 427)
4(394 428 1584 1550)
4(427 1583 1584 428)
4(395 429 1585 1551)
4(428 1584 1585 429)
4(396 430 1586 1552)
4(429 1585 1586 430)
4(397 431 1587 1553)
4(430 1586 1587 431)
4(398 432 1588 1554)
4(431 1587 1588 432)
4(399 433 1589 1555)
4(432 1588 1589 433)
4(400 434 1590 1556)
4(433 1589 1590 434)
4(401 435 1591 1557)
4(434 1590 1591 435)
4(402 436 1592 1558)
4(435 1591 1592 436)
4(403 437 1593 1559)
4(436 1592 1593 437)
4(404 438 1594 1560)
4(437 1593 1594 438)
4(405 439 1595 1561)
4(438 1594 1595 439)
4(406 440 1596 1562)
4(439 1595 1596 440)
4(440 1596 1597 441)
4(409 443 1599 1565)
4(442 1598 1599 443)
4(410 444 1600 1566)
4(443 1599 1600 444)
4(411 445 1601 1567)
4(444 1600 1601 445)
4(412 446 1602 1568)
4(445 1601 1602 446)
4(413 447 1603 1569)
4(446 1602 1603 447)
4(414 448 1604 1570)
4(447 1603 1604 448)
4(415 449 1605 1571)
4(448 1604 1605 449)
4(416 450 1606 1572)
4(449 1605 1606 450)
4(417 451 1607 1573)
4(450 1606 1607 451)
4(418 452 1608 1574)
4(451 1607 1608 452)
4(419 453 1609 1575)
4(452 1608 1609 453)
4(420 454 1610 1576)
4(453 1609 1610 454)
4(421 455 1611 1577)
4(454 1610 1611 455)
4(422 456 1612 1578)
4(455 1611 1612 456)
4(423 457 1613 1579)
4(456 1612 1613 457)
4(424 458 1614 1580)
4(457 1613 1614 458)
4(425 459 1615 1581)
4(458 1614 1615 459)
4(426 460 1616 1582)
4(459 1615 1616 460)
4(427 461 1617 1583)
4(460 1616 1617 461)
4(428 462 1618 1584)
4(461 1617 1618 462)
4(429 463 1619 1585)
4(462 1618 1619 463)
4(430 464 1620 1586)
4(463 1619 1620 464)
4(431 465 1621 1587)
4(464 1620 1621 465)
4(432 466 1622 1588)
4(465 1621 1622 466)
4(433 467 1623 1589)
4(466 1622 1623 467)
4(434 468 1624 1590)
4(467 1623 1624 468)
4(435 469 1625 1591)
4(468 1624 1625 469)
4(436 470 1626 1592)
4(469 1625 1626 470)
4(437 471 1627 1593)
4(470 1626 1627 471)
4(438 472 1628 1594)
4(471 1627 1628 472)
4(439 473 1629 1595)
4(472 1628 1629 473)
4(440 474 1630 1596)
4(473 1629 1630 474)
4(474 1630 1631 475)
4(443 477 1633 1599)
4(476 1632 1633 477)
4(444 478 1634 1600)
4(477 1633 1634 478)
4(445 479 1635 1601)
4(478 1634 1635 479)
4(446 480 1636 1602)
4(479 1635 1636 480)
4(447 481 1637 1603)
4(480 1636 1637 481)
4(448 482 1638 1604)
4(481 1637 1638 482)
4(449 483 1639 1605)
4(482 1638 1639 483)
4(450 484 1640 1606)
4(483 1639 1640 484)
4(451 485 1641 1607)
4(484 1640 1641 485)
4(452 486 1642 1608)
4(485 1641 1642 486)
4(453 487 1643 1609)
4(486 1642 1643 487)
4(454 488 1644 1610)
4(487 1643 1644 488)
4(455 489 1645 1611)
4(488 1644 1645 489)
4(456 490 1646 1612)
4(489 1645 1646 490)
4(457 491 1647 1613)
4(490 1646 1647 491)
4(458 492 1648 1614)
4(491 1647 1648 492)
4(459 493 1649 1615)
4(492 1648 1649 493)
4(460 494 1650 1616)
4(493 1649 1650 494)
4(461 495 1651 1617)
4(494 1650 1651 495)
4(462 496 1652 1618)
4(495 1651 1652 496)
4(463 497 1653 1619)
4(496 1652 1653 497)
4(464 498 1654 1620)
4(497 1653 1654 498)
4(465 499 1655 1621)
4(498 1654 1655 499)
4(466 500 1656 1622)
4(499 1655 1656 500)
4(467 501 1657 1623)
4(500 1656 1657 501)
4(468 502 1658 1624)
4(501 1657 1658 502)
4(469 503 1659 1625)
4(502 1658 1659 503)
4(470 504 1660 1626)
4(503 1659 1660 504)
4(471 505 1661 1627)
4(504 1660 1661 505)
4(472 506 1662 1628)
4(505 1661 1662 506)
4(473 507 1663 1629)
4(506 1662 1663 507)
4(474 508 1664 1630)
4(507 1663 1664 508)
4(508 1664 1665 509)
4(477 511 1667 1633)
4(510 1666 1667 511)
4(478 512 1668 1634)
4(511 1667 1668 512)
4(479 513 1669 1635)
4(512 1668 1669 513)
4(480 514 1670 1636)
4(513 1669 1670 514)
4(481 515 1671 1637)
4(514 1670 1671 515)
4(482 516 1672 1638)
4(515 1671 1672 516)
4(483 517 1673 1639)
4(516 1672 1673 517)
4(484 518 1674 1640)
4(517 1673 1674 518)
4(485 519 1675 1641)
4(518 1674 1675 519)
4(486 520 1676 1642)
4(519 1675 1676 520)
4(487 521 1677 1643)
4(520 1676 1677 521)
4(488 522 1678 1644)
4(521 1677 1678 522)
4(489 523 1679 1645)
4(522 1678 1679 523)
4(490 524 1680 1646)
4(523 1679 1680 524)
4(491 525 1681 1647)
4(524 1680 1681 525)
4(492 526 1682 1648)
4(525 1681 1682 526)
4(493 527 1683 1649)
4(526 1682 1683 527)
4(494 528 1684 1650)
4(527 1683 1684 528)
4(495 529 1685 1651)
4(528 1684 1685 529)
4(496 530 1686 1652)
4(529 1685 1686 530)
4(497 531 1687 1653)
4(530 1686 1687 531)
4(498 532 1688 1654)
4(531 1687 1688 532)
4(499 533 1689 1655)
4(532 1688 1689 533)
4(500 534 1690 1656)
4(533 1689 1690 534)
4(501 535 1691 1657)
4(534 1690 1691 535)
4(502 536 1692 1658)
4(535 1691 1692 536)
4(503 537 1693 1659)
4(536 1692 1693 537)
4(504 538 1694 1660)
4(537 1693 1694 538)
4(505 539 1695 1661)
4(538 1694 1695 539)
4(506 540 1696 1662)
4(539 1695 1696 540)
4(507 541 1697 1663)
4(540 1696 1697 541)
4(508 542 1698 1664)
4(541 1697 1698 542)
4(542 1698 1699 543)
4(511 545 1701 1667)
4(544 1700 1701 545)
4(512 546 1702 1668)
4(545 1701 1702 546)
4(513 547 1703 1669)
4(546 1702 1703 547)
4(514 548 1704 1670)
4(547 1703 1704 548)
4(515 549 1705 1671)
4(548 1704 1705 549)
4(516 550 1706 1672)
4(549 1705 1706 550)
4(517 551 1707 1673)
4(550 1706 1707 551)
4(518 552 1708 1674)
4(551 1707 1708 552)
4(519 553 1709 1675)
4(552 1708 1709 553)
4(520 554 1710 1676)
4(553 1709 1710 554)
4(521 555 1711 1677)
4(554 1710 1711 555)
4(522 556 1712 1678)
4(555 1711 1712 556)
4(523 557 1713 1679)
4(556 1712 1713 557)
4(524 558 1714 1680)
4(557 1713 1714 558)
4(525 559 1715 1681)
4(558 1714 1715 559)
4(526 560 1716 1682)
4(559 1715 1716 560)
4(527 561 1717 1683)
4(560 1716 1717 561)
4(528 562 1718 1684)
4(561 1717 1718 562)
4(529 563 1719 1685)
4(562 1718 1719 563)
4(530 564 1720 1686)
4(563 1719 1720 564)
4(531 565 1721 1687)
4(564 1720 1721 565)
4(532 566 1722 1688)
4(565 1721 1722 566)
4(533 567 1723 1689)
4(566 1722 1723 567)
4(534 568 1724 1690)
4(567 1723 1724 568)
4(535 569 1725 1691)
4(568 1724 1725 569)
4(536 570 1726 1692)
4(569 1725 1726 570)
4(537 571 1727 1693)
4(570 1726 1727 571)
4(538 572 1728 1694)
4(571 1727 1728 572)
4(539 573 1729 1695)
4(572 1728 1729 573)
4(540 574 1730 1696)
4(573 1729 1730 574)
4(541 575 1731 1697)
4(574 1730 1731 575)
4(542 576 1732 1698)
4(575 1731 1732 576)
4(576 1732 1733 577)
4(545 579 1735 1701)
4(578 1734 1735 579)
4(546 580 1736 1702)
4(579 1735 1736 580)
4(547 581 1737 1703)
4(580 1736 1737 581)
4(548 582 1738 1704)
4(581 1737 1738 582)
4(549 583 1739 1705)
4(582 1738 1739 583)
4(550 584 1740 1706)
4(583 1739 1740 584)
4(551 585 1741 1707)
4(584 1740 1741 585)
4(552 586 1742 1708)
4(585 1741 1742 586)
4(553 587 1743 1709)
4(586 1742 1743 587)
4(554 588 1744 1710)
4(587 1743 1744 588)
4(555 589 1745 1711)
4(588 1744 1745 589)
4(556 590 1746 1712)
4(589 1745 1746 590)
4(557 591 1747 1713)
4(590 1746 1747 591)
4(558 592 1748 1714)
4(591 1747 1748 592)
4(559 593 1749 1715)
4(592 1748 1749 593)
4(560 594 1750 1716)
4(593 1749 1750 594)
4(561 595 1751 1717)
4(594 1750 1751 595)
4(562 596 1752 1718)
4(595 1751 1752 596)
4(563 597 1753 1719)
4(596 1752 1753 597)
4(564 598 1754 1720)
4(597 1753 1754 598)
4(565 599 1755 1721)
4(598 1754 1755 599)
4(566 600 1756 1722)
4(599 1755 1756 600)
4(567 601 1757 1723)
4(600 1756 1757 601)
4(568 602 1758 1724)
4(601 1757 1758 602)
4(569 603 1759 1725)
4(602 1758 1759 603)
4(570 604 1760 1726)
4(603 1759 1760 604)
4(571 605 1761 1727)
4(604 1760 1761 605)
4(572 606 1762 1728)
4(605 1761 1762 606)
4(573 607 1763 1729)
4(606 1762 1763 607)
4(574 608 1764 1730)
4(607 1763 1764 608)
4(575 609 1765 1731)
4(608 1764 1765 609)
4(576 610 1766 1732)
4(609 1765 1766 610)
4(610 1766 1767 611)
4(579 613 1769 1735)
4(612 1768 1769 613)
4(580 614 1770 1736)
4(613 1769 1770 614)
4(581 615 1771 1737)
4(614 1770 1771 615)
4(582 616 1772 1738)
4(615 1771 1772 616)
4(583 617 1773 1739)
4(616 1772 1773 617)
4(584 618 1774 1740)
4(617 1773 1774 618)
4(585 619 1775 1741)
4(618 1774 1775 619)
4(586 620 1776 1742)
4(619 1775 1776 620)
4(587 621 1777 1743)
4(620 1776 1777 621)
4(588 622 1778 1744)
4(621 1777 1778 622)
4(589 623 1779 1745)
4(622 1778 1779 623)
4(590 624 1780 1746)
4(623 1779 1780 624)
4(591 625 1781 1747)
4(624 1780 1781 625)
4(592 626 1782 1748)
4(625 1781 1782 626)
4(593 627 1783 1749)
4(626 1782 1783 627)
4(594 628 1784 1750)
4(627 1783 1784 628)
4(595 629 1785 1751)
4(628 1784 1785 629)
4(596 630 1786 1752)
4(629 1785 1786 630)
4(597 631 1787 1753)
4(630 1786 1787 631)
4(598 632 1788 1754)
4(631 1787 1788 632)
4(599 633 1789 1755)
4(632 1788 1789 633)
4(600 634 1790 1756)
4(633 1789 1790 634)
4(601 635 1791 1757)
4(634 1790 1791 635)
4(602 636 1792 1758)
4(635 1791 1792 636)
4(603 637 1793 1759)
4(636 1792 1793 637)
4(604 638 1794 1760)
4(637 1793 1794 638)
4(605 639 1795 1761)
4(638 1794 1795 639)
4(606 640 1796 1762)
4(639 1795 1796 640)
4(607 641 1797 1763)
4(640 1796 1797 641)
4(608 642 1798 1764)
4(641 1797 1798 642)
4(609 643 1799 1765)
4(642 1798 1799 643)
4(610 644 1800 1766)
4(643 1799 1800 644)
4(644 1800 1801 645)
4(613 647 1803 1769)
4(646 1802 1803 647)
4(614 648 1804 1770)
4(647 1803 1804 648)
4(615 649 1805 1771)
4(648 1804 1805 649)
4(616 650 1806 1772)
4(649 1805 1806 650)
4(617 651 1807 1773)
4(650 1806 1807 651)
4(618 652 1808 1774)
4(651 1807 1808 652)
4(619 653 1809 1775)
4(652 1808 1809 653)
4(620 654 1810 1776)
4(653 1809 1810 654)
4(621 655 1811 1777)
4(654 1810 1811 655)
4(622 656 1812 1778)
4(655 1811 1812 656)
4(623 657 1813 1779)
4(656 1812 1813 657)
4(624 658 1814 1780)
4(657 1813 1814 658)
4(625 659 1815 1781)
4(658 1814 1815 659)
4(626 660 1816 1782)
4(659 1815 1816 660)
4(627 661 1817 1783)
4(660 1816 1817 661)
4(628 662 1818 1784)
4(661 1817 1818 662)
4(629 663 1819 1785)
4(662 1818 1819 663)
4(630 664 1820 1786)
4(663 1819 1820 664)
4(631 665 1821 1787)
4(664 1820 1821 665)
4(632 666 1822 1788)
4(665 1821 1822 666)
4(633 667 1823 1789)
4(666 1822 1823 667)
4(634 668 1824 1790)
4(667 1823 1824 668)
4(635 669 1825 1791)
4(668 1824 1825 669)
4(636 670 1826 1792)
4(669 1825 1826 670)
4(637 671 1827 1793)
4(670 1826 1827 671)
4(638 672 1828 1794)
4(671 1827 1828 672)
4(639 673 1829 1795)
4(672 1828 1829 673)
4(640 674 1830 1796)
4(673 1829 1830 674)
4(641 675 1831 1797)
4(674 1830 1831 675)
4(642 676 1832 1798)
4(675 1831 1832 676)
4(643 677 1833 1799)
4(676 1832 1833 677)
4(644 678 1834 1800)
4(677 1833 1834 678)
4(678 1834 1835 679)
4(647 681 1837 1803)
4(680 1836 1837 681)
4(648 682 1838 1804)
4(681 1837 1838 682)
4(649 683 1839 1805)
4(682 1838 1839 683)
4(650 684 1840 1806)
4(683 1839 1840 684)
4(651 685 1841 1807)
4(684 1840 1841 685)
4(652 686 1842 1808)
4(685 1841 1842 686)
4(653 687 1843 1809)
4(686 1842 1843 687)
4(654 688 1844 1810)
4(687 1843 1844 688)
4(655 689 1845 1811)
4(688 1844 1845 689)
4(656 690 1846 1812)
4(689 1845 1846 690)
4(657 691 1847 1813)
4(690 1846 1847 691)
4(658 692 1848 1814)
4(691 1847 1848 692)
4(659 693 1849 1815)
4(692 1848 1849 693)
4(660 694 1850 1816)
4(693 1849 1850 694)
4(661 695 1851 1817)
4(694 1850 1851 695)
4(662 696 1852 1818)
4(695 1851 1852 696)
4(663 697 1853 1819)
4(696 1852 1853 697)
4(664 698 1854 1820)
4(697 1853 1854 698)
4(665 699 1855 1821)
4(698 1854 1855 699)
4(666 700 1856 1822)
4(699 1855 1856 700)
4(667 701 1857 1823)
4(700 1856 1857 701)
4(668 702 1858 1824)
4(701 1857 1858 702)
4(669 703 1859 1825)
4(702 1858 1859 703)
4(670 704 1860 1826)
4(703 1859 1860 704)
4(671 705 1861 1827)
4(704 1860 1861 705)
4(672 706 1862 1828)
4(705 1861 1862 706)
4(673 707 1863 1829)
4(706 1862 1863 707)
4(674 708 1864 1830)
4(707 1863 1864 708)
4(675 709 1865 1831)
4(708 1864 1865 709)
4(676 710 1866 1832)
4(709 1865 1866 710)
4(677 711 1867 1833)
4(710 1866 1867 711)
4(678 712 1868 1834)
4(711 1867 1868 712)
4(712 1868 1869 713)
4(681 715 1871 1837)
4(714 1870 1871 715)
4(682 716 1872 1838)
4(715 1871 1872 716)
4(683 717 1873 1839)
4(716 1872 1873 717)
4(684 718 1874 1840)
4(717 1873 1874 718)
4(685 719 1875 1841)
4(718 1874 1875 719)
4(686 720 1876 1842)
4(719 1875 1876 720)
4(687 721 1877 1843)
4(720 1876 1877 721)
4(688 722 1878 1844)
4(721 1877 1878 722)
4(689 723 1879 1845)
4(722 1878 1879 723)
4(690 724 1880 1846)
4(723 1879 1880 724)
4(691 725 1881 1847)
4(724 1880 1881 725)
4(692 726 1882 1848)
4(725 1881 1882 726)
4(693 727 1883 1849)
4(726 1882 1883 727)
4(694 728 1884 1850)
4(727 1883 1884 728)
4(695 729 1885 1851)
4(728 1884 1885 729)
4(696 730 1886 1852)
4(729 1885 1886 730)
4(697 731 1887 1853)
4(730 1886 1887 731)
4(698 732 1888 1854)
4(731 1887 1888 732)
4(699 733 1889 1855)
4(732 1888 1889 733)
4(700 734 1890 1856)
4(733 1889 1890 734)
4(701 735 1891 1857)
4(734 1890 1891 735)
4(702 736 1892 1858)
4(735 1891 1892 736)
4(703 737 1893 1859)
4(736 1892 1893 737)
4(704 738 1894 1860)
4(737 1893 1894 738)
4(705 739 1895 1861)
4(738 1894 1895 739)
4(706 740 1896 1862)
4(739 1895 1896 740)
4(707 741 1897 1863)
4(740 1896 1897 741)
4(708 742 1898 1864)
4(741 1897 1898 742)
4(709 743 1899 1865)
4(742 1898 1899 743)
4(710 744 1900 1866)
4(743 1899 1900 744)
4(711 745 1901 1867)
4(744 1900 1901 745)
4(712 746 1902 1868)
4(745 1901 1902 746)
4(746 1902 1903 747)
4(715 749 1905 1871)
4(748 1904 1905 749)
4(716 750 1906 1872)
4(749 1905 1906 750)
4(717 751 1907 1873)
4(750 1906 1907 751)
4(718 752 1908 1874)
4(751 1907 1908 752)
4(719 753 1909 1875)
4(752 1908 1909 753)
4(720 754 1910 1876)
4(753 1909 1910 754)
4(721 755 1911 1877)
4(754 1910 1911 755)
4(722 756 1912 1878)
4(755 1911 1912 756)
4(723 757 1913 1879)
4(756 1912 1913 757)
4(724 758 1914 1880)
4(757 1913 1914 758)
4(725 759 1915 1881)
4(758 1914 1915 759)
4(726 760 1916 1882)
4(759 1915 1916 760)
4(727 761 1917 1883)
4(760 1916 1917 761)
4(728 762 1918 1884)
4(761 1917 1918 762)
4(729 763 1919 1885)
4(762 1918 1919 763)
4(730 764 1920 1886)
4(763 1919 1920 764)
4(731 765 1921 1887)
4(764 1920 1921 765)
4(732 766 1922 1888)
4(765 1921 1922 766)
4(733 767 1923 1889)
4(766 1922 1923 767)
4(734 768 1924 1890)
4(767 1923 1924 768)
4(735 769 1925 1891)
4(768 1924 1925 769)
4(736 770 1926 1892)
4(769 1925 1926 770)
4(737 771 1927 1893)
4(770 1926 1927 771)
4(738 772 1928 1894)
4(771 1927 1928 772)
4(739 773 1929 1895)
4(772 1928 1929 773)
4(740 774 1930 1896)
4(773 1929 1930 774)
4(741 775 1931 1897)
4(774 1930 1931 775)
4(742 776 1932 1898)
4(775 1931 1932 776)
4(743 777 1933 1899)
4(776 1932 1933 777)
4(744 778 1934 1900)
4(777 1933 1934 778)
4(745 779 1935 1901)
4(778 1934 1935 779)
4(746 780 1936 1902)
4(779 1935 1936 780)
4(780 1936 1937 781)
4(749 783 1939 1905)
4(782 1938 1939 783)
4(750 784 1940 1906)
4(783 1939 1940 784)
4(751 785 1941 1907)
4(784 1940 1941 785)
4(752 786 1942 1908)
4(785 1941 1942 786)
4(753 787 1943 1909)
4(786 1942 1943 787)
4(754 788 1944 1910)
4(787 1943 1944 788)
4(755 789 1945 1911)
4(788 1944 1945 789)
4(756 790 1946 1912)
4(789 1945 1946 790)
4(757 791 1947 1913)
4(790 1946 1947 791)
4(758 792 1948 1914)
4(791 1947 1948 792)
4(759 793 1949 1915)
4(792 1948 1949 793)
4(760 794 1950 1916)
4(793 1949 1950 794)
4(761 795 1951 1917)
4(794 1950 1951 795)
4(762 796 1952 1918)
4(795 1951 1952 796)
4(763 797 1953 1919)
4(796 1952 1953 797)
4(764 798 1954 1920)
4(797 1953 1954 798)
4(765 799 1955 1921)
4(798 1954 1955 799)
4(766 800 1956 1922)
4(799 1955 1956 800)
4(767 801 1957 1923)
4(800 1956 1957 801)
4(768 802 1958 1924)
4(801 1957 1958 802)
4(769 803 1959 1925)
4(802 1958 1959 803)
4(770 804 1960 1926)
4(803 1959 1960 804)
4(771 805 1961 1927)
4(804 1960 1961 805)
4(772 806 1962 1928)
4(805 1961 1962 806)
4(773 807 1963 1929)
4(806 1962 1963 807)
4(774 808 1964 1930)
4(807 1963 1964 808)
4(775 809 1965 1931)
4(808 1964 1965 809)
4(776 810 1966 1932)
4(809 1965 1966 810)
4(777 811 1967 1933)
4(810 1966 1967 811)
4(778 812 1968 1934)
4(811 1967 1968 812)
4(779 813 1969 1935)
4(812 1968 1969 813)
4(780 814 1970 1936)
4(813 1969 1970 814)
4(814 1970 1971 815)
4(783 817 1973 1939)
4(816 1972 1973 817)
4(784 818 1974 1940)
4(817 1973 1974 818)
4(785 819 1975 1941)
4(818 1974 1975 819)
4(786 820 1976 1942)
4(819 1975 1976 820)
4(787 821 1977 1943)
4(820 1976 1977 821)
4(788 822 1978 1944)
4(821 1977 1978 822)
4(789 823 1979 1945)
4(822 1978 1979 823)
4(790 824 1980 1946)
4(823 1979 1980 824)
4(791 825 1981 1947)
4(824 1980 1981 825)
4(792 826 1982 1948)
4(825 1981 1982 826)
4(793 827 1983 1949)
4(826 1982 1983 827)
4(794 828 1984 1950)
4(827 1983 1984 828)
4(795 829 1985 1951)
4(828 1984 1985 829)
4(796 830 1986 1952)
4(829 1985 1986 830)
4(797 831 1987 1953)
4(830 1986 1987 831)
4(798 832 1988 1954)
4(831 1987 1988 832)
4(799 833 1989 1955)
4(832 1988 1989 833)
4(800 834 1990 1956)
4(833 1989 1990 834)
4(801 835 1991 1957)
4(834 1990 1991 835)
4(802 836 1992 1958)
4(835 1991 1992 836)
4(803 837 1993 1959)
4(836 1992 1993 837)
4(804 838 1994 1960)
4(837 1993 1994 838)
4(805 839 1995 1961)
4(838 1994 1995 839)
4(806 840 1996 1962)
4(839 1995 1996 840)
4(807 841 1997 1963)
4(840 1996 1997 841)
4(808 842 1998 1964)
4(841 1997 1998 842)
4(809 843 1999 1965)
4(842 1998 1999 843)
4(810 844 2000 1966)
4(843 1999 2000 844)
4(811 845 2001 1967)
4(844 2000 2001 845)
4(812 846 2002 1968)
4(845 2001 2002 846)
4(813 847 2003 1969)
4(846 2002 2003 847)
4(814 848 2004 1970)
4(847 2003 2004 848)
4(848 2004 2005 849)
4(817 851 2007 1973)
4(850 2006 2007 851)
4(818 852 2008 1974)
4(851 2007 2008 852)
4(819 853 2009 1975)
4(852 2008 2009 853)
4(820 854 2010 1976)
4(853 2009 2010 854)
4(821 855 2011 1977)
4(854 2010 2011 855)
4(822 856 2012 1978)
4(855 2011 2012 856)
4(823 857 2013 1979)
4(856 2012 2013 857)
4(824 858 2014 1980)
4(857 2013 2014 858)
4(825 859 2015 1981)
4(858 2014 2015 859)
4(826 860 2016 1982)
4(859 2015 2016 860)
4(827 861 2017 1983)
4(860 2016 2017 861)
4(828 862 2018 1984)
4(861 2017 2018 862)
4(829 863 2019 1985)
4(862 2018 2019 863)
4(830 864 2020 1986)
4(863 2019 2020 864)
4(831 865 2021 1987)
4(864 2020 2021 865)
4(832 866 2022 1988)
4(865 2021 2022 866)
4(833 867 2023 1989)
4(866 2022 2023 867)
4(834 868 2024 1990)
4(867 2023 2024 868)
4(835 869 2025 1991)
4(868 2024 2025 869)
4(836 870 2026 1992)
4(869 2025 2026 870)
4(837 871 2027 1993)
4(870 2026 2027 871)
4(838 872 2028 1994)
4(871 2027 2028 872)
4(839 873 2029 1995)
4(872 2028 2029 873)
4(840 874 2030 1996)
4(873 2029 2030 874)
4(841 875 2031 1997)
4(874 2030 2031 875)
4(842 876 2032 1998)
4(875 2031 2032 876)
4(843 877 2033 1999)
4(876 2032 2033 877)
4(844 878 2034 2000)
4(877 2033 2034 878)
4(845 879 2035 2001)
4(878 2034 2035 879)
4(846 880 2036 2002)
4(879 2035 2036 880)
4(847 881 2037 2003)
4(880 2036 2037 881)
4(848 882 2038 2004)
4(881 2037 2038 882)
4(882 2038 2039 883)
4(851 885 2041 2007)
4(884 2040 2041 885)
4(852 886 2042 2008)
4(885 2041 2042 886)
4(853 887 2043 2009)
4(886 2042 2043 887)
4(854 888 2044 2010)
4(887 2043 2044 888)
4(855 889 2045 2011)
4(888 2044 2045 889)
4(856 890 2046 2012)
4(889 2045 2046 890)
4(857 891 2047 2013)
4(890 2046 2047 891)
4(858 892 2048 2014)
4(891 2047 2048 892)
4(859 893 2049 2015)
4(892 2048 2049 893)
4(860 894 2050 2016)
4(893 2049 2050 894)
4(861 895 2051 2017)
4(894 2050 2051 895)
4(862 896 2052 2018)
4(895 2051 2052 896)
4(863 897 2053 2019)
4(896 2052 2053 897)
4(864 898 2054 2020)
4(897 2053 2054 898)
4(865 899 2055 2021)
4(898 2054 2055 899)
4(866 900 2056 2022)
4(899 2055 2056 900)
4(867 901 2057 2023)
4(900 2056 2057 901)
4(868 902 2058 2024)
4(901 2057 2058 902)
4(869 903 2059 2025)
4(902 2058 2059 903)
4(870 904 2060 2026)
4(903 2059 2060 904)
4(871 905 2061 2027)
4(904 2060 2061 905)
4(872 906 2062 2028)
4(905 2061 2062 906)
4(873 907 2063 2029)
4(906 2062 2063 907)
4(874 908 2064 2030)
4(907 2063 2064 908)
4(875 909 2065 2031)
4(908 2064 2065 909)
4(876 910 2066 2032)
4(909 2065 2066 910)
4(877 911 2067 2033)
4(910 2066 2067 911)
4(878 912 2068 2034)
4(911 2067 2068 912)
4(879 913 2069 2035)
4(912 2068 2069 913)
4(880 914 2070 2036)
4(913 2069 2070 914)
4(881 915 2071 2037)
4(914 2070 2071 915)
4(882 916 2072 2038)
4(915 2071 2072 916)
4(916 2072 2073 917)
4(885 919 2075 2041)
4(918 2074 2075 919)
4(886 920 2076 2042)
4(919 2075 2076 920)
4(887 921 2077 2043)
4(920 2076 2077 921)
4(888 922 2078 2044)
4(921 2077 2078 922)
4(889 923 2079 2045)
4(922 2078 2079 923)
4(890 924 2080 2046)
4(923 2079 2080 924)
4(891 925 2081 2047)
4(924 2080 2081 925)
4(892 926 2082 2048)
4(925 2081 2082 926)
4(893 927 2083 2049)
4(926 2082 2083 927)
4(894 928 2084 2050)
4(927 2083 2084 928)
4(895 929 2085 2051)
4(928 2084 2085 929)
4(896 930 2086 2052)
4(929 2085 2086 930)
4(897 931 2087 2053)
4(930 2086 2087 931)
4(898 932 2088 2054)
4(931 2087 2088 932)
4(899 933 2089 2055)
4(932 2088 2089 933)
4(900 934 2090 2056)
4(933 2089 2090 934)
4(901 935 2091 2057)
4(934 2090 2091 935)
4(902 936 2092 2058)
4(935 2091 2092 936)
4(903 937 2093 2059)
4(936 2092 2093 937)
4(904 938 2094 2060)
4(937 2093 2094 938)
4(905 939 2095 2061)
4(938 2094 2095 939)
4(906 940 2096 2062)
4(939 2095 2096 940)
4(907 941 2097 2063)
4(940 2096 2097 941)
4(908 942 2098 2064)
4(941 2097 2098 942)
4(909 943 2099 2065)
4(942 2098 2099 943)
4(910 944 2100 2066)
4(943 2099 2100 944)
4(911 945 2101 2067)
4(944 2100 2101 945)
4(912 946 2102 2068)
4(945 2101 2102 946)
4(913 947 2103 2069)
4(946 2102 2103 947)
4(914 948 2104 2070)
4(947 2103 2104 948)
4(915 949 2105 2071)
4(948 2104 2105 949)
4(916 950 2106 2072)
4(949 2105 2106 950)
4(950 2106 2107 951)
4(919 953 2109 2075)
4(952 2108 2109 953)
4(920 954 2110 2076)
4(953 2109 2110 954)
4(921 955 2111 2077)
4(954 2110 2111 955)
4(922 956 2112 2078)
4(955 2111 2112 956)
4(923 957 2113 2079)
4(956 2112 2113 957)
4(924 958 2114 2080)
4(957 2113 2114 958)
4(925 959 2115 2081)
4(958 2114 2115 959)
4(926 960 2116 2082)
4(959 2115 2116 960)
4(927 961 2117 2083)
4(960 2116 2117 961)
4(928 962 2118 2084)
4(961 2117 2118 962)
4(929 963 2119 2085)
4(962 2118 2119 963)
4(930 964 2120 2086)
4(963 2119 2120 964)
4(931 965 2121 2087)
4(964 2120 2121 965)
4(932 966 2122 2088)
4(965 2121 2122 966)
4(933 967 2123 2089)
4(966 2122 2123 967)
4(934 968 2124 2090)
4(967 2123 2124 968)
4(935 969 2125 2091)
4(968 2124 2125 969)
4(936 970 2126 2092)
4(969 2125 2126 970)
4(937 971 2127 2093)
4(970 2126 2127 971)
4(938 972 2128 2094)
4(971 2127 2128 972)
4(939 973 2129 2095)
4(972 2128 2129 973)
4(940 974 2130 2096)
4(973 2129 2130 974)
4(941 975 2131 2097)
4(974 2130 2131 975)
4(942 976 2132 2098)
4(975 2131 2132 976)
4(943 977 2133 2099)
4(976 2132 2133 977)
4(944 978 2134 2100)
4(977 2133 2134 978)
4(945 979 2135 2101)
4(978 2134 2135 979)
4(946 980 2136 2102)
4(979 2135 2136 980)
4(947 981 2137 2103)
4(980 2136 2137 981)
4(948 982 2138 2104)
4(981 2137 2138 982)
4(949 983 2139 2105)
4(982 2138 2139 983)
4(950 984 2140 2106)
4(983 2139 2140 984)
4(984 2140 2141 985)
4(953 987 2143 2109)
4(986 2142 2143 987)
4(954 988 2144 2110)
4(987 2143 2144 988)
4(955 989 2145 2111)
4(988 2144 2145 989)
4(956 990 2146 2112)
4(989 2145 2146 990)
4(957 991 2147 2113)
4(990 2146 2147 991)
4(958 992 2148 2114)
4(991 2147 2148 992)
4(959 993 2149 2115)
4(992 2148 2149 993)
4(960 994 2150 2116)
4(993 2149 2150 994)
4(961 995 2151 2117)
4(994 2150 2151 995)
4(962 996 2152 2118)
4(995 2151 2152 996)
4(963 997 2153 2119)
4(996 2152 2153 997)
4(964 998 2154 2120)
4(997 2153 2154 998)
4(965 999 2155 2121)
4(998 2154 2155 999)
4(966 1000 2156 2122)
4(999 2155 2156 1000)
4(967 1001 2157 2123)
4(1000 2156 2157 1001)
4(968 1002 2158 2124)
4(1001 2157 2158 1002)
4(969 1003 2159 2125)
4(1002 2158 2159 1003)
4(970 1004 2160 2126)
4(1003 2159 2160 1004)
4(971 1005 2161 2127)
4(1004 2160 2161 1005)
4(972 1006 2162 2128)
4(1005 2161 2162 1006)
4(973 1007 2163 2129)
4(1006 2162 2163 1007)
4(974 1008 2164 2130)
4(1007 2163 2164 1008)
4(975 1009 2165 2131)
4(1008 2164 2165 1009)
4(976 1010 2166 2132)
4(1009 2165 2166 1010)
4(977 1011 2167 2133)
4(1010 2166 2167 1011)
4(978 1012 2168 2134)
4(1011 2167 2168 1012)
4(979 1013 2169 2135)
4(1012 2168 2169 1013)
4(980 1014 2170 2136)
4(1013 2169 2170 1014)
4(981 1015 2171 2137)
4(1014 2170 2171 1015)
4(982 1016 2172 2138)
4(1015 2171 2172 1016)
4(983 1017 2173 2139)
4(1016 2172 2173 1017)
4(984 1018 2174 2140)
4(1017 2173 2174 1018)
4(1018 2174 2175 1019)
4(987 1021 2177 2143)
4(1020 2176 2177 1021)
4(988 1022 2178 2144)
4(1021 2177 2178 1022)
4(989 1023 2179 2145)
4(1022 2178 2179 1023)
4(990 1024 2180 2146)
4(1023 2179 2180 1024)
4(991 1025 2181 2147)
4(1024 2180 2181 1025)
4(992 1026 2182 2148)
4(1025 2181 2182 1026)
4(993 1027 2183 2149)
4(1026 2182 2183 1027)
4(994 1028 2184 2150)
4(1027 2183 2184 1028)
4(995 1029 2185 2151)
4(1028 2184 2185 1029)
4(996 1030 2186 2152)
4(1029 2185 2186 1030)
4(997 1031 2187 2153)
4(1030 2186 2187 1031)
4(998 1032 2188 2154)
4(1031 2187 2188 1032)
4(999 1033 2189 2155)
4(1032 2188 2189 1033)
4(1000 1034 2190 2156)
4(1033 2189 2190 1034)
4(1001 1035 2191 2157)
4(1034 2190 2191 1035)
4(1002 1036 2192 2158)
4(1035 2191 2192 1036)
4(1003 1037 2193 2159)
4(1036 2192 2193 1037)
4(1004 1038 2194 2160)
4(1037 2193 2194 1038)
4(1005 1039 2195 2161)
4(1038 2194 2195 1039)
4(1006 1040 2196 2162)
4(1039 2195 2196 1040)
4(1007 1041 2197 2163)
4(1040 2196 2197 1041)
4(1008 1042 2198 2164)
4(1041 2197 2198 1042)
4(1009 1043 2199 2165)
4(1042 2198 2199 1043)
4(1010 1044 2200 2166)
4(1043 2199 2200 1044)
4(1011 1045 2201 2167)
4(1044 2200 2201 1045)
4(1012 1046 2202 2168)
4(1045 2201 2202 1046)
4(1013 1047 2203 2169)
4(1046 2202 2203 1047)
4(1014 1048 2204 2170)
4(1047 2203 2204 1048)
4(1015 1049 2205 2171)
4(1048 2204 2205 1049)
4(1016 1050 2206 2172)
4(1049 2205 2206 1050)
4(1017 1051 2207 2173)
4(1050 2206 2207 1051)
4(1018 1052 2208 2174)
4(1051 2207 2208 1052)
4(1052 2208 2209 1053)
4(1021 1055 2211 2177)
4(1054 2210 2211 1055)
4(1022 1056 2212 2178)
4(1055 2211 2212 1056)
4(1023 1057 2213 2179)
4(1056 2212 2213 1057)
4(1024 1058 2214 2180)
4(1057 2213 2214 1058)
4(1025 1059 2215 2181)
4(1058 2214 2215 1059)
4(1026 1060 2216 2182)
4(1059 2215 2216 1060)
4(1027 1061 2217 2183)
4(1060 2216 2217 1061)
4(1028 1062 2218 2184)
4(1061 2217 2218 1062)
4(1029 1063 2219 2185)
4(1062 2218 2219 1063)
4(1030 1064 2220 2186)
4(1063 2219 2220 1064)
4(1031 1065 2221 2187)
4(1064 2220 2221 1065)
4(1032 1066 2222 2188)
4(1065 2221 2222 1066)
4(1033 1067 2223 2189)
4(1066 2222 2223 1067)
4(1034 1068 2224 2190)
4(1067 2223 2224 1068)
4(1035 1069 2225 2191)
4(1068 2224 2225 1069)
4(1036 1070 2226 2192)
4(1069 2225 2226 1070)
4(1037 1071 2227 2193)
4(1070 2226 2227 1071)
4(1038 1072 2228 2194)
4(1071 2227 2228 1072)
4(1039 1073 2229 2195)
4(1072 2228 2229 1073)
4(1040 1074 2230 2196)
4(1073 2229 2230 1074)
4(1041 1075 2231 2197)
4(1074 2230 2231 1075)
4(1042 1076 2232 2198)
4(1075 2231 2232 1076)
4(1043 1077 2233 2199)
4(1076 2232 2233 1077)
4(1044 1078 2234 2200)
4(1077 2233 2234 1078)
4(1045 1079 2235 2201)
4(1078 2234 2235 1079)
4(1046 1080 2236 2202)
4(1079 2235 2236 1080)
4(1047 1081 2237 2203)
4(1080 2236 2237 1081)
4(1048 1082 2238 2204)
4(1081 2237 2238 1082)
4(1049 1083 2239 2205)
4(1082 2238 2239 1083)
4(1050 1084 2240 2206)
4(1083 2239 2240 1084)
4(1051 1085 2241 2207)
4(1084 2240 2241 1085)
4(1052 1086 2242 2208)
4(1085 2241 2242 1086)
4(1086 2242 2243 1087)
4(1055 1089 2245 2211)
4(1088 2244 2245 1089)
4(1056 1090 2246 2212)
4(1089 2245 2246 1090)
4(1057 1091 2247 2213)
4(1090 2246 2247 1091)
4(1058 1092 2248 2214)
4(1091 2247 2248 1092)
4(1059 1093 2249 2215)
4(1092 2248 2249 1093)
4(1060 1094 2250 2216)
4(1093 2249 2250 1094)
4(1061 1095 2251 2217)
4(1094 2250 2251 1095)
4(1062 1096 2252 2218)
4(1095 2251 2252 1096)
4(1063 1097 2253 2219)
4(1096 2252 2253 1097)
4(1064 1098 2254 2220)
4(1097 2253 2254 1098)
4(1065 1099 2255 2221)
4(1098 2254 2255 1099)
4(1066 1100 2256 2222)
4(1099 2255 2256 1100)
4(1067 1101 2257 2223)
4(1100 2256 2257 1101)
4(1068 1102 2258 2224)
4(1101 2257 2258 1102)
4(1069 1103 2259 2225)
4(1102 2258 2259 1103)
4(1070 1104 2260 2226)
4(1103 2259 2260 1104)
4(1071 1105 2261 2227)
4(1104 2260 2261 1105)
4(1072 1106 2262 2228)
4(1105 2261 2262 1106)
4(1073 1107 2263 2229)
4(1106 2262 2263 1107)
4(1074 1108 2264 2230)
4(1107 2263 2264 1108)
4(1075 1109 2265 2231)
4(1108 2264 2265 1109)
4(1076 1110 2266 2232)
4(1109 2265 2266 1110)
4(1077 1111 2267 2233)
4(1110 2266 2267 1111)
4(1078 1112 2268 2234)
4(1111 2267 2268 1112)
4(1079 1113 2269 2235)
4(1112 2268 2269 1113)
4(1080 1114 2270 2236)
4(1113 2269 2270 1114)
4(1081 1115 2271 2237)
4(1114 2270 2271 1115)
4(1082 1116 2272 2238)
4(1115 2271 2272 1116)
4(1083 1117 2273 2239)
4(1116 2272 2273 1117)
4(1084 1118 2274 2240)
4(1117 2273 2274 1118)
4(1085 1119 2275 2241)
4(1118 2274 2275 1119)
4(1086 1120 2276 2242)
4(1119 2275 2276 1120)
4(1120 2276 2277 1121)
4(1089 1123 2279 2245)
4(1090 1124 2280 2246)
4(1091 1125 2281 2247)
4(1092 1126 2282 2248)
4(1093 1127 2283 2249)
4(1094 1128 2284 2250)
4(1095 1129 2285 2251)
4(1096 1130 2286 2252)
4(1097 1131 2287 2253)
4(1098 1132 2288 2254)
4(1099 1133 2289 2255)
4(1100 1134 2290 2256)
4(1101 1135 2291 2257)
4(1102 1136 2292 2258)
4(1103 1137 2293 2259)
4(1104 1138 2294 2260)
4(1105 1139 2295 2261)
4(1106 1140 2296 2262)
4(1107 1141 2297 2263)
4(1108 1142 2298 2264)
4(1109 1143 2299 2265)
4(1110 1144 2300 2266)
4(1111 1145 2301 2267)
4(1112 1146 2302 2268)
4(1113 1147 2303 2269)
4(1114 1148 2304 2270)
4(1115 1149 2305 2271)
4(1116 1150 2306 2272)
4(1117 1151 2307 2273)
4(1118 1152 2308 2274)
4(1119 1153 2309 2275)
4(1120 1154 2310 2276)
4(1122 2278 2279 1123)
4(1123 2279 2280 1124)
4(1124 2280 2281 1125)
4(1125 2281 2282 1126)
4(1126 2282 2283 1127)
4(1127 2283 2284 1128)
4(1128 2284 2285 1129)
4(1129 2285 2286 1130)
4(1130 2286 2287 1131)
4(1131 2287 2288 1132)
4(1132 2288 2289 1133)
4(1133 2289 2290 1134)
4(1134 2290 2291 1135)
4(1135 2291 2292 1136)
4(1136 2292 2293 1137)
4(1137 2293 2294 1138)
4(1138 2294 2295 1139)
4(1139 2295 2296 1140)
4(1140 2296 2297 1141)
4(1141 2297 2298 1142)
4(1142 2298 2299 1143)
4(1143 2299 2300 1144)
4(1144 2300 2301 1145)
4(1145 2301 2302 1146)
4(1146 2302 2303 1147)
4(1147 2303 2304 1148)
4(1148 2304 2305 1149)
4(1149 2305 2306 1150)
4(1150 2306 2307 1151)
4(1151 2307 2308 1152)
4(1152 2308 2309 1153)
4(1153 2309 2310 1154)
4(1154 2310 2311 1155)
4(0 1156 1190 34)
4(34 1190 1224 68)
4(68 1224 1258 102)
4(102 1258 1292 136)
4(136 1292 1326 170)
4(170 1326 1360 204)
4(204 1360 1394 238)
4(238 1394 1428 272)
4(272 1428 1462 306)
4(306 1462 1496 340)
4(340 1496 1530 374)
4(374 1530 1564 408)
4(408 1564 1598 442)
4(442 1598 1632 476)
4(476 1632 1666 510)
4(510 1666 1700 544)
4(544 1700 1734 578)
4(578 1734 1768 612)
4(612 1768 1802 646)
4(646 1802 1836 680)
4(680 1836 1870 714)
4(714 1870 1904 748)
4(748 1904 1938 782)
4(782 1938 1972 816)
4(816 1972 2006 850)
4(850 2006 2040 884)
4(884 2040 2074 918)
4(918 2074 2108 952)
4(952 2108 2142 986)
4(986 2142 2176 1020)
4(1020 2176 2210 1054)
4(1054 2210 2244 1088)
4(1088 2244 2278 1122)
4(33 67 1223 1189)
4(67 101 1257 1223)
4(101 135 1291 1257)
4(135 169 1325 1291)
4(169 203 1359 1325)
4(203 237 1393 1359)
4(237 271 1427 1393)
4(271 305 1461 1427)
4(305 339 1495 1461)
4(339 373 1529 1495)
4(373 407 1563 1529)
4(407 441 1597 1563)
4(441 475 1631 1597)
4(475 509 1665 1631)
4(509 543 1699 1665)
4(543 577 1733 1699)
4(577 611 1767 1733)
4(611 645 1801 1767)
4(645 679 1835 1801)
4(679 713 1869 1835)
4(713 747 1903 1869)
4(747 781 1937 1903)
4(781 815 1971 1937)
4(815 849 2005 1971)
4(849 883 2039 2005)
4(883 917 2073 2039)
4(917 951 2107 2073)
4(951 985 2141 2107)
4(985 1019 2175 2141)
4(1019 1053 2209 2175)
4(1053 1087 2243 2209)
4(1087 1121 2277 2243)
4(1121 1155 2311 2277)
4(0 1 1157 1156)
4(1 2 1158 1157)
4(2 3 1159 1158)
4(3 4 1160 1159)
4(4 5 1161 1160)
4(5 6 1162 1161)
4(6 7 1163 1162)
4(7 8 1164 1163)
4(8 9 1165 1164)
4(9 10 1166 1165)
4(10 11 1167 1166)
4(11 12 1168 1167)
4(12 13 1169 1168)
4(13 14 1170 1169)
4(14 15 1171 1170)
4(15 16 1172 1171)
4(16 17 1173 1172)
4(17 18 1174 1173)
4(18 19 1175 1174)
4(19 20 1176 1175)
4(20 21 1177 1176)
4(21 22 1178 1177)
4(22 23 1179 1178)
4(23 24 1180 1179)
4(24 25 1181 1180)
4(25 26 1182 1181)
4(26 27 1183 1182)
4(27 28 1184 1183)
4(28 29 1185 1184)
4(29 30 1186 1185)
4(30 31 1187 1186)
4(31 32 1188 1187)
4(32 33 1189 1188)
4(0 34 35 1)
4(34 68 69 35)
4(68 102 103 69)
4(102 136 137 103)
4(136 170 171 137)
4(170 204 205 171)
4(204 238 239 205)
4(238 272 273 239)
4(272 306 307 273)
4(306 340 341 307)
4(340 374 375 341)
4(374 408 409 375)
4(408 442 443 409)
4(442 476 477 443)
4(476 510 511 477)
4(510 544 545 511)
4(544 578 579 545)
4(578 612 613 579)
4(612 646 647 613)
4(646 680 681 647)
4(680 714 715 681)
4(714 748 749 715)
4(748 782 783 749)
4(782 816 817 783)
4(816 850 851 817)
4(850 884 885 851)
4(884 918 919 885)
4(918 952 953 919)
4(952 986 987 953)
4(986 1020 1021 987)
4(1020 1054 1055 1021)
4(1054 1088 1089 1055)
4(1088 1122 1123 1089)
4(1 35 36 2)
4(35 69 70 36)
4(69 103 104 70)
4(103 137 138 104)
4(137 171 172 138)
4(171 205 206 172)
4(205 239 240 206)
4(239 273 274 240)
4(273 307 308 274)
4(307 341 342 308)
4(341 375 376 342)
4(375 409 410 376)
4(409 443 444 410)
4(443 477 478 444)
4(477 511 512 478)
4(511 545 546 512)
4(545 579 580 546)
4(579 613 614 580)
4(613 647 648 614)
4(647 681 682 648)
4(681 715 716 682)
4(715 749 750 716)
4(749 783 784 750)
4(783 817 818 784)
4(817 851 852 818)
4(851 885 886 852)
4(885 919 920 886)
4(919 953 954 920)
4(953 987 988 954)
4(987 1021 1022 988)
4(1021 1055 1056 1022)
4(1055 1089 1090 1056)
4(1089 1123 1124 1090)
4(2 36 37 3)
4(36 70 71 37)
4(70 104 105 71)
4(104 138 139 105)
4(138 172 173 139)
4(172 206 207 173)
4(206 240 241 207)
4(240 274 275 241)
4(274 308 309 275)
4(308 342 343 309)
4(342 376 377 343)
4(376 410 411 377)
4(410 444 445 411)
4(444 478 479 445)
4(478 512 513 479)
4(512 546 547 513)
4(546 580 581 547)
4(580 614 615 581)
4(614 648 649 615)
4(648 682 683 649)
4(682 716 717 683)
4(716 750 751 717)
4(750 784 785 751)
4(784 818 819 785)
4(818 852 853 819)
4(852 886 887 853)
4(886 920 921 887)
4(920 954 955 921)
4(954 988 989 955)
4(988 1022 1023 989)
4(1022 1056 1057 1023)
4(1056 1090 1091 1057)
4(1090 1124 1125 1091)
4(3 37 38 4)
4(37 71 72 38)
4(71 105 106 72)
4(105 139 140 106)
4(139 173 174 140)
4(173 207 208 174)
4(207 241 242 208)
4(241 275 276 242)
4(275 309 310 276)
4(309 343 344 310)
4(343 377 378 344)
4(377 411 412 378)
4(411 445 446 412)
4(445 479 480 446)
4(479 513 514 480)
4(513 547 548 514)
4(547 581 582 548)
4(581 615 616 582)
4(615 649 650 616)
4(649 683 684 650)
4(683 717 718 684)
4(717 751 752 718)
4(751 785 786 752)
4(785 819 820 786)
4(819 853 854 820)
4(853 887 888 854)
4(887 921 922 888)
4(921 955 956 922)
4(955 989 990 956)
4(989 1023 1024 990)
4(1023 1057 1058 1024)
4(1057 1091 1092 1058)
4(1091 1125 1126 1092)
4(4 38 39 5)
4(38 72 73 39)
4(72 106 107 73)
4(106 140 141 107)
4(140 174 175 141)
4(174 208 209 175)
4(208 242 243 209)
4(242 276 277 243)
4(276 310 311 277)
4(310 344 345 311)
4(344 378 379 345)
4(378 412 413 379)
4(412 446 447 413)
4(446 480 481 447)
4(480 514 515 481)
4(514 548 549 515)
4(548 582 583 549)
4(582 616 617 583)
4(616 650 651 617)
4(650 684 685 651)
4(684 718 719 685)
4(718 752 753 719)
4(752 786 787 753)
4(786 820 821 787)
4(820 854 855 821)
4(854 888 889 855)
4(888 922 923 889)
4(922 956 957 923)
4(956 990 991 957)
4(990 1024 1025 991)
4(1024 1058 1059 1025)
4(1058 1092 1093 1059)
4(1092 1126 1127 1093)
4(5 39 40 6)
4(39 73 74 40)
4(73 107 108 74)
4(107 141 142 108)
4(141 175 176 142)
4(175 209 210 176)
4(209 243 244 210)
4(243 277 278 244)
4(277 311 312 278)
4(311 345 346 312)
4(345 379 380 346)
4(379 413 414 380)
4(413 447 448 414)
4(447 481 482 448)
4(481 515 516 482)
4(515 549 550 516)
4(549 583 584 550)
4(583 617 618 584)
4(617 651 652 618)
4(651 685 686 652)
4(685 719 720 686)
4(719 753 754 720)
4(753 787 788 754)
4(787 821 822 788)
4(821 855 856 822)
4(855 889 890 856)
4(889 923 924 890)
4(923 957 958 924)
4(957 991 992 958)
4(991 1025 1026 992)
4(1025 1059 1060 1026)
4(1059 1093 1094 1060)
4(1093 1127 1128 1094)
4(6 40 41 7)
4(40 74 75 41)
4(74 108 109 75)
4(108 142 143 109)
4(142 176 177 143)
4(176 210 211 177)
4(210 244 245 211)
4(244 278 279 245)
4(278 312 313 279)
4(312 346 347 313)
4(346 380 381 347)
4(380 414 415 381)
4(414 448 449 415)
4(448 482 483 449)
4(482 516 517 483)
4(516 550 551 517)
4(550 584 585 551)
4(584 618 619 585)
4(618 652 653 619)
4(652 686 687 653)
4(686 720 721 687)
4(720 754 755 721)
4(754 788 789 755)
4(788 822 823 789)
4(822 856 857 823)
4(856 890 891 857)
4(890 924 925 891)
4(924 958 959 925)
4(958 992 993 959)
4(992 1026 1027 993)
4(1026 1060 1061 1027)
4(1060 1094 1095 1061)
4(1094 1128 1129 1095)
4(7 41 42 8)
4(41 75 76 42)
4(75 109 110 76)
4(109 143 144 110)
4(143 177 178 144)
4(177 211 212 178)
4(211 245 246 212)
4(245 279 280 246)
4(279 313 314 280)
4(313 347 348 314)
4(347 381 382 348)
4(381 415 416 382)
4(415 449 450 416)
4(449 483 484 450)
4(483 517 518 484)
4(517 551 552 518)
4(551 585 586 552)
4(585 619 620 586)
4(619 653 654 620)
4(653 687 688 654)
4(687 721 722 688)
4(721 755 756 722)
4(755 789 790 756)
4(789 823 824 790)
4(823 857 858 824)
4(857 891 892 858)
4(891 925 926 892)
4(925 959 960 926)
4(959 993 994 960)
4(993 1027 1028 994)
4(1027 1061 1062 1028)
4(1061 1095 1096 1062)
4(1095 1129 1130 1096)
4(8 42 43 9)
4(42 76 77 43)
4(76 110 111 77)
4(110 144 145 111)
4(144 178 179 145)
4(178 212 213 179)
4(212 246 247 213)
4(246 280 281 247)
4(280 314 315 281)
4(314 348 349 315)
4(348 382 383 349)
4(382 416 417 383)
4(416 450 451 417)
4(450 484 485 451)
4(484 518 519 485)
4(518 552 553 519)
4(552 586 587 553)
4(586 620 621 587)
4(620 654 655 621)
4(654 688 689 655)
4(688 722 723 689)
4(722 756 757 723)
4(756 790 791 757)
4(790 824 825 791)
4(824 858 859 825)
4(858 892 893 859)
4(892 926 927 893)
4(926 960 961 927)
4(960 994 995 961)
4(994 1028 1029 995)
4(1028 1062 1063 1029)
4(1062 1096 1097 1063)
4(1096 1130 1131 1097)
4(9 43 44 10)
4(43 77 78 44)
4(77 111 112 78)
4(111 145 146 112)
4(145 179 180 146)
4(179 213 214 180)
4(213 247 248 214)
4(247 281 282 248)
4(281 315 316 282)
4(315 349 350 316)
4(349 383 384 350)
4(383 417 418 384)
4(417 451 452 418)
4(451 485 486 452)
4(485 519 520 486)
4(519 553 554 520)
4(553 587 588 554)
4(587 621 622 588)
4(621 655 656 622)
4(655 689 690 656)
4(689 723 724 690)
4(723 757 758 724)
4(757 791 792 758)
4(791 825 826 792)
4(825 859 860 826)
4(859 893 894 860)
4(893 927 928 894)
4(927 961 962 928)
4(961 995 996 962)
4(995 1029 1030 996)
4(1029 1063 1064 1030)
4(1063 1097 1098 1064)
4(1097 1131 1132 1098)
4(10 44 45 11)
4(44 78 79 45)
4(78 112 113 79)
4(112 146 147 113)
4(146 180 181 147)
4(180 214 215 181)
4(214 248 249 215)
4(248 282 283 249)
4(282 316 317 283)
4(316 350 351 317)
4(350 384 385 351)
4(384 418 419 385)
4(418 452 453 419)
4(452 486 487 453)
4(486 520 521 487)
4(520 554 555 521)
4(554 588 589 555)
4(588 622 623 589)
4(622 656 657 623)
4(656 690 691 657)
4(690 724 725 691)
4(724 758 759 725)
4(758 792 793 759)
4(792 826 827 793)
4(826 860 861 827)
4(860 894 895 861)
4(894 928 929 895)
4(928 962 963 929)
4(962 996 997 963)
4(996 1030 1031 997)
4(1030 1064 1065 1031)
4(1064 1098 1099 1065)
4(1098 1132 1133 1099)
4(11 45 46 12)
4(45 79 80 46)
4(79 113 114 80)
4(113 147 148 114)
4(147 181 182 148)
4(181 215 216 182)
4(215 249 250 216)
4(249 283 284 250)
4(283 317 318 284)
4(317 351 352 318)
4(351 385 386 352)
4(385 419 420 386)
4(419 453 454 420)
4(453 487 488 454)
4(487 521 522 488)
4(521 555 556 522)
4(555 589 590 556)
4(589 623 624 590)
4(623 657 658 624)
4(657 691 692 658)
4(691 725 726 692)
4(725 759 760 726)
4(759 793 794 760)
4(793 827 828 794)
4(827 861 862 828)
4(861 895 896 862)
4(895 929 930 896)
4(929 963 964 930)
4(963 997 998 964)
4(997 1031 1032 998)
4(1031 1065 1066 1032)
4(1065 1099 1100 1066)
4(1099 1133 1134 1100)
4(12 46 47 13)
4(46 80 81 47)
4(80 114 115 81)
4(114 148 149 115)
4(148 182 183 149)
4(182 216 217 183)
4(216 250 251 217)
4(250 284 285 251)
4(284 318 319 285)
4(318 352 353 319)
4(352 386 387 353)
4(386 420 421 387)
4(420 454 455 421)
4(454 488 489 455)
4(488 522 523 489)
4(522 556 557 523)
4(556 590 591 557)
4(590 624 625 591)
4(624 658 659 625)
4(658 692 693 659)
4(692 726 727 693)
4(726 760 761 727)
4(760 794 795 761)
4(794 828 829 795)
4(828 862 863 829)
4(862 896 897 863)
4(896 930 931 897)
4(930 964 965 931)
4(964 998 999 965)
4(998 1032 1033 999)
4(1032 1066 1067 1033)
4(1066 1100 1101 1067)
4(1100 1134 1135 1101)
4(13 47 48 14)
4(47 81 82 48)
4(81 115 116 82)
4(115 149 150 116)
4(149 183 184 150)
4(183 217 218 184)
4(217 251 252 218)
4(251 285 286 252)
4(285 319 320 286)
4(319 353 354 320)
4(353 387 388 354)
4(387 421 422 388)
4(421 455 456 422)
4(455 489 490 456)
4(489 523 524 490)
4(523 557 558 524)
4(557 591 592 558)
4(591 625 626 592)
4(625 659 660 626)
4(659 693 694 660)
4(693 727 728 694)
4(727 761 762 728)
4(761 795 796 762)
4(795 829 830 796)
4(829 863 864 830)
4(863 897 898 864)
4(897 931 932 898)
4(931 965 966 932)
4(965 999 1000 966)
4(999 1033 1034 1000)
4(1033 1067 1068 1034)
4(1067 1101 1102 1068)
4(1101 1135 1136 1102)
4(14 48 49 15)
4(48 82 83 49)
4(82 116 117 83)
4(116 150 151 117)
4(150 184 185 151)
4(184 218 219 185)
4(218 252 253 219)
4(252 286 287 253)
4(286 320 321 287)
4(320 354 355 321)
4(354 388 389 355)
4(388 422 423 389)
4(422 456 457 423)
4(456 490 491 457)
4(490 524 525 491)
4(524 558 559 525)
4(558 592 593 559)
4(592 626 627 593)
4(626 660 661 627)
4(660 694 695 661)
4(694 728 729 695)
4(728 762 763 729)
4(762 796 797 763)
4(796 830 831 797)
4(830 864 865 831)
4(864 898 899 865)
4(898 932 933 899)
4(932 966 967 933)
4(966 1000 1001 967)
4(1000 1034 1035 1001)
4(1034 1068 1069 1035)
4(1068 1102 1103 1069)
4(1102 1136 1137 1103)
4(15 49 50 16)
4(49 83 84 50)
4(83 117 118 84)
4(117 151 152 118)
4(151 185 186 152)
4(185 219 220 186)
4(219 253 254 220)
4(253 287 288 254)
4(287 321 322 288)
4(321 355 356 322)
4(355 389 390 356)
4(389 423 424 390)
4(423 457 458 424)
4(457 491 492 458)
4(491 525 526 492)
4(525 559 560 526)
4(559 593 594 560)
4(593 627 628 594)
4(627 661 662 628)
4(661 695 696 662)
4(695 729 730 696)
4(729 763 764 730)
4(763 797 798 764)
4(797 831 832 798)
4(831 865 866 832)
4(865 899 900 866)
4(899 933 934 900)
4(933 967 968 934)
4(967 1001 1002 968)
4(1001 1035 1036 1002)
4(1035 1069 1070 1036)
4(1069 1103 1104 1070)
4(1103 1137 1138 1104)
4(16 50 51 17)
4(50 84 85 51)
4(84 118 119 85)
4(118 152 153 119)
4(152 186 187 153)
4(186 220 221 187)
4(220 254 255 221)
4(254 288 289 255)
4(288 322 323 289)
4(322 356 357 323)
4(356 390 391 357)
4(390 424 425 391)
4(424 458 459 425)
4(458 492 493 459)
4(492 526 527 493)
4(526 560 561 527)
4(560 594 595 561)
4(594 628 629 595)
4(628 662 663 629)
4(662 696 697 663)
4(696 730 731 697)
4(730 764 765 731)
4(764 798 799 765)
4(798 832 833 799)
4(832 866 867 833)
4(866 900 901 867)
4(900 934 935 901)
4(934 968 969 935)
4(968 1002 1003 969)
4(1002 1036 1037 1003)
4(1036 1070 1071 1037)
4(1070 1104 1105 1071)
4(1104 1138 1139 1105)
4(17 51 52 18)
4(51 85 86 52)
4(85 119 120 86)
4(119 153 154 120)
4(153 187 188 154)
4(187 221 222 188)
4(221 255 256 222)
4(255 289 290 256)
4(289 323 324 290)
4(323 357 358 324)
4(357 391 392 358)
4(391 425 426 392)
4(425 459 460 426)
4(459 493 494 460)
4(493 527 528 494)
4(527 561 562 528)
4(561 595 596 562)
4(595 629 630 596)
4(629 663 664 630)
4(663 697 698 664)
4(697 731 732 698)
4(731 765 766 732)
4(765 799 800 766)
4(799 833 834 800)
4(833 867 868 834)
4(867 901 902 868)
4(901 935 936 902)
4(935 969 970 936)
4(969 1003 1004 970)
4(1003 1037 1038 1004)
4(1037 1071 1072 1038)
4(1071 1105 1106 1072)
4(1105 1139 1140 1106)
4(18 52 53 19)
4(52 86 87 53)
4(86 120 121 87)
4(120 154 155 121)
4(154 188 189 155)
4(188 222 223 189)
4(222 256 257 223)
4(256 290 291 257)
4(290 324 325 291)
4(324 358 359 325)
4(358 392 393 359)
4(392 426 427 393)
4(426 460 461 427)
4(460 494 495 461)
4(494 528 529 495)
4(528 562 563 529)
4(562 596 597 563)
4(596 630 631 597)
4(630 664 665 631)
4(664 698 699 665)
4(698 732 733 699)
4(732 766 767 733)
4(766 800 801 767)
4(800 834 835 801)
4(834 868 869 835)
4(868 902 903 869)
4(902 936 937 903)
4(936 970 971 937)
4(970 1004 1005 971)
4(1004 1038 1039 1005)
4(1038 1072 1073 1039)
4(1072 1106 1107 1073)
4(1106 1140 1141 1107)
4(19 53 54 20)
4(53 87 88 54)
4(87 121 122 88)
4(121 155 156 122)
4(155 189 190 156)
4(189 223 224 190)
4(223 257 258 224)
4(257 291 292 258)
4(291 325 326 292)
4(325 359 360 326)
4(359 393 394 360)
4(393 427 428 394)
4(427 461 462 428)
4(461 495 496 462)
4(495 529 530 496)
4(529 563 564 530)
4(563 597 598 564)
4(597 631 632 598)
4(631 665 666 632)
4(665 699 700 666)
4(699 733 734 700)
4(733 767 768 734)
4(767 801 802 768)
4(801 835 836 802)
4(835 869 870 836)
4(869 903 904 870)
4(903 937 938 904)
4(937 971 972 938)
4(971 1005 1006 972)
4(1005 1039 1040 1006)
4(1039 1073 1074 1040)
4(1073 1107 1108 1074)
4(1107 1141 1142 1108)
4(20 54 55 21)
4(54 88 89 55)
4(88 122 123 89)
4(122 156 157 123)
4(156 190 191 157)
4(190 224 225 191)
4(224 258 259 225)
4(258 292 293 259)
4(292 326 327 293)
4(326 360 361 327)
4(360 394 395 361)
4(394 428 429 395)
4(428 462 463 429)
4(462 496 497 463)
4(496 530 531 497)
4(530 564 565 531)
4(564 598 599 565)
4(598 632 633 599)
4(632 666 667 633)
4(666 700 701 667)
4(700 734 735 701)
4(734 768 769 735)
4(768 802 803 769)
4(802 836 837 803)
4(836 870 871 837)
4(870 904 905 871)
4(904 938 939 905)
4(938 972 973 939)
4(972 1006 1007 973)
4(1006 1040 1041 1007)
4(1040 1074 1075 1041)
4(1074 1108 1109 1075)
4(1108 1142 1143 1109)
4(21 55 56 22)
4(55 89 90 56)
4(89 123 124 90)
4(123 157 158 124)
4(157 191 192 158)
4(191 225 226 192)
4(225 259 260 226)
4(259 293 294 260)
4(293 327 328 294)
4(327 361 362 328)
4(361 395 396 362)
4(395 429 430 396)
4(429 463 464 430)
4(463 497 498 464)
4(497 531 532 498)
4(531 565 566 532)
4(565 599 600 566)
4(599 633 634 600)
4(633 667 668 634)
4(667 701 702 668)
4(701 735 736 702)
4(735 769 770 736)
4(769 803 804 770)
4(803 837 838 804)
4(837 871 872 838)
4(871 905 906 872)
4(905 939 940 906)
4(939 973 974 940)
4(973 1007 1008 974)
4(1007 1041 1042 1008)
4(1041 1075 1076 1042)
4(1075 1109 1110 1076)
4(1109 1143 1144 1110)
4(22 56 57 23)
4(56 90 91 57)
4(90 124 125 91)
4(124 158 159 125)
4(158 192 193 159)
4(192 226 227 193)
4(226 260 261 227)
4(260 294 295 261)
4(294 328 329 295)
4(328 362 363 329)
4(362 396 397 363)
4(396 430 431 397)
4(430 464 465 431)
4(464 498 499 465)
4(498 532 533 499)
4(532 566 567 533)
4(566 600 601 567)
4(600 634 635 601)
4(634 668 669 635)
4(668 702 703 669)
4(702 736 737 703)
4(736 770 771 737)
4(770 804 805 771)
4(804 838 839 805)
4(838 872 873 839)
4(872 906 907 873)
4(906 940 941 907)
4(940 974 975 941)
4(974 1008 1009 975)
4(1008 1042 1043 1009)
4(1042 1076 1077 1043)
4(1076 1110 1111 1077)
4(1110 1144 1145 1111)
4(23 57 58 24)
4(57 91 92 58)
4(91 125 126 92)
4(125 159 160 126)
4(159 193 194 160)
4(193 227 228 194)
4(227 261 262 228)
4(261 295 296 262)
4(295 329 330 296)
4(329 363 364 330)
4(363 397 398 364)
4(397 431 432 398)
4(431 465 466 432)
4(465 499 500 466)
4(499 533 534 500)
4(533 567 568 534)
4(567 601 602 568)
4(601 635 636 602)
4(635 669 670 636)
4(669 703 704 670)
4(703 737 738 704)
4(737 771 772 738)
4(771 805 806 772)
4(805 839 840 806)
4(839 873 874 840)
4(873 907 908 874)
4(907 941 942 908)
4(941 975 976 942)
4(975 1009 1010 976)
4(1009 1043 1044 1010)
4(1043 1077 1078 1044)
4(1077 1111 1112 1078)
4(1111 1145 1146 1112)
4(24 58 59 25)
4(58 92 93 59)
4(92 126 127 93)
4(126 160 161 127)
4(160 194 195 161)
4(194 228 229 195)
4(228 262 263 229)
4(262 296 297 263)
4(296 330 331 297)
4(330 364 365 331)
4(364 398 399 365)
4(398 432 433 399)
4(432 466 467 433)
4(466 500 501 467)
4(500 534 535 501)
4(534 568 569 535)
4(568 602 603 569)
4(602 636 637 603)
4(636 670 671 637)
4(670 704 705 671)
4(704 738 739 705)
4(738 772 773 739)
4(772 806 807 773)
4(806 840 841 807)
4(840 874 875 841)
4(874 908 909 875)
4(908 942 943 909)
4(942 976 977 943)
4(976 1010 1011 977)
4(1010 1044 1045 1011)
4(1044 1078 1079 1045)
4(1078 1112 1113 1079)
4(1112 1146 1147 1113)
4(25 59 60 26)
4(59 93 94 60)
4(93 127 128 94)
4(127 161 162 128)
4(161 195 196 162)
4(195 229 230 196)
4(229 263 264 230)
4(263 297 298 264)
4(297 331 332 298)
4(331 365 366 332)
4(365 399 400 366)
4(399 433 434 400)
4(433 467 468 434)
4(467 501 502 468)
4(501 535 536 502)
4(535 569 570 536)
4(569 603 604 570)
4(603 637 638 604)
4(637 671 672 638)
4(671 705 706 672)
4(705 739 740 706)
4(739 773 774 740)
4(773 807 808 774)
4(807 841 842 808)
4(841 875 876 842)
4(875 909 910 876)
4(909 943 944 910)
4(943 977 978 944)
4(977 1011 1012 978)
4(1011 1045 1046 1012)
4(1045 1079 1080 1046)
4(1079 1113 1114 1080)
4(1113 1147 1148 1114)
4(26 60 61 27)
4(60 94 95 61)
4(94 128 129 95)
4(128 162 163 129)
4(162 196 197 163)
4(196 230 231 197)
4(230 264 265 231)
4(264 298 299 265)
4(298 332 333 299)
4(332 366 367 333)
4(366 400 401 367)
4(400 434 435 401)
4(434 468 469 435)
4(468 502 503 469)
4(502 536 537 503)
4(536 570 571 537)
4(570 604 605 571)
4(604 638 639 605)
4(638 672 673 639)
4(672 706 707 673)
4(706 740 741 707)
4(740 774 775 741)
4(774 808 809 775)
4(808 842 843 809)
4(842 876 877 843)
4(876 910 911 877)
4(910 944 945 911)
4(944 978 979 945)
4(978 1012 1013 979)
4(1012 1046 1047 1013)
4(1046 1080 1081 1047)
4(1080 1114 1115 1081)
4(1114 1148 1149 1115)
4(27 61 62 28)
4(61 95 96 62)
4(95 129 130 96)
4(129 163 164 130)
4(163 197 198 164)
4(197 231 232 198)
4(231 265 266 232)
4(265 299 300 266)
4(299 333 334 300)
4(333 367 368 334)
4(367 401 402 368)
4(401 435 436 402)
4(435 469 470 436)
4(469 503 504 470)
4(503 537 538 504)
4(537 571 572 538)
4(571 605 606 572)
4(605 639 640 606)
4(639 673 674 640)
4(673 707 708 674)
4(707 741 742 708)
4(741 775 776 742)
4(775 809 810 776)
4(809 843 844 810)
4(843 877 878 844)
4(877 911 912 878)
4(911 945 946 912)
4(945 979 980 946)
4(979 1013 1014 980)
4(1013 1047 1048 1014)
4(1047 1081 1082 1048)
4(1081 1115 1116 1082)
4(1115 1149 1150 1116)
4(28 62 63 29)
4(62 96 97 63)
4(96 130 131 97)
4(130 164 165 131)
4(164 198 199 165)
4(198 232 233 199)
4(232 266 267 233)
4(266 300 301 267)
4(300 334 335 301)
4(334 368 369 335)
4(368 402 403 369)
4(402 436 437 403)
4(436 470 471 437)
4(470 504 505 471)
4(504 538 539 505)
4(538 572 573 539)
4(572 606 607 573)
4(606 640 641 607)
4(640 674 675 641)
4(674 708 709 675)
4(708 742 743 709)
4(742 776 777 743)
4(776 810 811 777)
4(810 844 845 811)
4(844 878 879 845)
4(878 912 913 879)
4(912 946 947 913)
4(946 980 981 947)
4(980 1014 1015 981)
4(1014 1048 1049 1015)
4(1048 1082 1083 1049)
4(1082 1116 1117 1083)
4(1116 1150 1151 1117)
4(29 63 64 30)
4(63 97 98 64)
4(97 131 132 98)
4(131 165 166 132)
4(165 199 200 166)
4(199 233 234 200)
4(233 267 268 234)
4(267 301 302 268)
4(301 335 336 302)
4(335 369 370 336)
4(369 403 404 370)
4(403 437 438 404)
4(437 471 472 438)
4(471 505 506 472)
4(505 539 540 506)
4(539 573 574 540)
4(573 607 608 574)
4(607 641 642 608)
4(641 675 676 642)
4(675 709 710 676)
4(709 743 744 710)
4(743 777 778 744)
4(777 811 812 778)
4(811 845 846 812)
4(845 879 880 846)
4(879 913 914 880)
4(913 947 948 914)
4(947 981 982 948)
4(981 1015 1016 982)
4(1015 1049 1050 1016)
4(1049 1083 1084 1050)
4(1083 1117 1118 1084)
4(1117 1151 1152 1118)
4(30 64 65 31)
4(64 98 99 65)
4(98 132 133 99)
4(132 166 167 133)
4(166 200 201 167)
4(200 234 235 201)
4(234 268 269 235)
4(268 302 303 269)
4(302 336 337 303)
4(336 370 371 337)
4(370 404 405 371)
4(404 438 439 405)
4(438 472 473 439)
4(472 506 507 473)
4(506 540 541 507)
4(540 574 575 541)
4(574 608 609 575)
4(608 642 643 609)
4(642 676 677 643)
4(676 710 711 677)
4(710 744 745 711)
4(744 778 779 745)
4(778 812 813 779)
4(812 846 847 813)
4(846 880 881 847)
4(880 914 915 881)
4(914 948 949 915)
4(948 982 983 949)
4(982 1016 1017 983)
4(1016 1050 1051 1017)
4(1050 1084 1085 1051)
4(1084 1118 1119 1085)
4(1118 1152 1153 1119)
4(31 65 66 32)
4(65 99 100 66)
4(99 133 134 100)
4(133 167 168 134)
4(167 201 202 168)
4(201 235 236 202)
4(235 269 270 236)
4(269 303 304 270)
4(303 337 338 304)
4(337 371 372 338)
4(371 405 406 372)
4(405 439 440 406)
4(439 473 474 440)
4(473 507 508 474)
4(507 541 542 508)
4(541 575 576 542)
4(575 609 610 576)
4(609 643 644 610)
4(643 677 678 644)
4(677 711 712 678)
4(711 745 746 712)
4(745 779 780 746)
4(779 813 814 780)
4(813 847 848 814)
4(847 881 882 848)
4(881 915 916 882)
4(915 949 950 916)
4(949 983 984 950)
4(983 1017 1018 984)
4(1017 1051 1052 1018)
4(1051 1085 1086 1052)
4(1085 1119 1120 1086)
4(1119 1153 1154 1120)
4(32 66 67 33)
4(66 100 101 67)
4(100 134 135 101)
4(134 168 169 135)
4(168 202 203 169)
4(202 236 237 203)
4(236 270 271 237)
4(270 304 305 271)
4(304 338 339 305)
4(338 372 373 339)
4(372 406 407 373)
4(406 440 441 407)
4(440 474 475 441)
4(474 508 509 475)
4(508 542 543 509)
4(542 576 577 543)
4(576 610 611 577)
4(610 644 645 611)
4(644 678 679 645)
4(678 712 713 679)
4(712 746 747 713)
4(746 780 781 747)
4(780 814 815 781)
4(814 848 849 815)
4(848 882 883 849)
4(882 916 917 883)
4(916 950 951 917)
4(950 984 985 951)
4(984 1018 1019 985)
4(1018 1052 1053 1019)
4(1052 1086 1087 1053)
4(1086 1120 1121 1087)
4(1120 1154 1155 1121)
4(1156 1157 1191 1190)
4(1190 1191 1225 1224)
4(1224 1225 1259 1258)
4(1258 1259 1293 1292)
4(1292 1293 1327 1326)
4(1326 1327 1361 1360)
4(1360 1361 1395 1394)
4(1394 1395 1429 1428)
4(1428 1429 1463 1462)
4(1462 1463 1497 1496)
4(1496 1497 1531 1530)
4(1530 1531 1565 1564)
4(1564 1565 1599 1598)
4(1598 1599 1633 1632)
4(1632 1633 1667 1666)
4(1666 1667 1701 1700)
4(1700 1701 1735 1734)
4(1734 1735 1769 1768)
4(1768 1769 1803 1802)
4(1802 1803 1837 1836)
4(1836 1837 1871 1870)
4(1870 1871 1905 1904)
4(1904 1905 1939 1938)
4(1938 1939 1973 1972)
4(1972 1973 2007 2006)
4(2006 2007 2041 2040)
4(2040 2041 2075 2074)
4(2074 2075 2109 2108)
4(2108 2109 2143 2142)
4(2142 2143 2177 2176)
4(2176 2177 2211 2210)
4(2210 2211 2245 2244)
4(2244 2245 2279 2278)
4(1157 1158 1192 1191)
4(1191 1192 1226 1225)
4(1225 1226 1260 1259)
4(1259 1260 1294 1293)
4(1293 1294 1328 1327)
4(1327 1328 1362 1361)
4(1361 1362 1396 1395)
4(1395 1396 1430 1429)
4(1429 1430 1464 1463)
4(1463 1464 1498 1497)
4(1497 1498 1532 1531)
4(1531 1532 1566 1565)
4(1565 1566 1600 1599)
4(1599 1600 1634 1633)
4(1633 1634 1668 1667)
4(1667 1668 1702 1701)
4(1701 1702 1736 1735)
4(1735 1736 1770 1769)
4(1769 1770 1804 1803)
4(1803 1804 1838 1837)
4(1837 1838 1872 1871)
4(1871 1872 1906 1905)
4(1905 1906 1940 1939)
4(1939 1940 1974 1973)
4(1973 1974 2008 2007)
4(2007 2008 2042 2041)
4(2041 2042 2076 2075)
4(2075 2076 2110 2109)
4(2109 2110 2144 2143)
4(2143 2144 2178 2177)
4(2177 2178 2212 2211)
4(2211 2212 2246 2245)
4(2245 2246 2280 2279)
4(1158 1159 1193 1192)
4(1192 1193 1227 1226)
4(1226 1227 1261 1260)
4(1260 1261 1295 1294)
4(1294 1295 1329 1328)
4(1328 1329 1363 1362)
4(1362 1363 1397 1396)
4(1396 1397 1431 1430)
4(1430 1431 1465 1464)
4(1464 1465 1499 1498)
4(1498 1499 1533 1532)
4(1532 1533 1567 1566)
4(1566 1567 1601 1600)
4(1600 1601 1635 1634)
4(1634 1635 1669 1668)
4(1668 1669 1703 1702)
4(1702 1703 1737 1736)
4(1736 1737 1771 1770)
4(1770 1771 1805 1804)
4(1804 1805 1839 1838)
4(1838 1839 1873 1872)
4(1872 1873 1907 1906)
4(1906 1907 1941 1940)
4(1940 1941 1975 1974)
4(1974 1975 2009 2008)
4(2008 2009 2043 2042)
4(2042 2043 2077 2076)
4(2076 2077 2111 2110)
4(2110 2111 2145 2144)
4(2144 2145 2179 2178)
4(2178 2179 2213 2212)
4(2212 2213 2247 2246)
4(2246 2247 2281 2280)
4(1159 1160 1194 1193)
4(1193 1194 1228 1227)
4(1227 1228 1262 1261)
4(1261 1262 1296 1295)
4(1295 1296 1330 1329)
4(1329 1330 1364 1363)
4(1363 1364 1398 1397)
4(1397 1398 1432 1431)
4(1431 1432 1466 1465)
4(1465 1466 1500 1499)
4(1499 1500 1534 1533)
4(1533 1534 1568 1567)
4(1567 1568 1602 1601)
4(1601 1602 1636 1635)
4(1635 1636 1670 1669)
4(1669 1670 1704 1703)
4(1703 1704 1738 1737)
4(1737 1738 1772 1771)
4(1771 1772 1806 1805)
4(1805 1806 1840 1839)
4(1839 1840 1874 1873)
4(1873 1874 1908 1907)
4(1907 1908 1942 1941)
4(1941 1942 1976 1975)
4(1975 1976 2010 2009)
4(2009 2010 2044 2043)
4(2043 2044 2078 2077)
4(2077 2078 2112 2111)
4(2111 2112 2146 2145)
4(2145 2146 2180 2179)
4(2179 2180 2214 2213)
4(2213 2214 2248 2247)
4(2247 2248 2282 2281)
4(1160 1161 1195 1194)
4(1194 1195 1229 1228)
4(1228 1229 1263 1262)
4(1262 1263 1297 1296)
4(1296 1297 1331 1330)
4(1330 1331 1365 1364)
4(1364 1365 1399 1398)
4(1398 1399 1433 1432)
4(1432 1433 1467 1466)
4(1466 1467 1501 1500)
4(1500 1501 1535 1534)
4(1534 1535 1569 1568)
4(1568 1569 1603 1602)
4(1602 1603 1637 1636)
4(1636 1637 1671 1670)
4(1670 1671 1705 1704)
4(1704 1705 1739 1738)
4(1738 1739 1773 1772)
4(1772 1773 1807 1806)
4(1806 1807 1841 1840)
4(1840 1841 1875 1874)
4(1874 1875 1909 1908)
4(1908 1909 1943 1942)
4(1942 1943 1977 1976)
4(1976 1977 2011 2010)
4(2010 2011 2045 2044)
4(2044 2045 2079 2078)
4(2078 2079 2113 2112)
4(2112 2113 2147 2146)
4(2146 2147 2181 2180)
4(2180 2181 2215 2214)
4(2214 2215 2249 2248)
4(2248 2249 2283 2282)
4(1161 1162 1196 1195)
4(1195 1196 1230 1229)
4(1229 1230 1264 1263)
4(1263 1264 1298 1297)
4(1297 1298 1332 1331)
4(1331 1332 1366 1365)
4(1365 1366 1400 1399)
4(1399 1400 1434 1433)
4(1433 1434 1468 1467)
4(1467 1468 1502 1501)
4(1501 1502 1536 1535)
4(1535 1536 1570 1569)
4(1569 1570 1604 1603)
4(1603 1604 1638 1637)
4(1637 1638 1672 1671)
4(1671 1672 1706 1705)
4(1705 1706 1740 1739)
4(1739 1740 1774 1773)
4(1773 1774 1808 1807)
4(1807 1808 1842 1841)
4(1841 1842 1876 1875)
4(1875 1876 1910 1909)
4(1909 1910 1944 1943)
4(1943 1944 1978 1977)
4(1977 1978 2012 2011)
4(2011 2012 2046 2045)
4(2045 2046 2080 2079)
4(2079 2080 2114 2113)
4(2113 2114 2148 2147)
4(2147 2148 2182 2181)
4(2181 2182 2216 2215)
4(2215 2216 2250 2249)
4(2249 2250 2284 2283)
4(1162 1163 1197 1196)
4(1196 1197 1231 1230)
4(1230 1231 1265 1264)
4(1264 1265 1299 1298)
4(1298 1299 1333 1332)
4(1332 1333 1367 1366)
4(1366 1367 1401 1400)
4(1400 1401 1435 1434)
4(1434 1435 1469 1468)
4(1468 1469 1503 1502)
4(1502 1503 1537 1536)
4(1536 1537 1571 1570)
4(1570 1571 1605 1604)
4(1604 1605 1639 1638)
4(1638 1639 1673 1672)
4(1672 1673 1707 1706)
4(1706 1707 1741 1740)
4(1740 1741 1775 1774)
4(1774 1775 1809 1808)
4(1808 1809 1843 1842)
4(1842 1843 1877 1876)
4(1876 1877 1911 1910)
4(1910 1911 1945 1944)
4(1944 1945 1979 1978)
4(1978 1979 2013 2012)
4(2012 2013 2047 2046)
4(2046 2047 2081 2080)
4(2080 2081 2115 2114)
4(2114 2115 2149 2148)
4(2148 2149 2183 2182)
4(2182 2183 2217 2216)
4(2216 2217 2251 2250)
4(2250 2251 2285 2284)
4(1163 1164 1198 1197)
4(1197 1198 1232 1231)
4(1231 1232 1266 1265)
4(1265 1266 1300 1299)
4(1299 1300 1334 1333)
4(1333 1334 1368 1367)
4(1367 1368 1402 1401)
4(1401 1402 1436 1435)
4(1435 1436 1470 1469)
4(1469 1470 1504 1503)
4(1503 1504 1538 1537)
4(1537 1538 1572 1571)
4(1571 1572 1606 1605)
4(1605 1606 1640 1639)
4(1639 1640 1674 1673)
4(1673 1674 1708 1707)
4(1707 1708 1742 1741)
4(1741 1742 1776 1775)
4(1775 1776 1810 1809)
4(1809 1810 1844 1843)
4(1843 1844 1878 1877)
4(1877 1878 1912 1911)
4(1911 1912 1946 1945)
4(1945 1946 1980 1979)
4(1979 1980 2014 2013)
4(2013 2014 2048 2047)
4(2047 2048 2082 2081)
4(2081 2082 2116 2115)
4(2115 2116 2150 2149)
4(2149 2150 2184 2183)
4(2183 2184 2218 2217)
4(2217 2218 2252 2251)
4(2251 2252 2286 2285)
4(1164 1165 1199 1198)
4(1198 1199 1233 1232)
4(1232 1233 1267 1266)
4(1266 1267 1301 1300)
4(1300 1301 1335 1334)
4(1334 1335 1369 1368)
4(1368 1369 1403 1402)
4(1402 1403 1437 1436)
4(1436 1437 1471 1470)
4(1470 1471 1505 1504)
4(1504 1505 1539 1538)
4(1538 1539 1573 1572)
4(1572 1573 1607 1606)
4(1606 1607 1641 1640)
4(1640 1641 1675 1674)
4(1674 1675 1709 1708)
4(1708 1709 1743 1742)
4(1742 1743 1777 1776)
4(1776 1777 1811 1810)
4(1810 1811 1845 1844)
4(1844 1845 1879 1878)
4(1878 1879 1913 1912)
4(1912 1913 1947 1946)
4(1946 1947 1981 1980)
4(1980 1981 2015 2014)
4(2014 2015 2049 2048)
4(2048 2049 2083 2082)
4(2082 2083 2117 2116)
4(2116 2117 2151 2150)
4(2150 2151 2185 2184)
4(2184 2185 2219 2218)
4(2218 2219 2253 2252)
4(2252 2253 2287 2286)
4(1165 1166 1200 1199)
4(1199 1200 1234 1233)
4(1233 1234 1268 1267)
4(1267 1268 1302 1301)
4(1301 1302 1336 1335)
4(1335 1336 1370 1369)
4(1369 1370 1404 1403)
4(1403 1404 1438 1437)
4(1437 1438 1472 1471)
4(1471 1472 1506 1505)
4(1505 1506 1540 1539)
4(1539 1540 1574 1573)
4(1573 1574 1608 1607)
4(1607 1608 1642 1641)
4(1641 1642 1676 1675)
4(1675 1676 1710 1709)
4(1709 1710 1744 1743)
4(1743 1744 1778 1777)
4(1777 1778 1812 1811)
4(1811 1812 1846 1845)
4(1845 1846 1880 1879)
4(1879 1880 1914 1913)
4(1913 1914 1948 1947)
4(1947 1948 1982 1981)
4(1981 1982 2016 2015)
4(2015 2016 2050 2049)
4(2049 2050 2084 2083)
4(2083 2084 2118 2117)
4(2117 2118 2152 2151)
4(2151 2152 2186 2185)
4(2185 2186 2220 2219)
4(2219 2220 2254 2253)
4(2253 2254 2288 2287)
4(1166 1167 1201 1200)
4(1200 1201 1235 1234)
4(1234 1235 1269 1268)
4(1268 1269 1303 1302)
4(1302 1303 1337 1336)
4(1336 1337 1371 1370)
4(1370 1371 1405 1404)
4(1404 1405 1439 1438)
4(1438 1439 1473 1472)
4(1472 1473 1507 1506)
4(1506 1507 1541 1540)
4(1540 1541 1575 1574)
4(1574 1575 1609 1608)
4(1608 1609 1643 1642)
4(1642 1643 1677 1676)
4(1676 1677 1711 1710)
4(1710 1711 1745 1744)
4(1744 1745 1779 1778)
4(1778 1779 1813 1812)
4(1812 1813 1847 1846)
4(1846 1847 1881 1880)
4(1880 1881 1915 1914)
4(1914 1915 1949 1948)
4(1948 1949 1983 1982)
4(1982 1983 2017 2016)
4(2016 2017 2051 2050)
4(2050 2051 2085 2084)
4(2084 2085 2119 2118)
4(2118 2119 2153 2152)
4(2152 2153 2187 2186)
4(2186 2187 2221 2220)
4(2220 2221 2255 2254)
4(2254 2255 2289 2288)
4(1167 1168 1202 1201)
4(1201 1202 1236 1235)
4(1235 1236 1270 1269)
4(1269 1270 1304 1303)
4(1303 1304 1338 1337)
4(1337 1338 1372 1371)
4(1371 1372 1406 1405)
4(1405 1406 1440 1439)
4(1439 1440 1474 1473)
4(1473 1474 1508 1507)
4(1507 1508 1542 1541)
4(1541 1542 1576 1575)
4(1575 1576 1610 1609)
4(1609 1610 1644 1643)
4(1643 1644 1678 1677)
4(1677 1678 1712 1711)
4(1711 1712 1746 1745)
4(1745 1746 1780 1779)
4(1779 1780 1814 1813)
4(1813 1814 1848 1847)
4(1847 1848 1882 1881)
4(1881 1882 1916 1915)
4(1915 1916 1950 1949)
4(1949 1950 1984 1983)
4(1983 1984 2018 2017)
4(2017 2018 2052 2051)
4(2051 2052 2086 2085)
4(2085 2086 2120 2119)
4(2119 2120 2154 2153)
4(2153 2154 2188 2187)
4(2187 2188 2222 2221)
4(2221 2222 2256 2255)
4(2255 2256 2290 2289)
4(1168 1169 1203 1202)
4(1202 1203 1237 1236)
4(1236 1237 1271 1270)
4(1270 1271 1305 1304)
4(1304 1305 1339 1338)
4(1338 1339 1373 1372)
4(1372 1373 1407 1406)
4(1406 1407 1441 1440)
4(1440 1441 1475 1474)
4(1474 1475 1509 1508)
4(1508 1509 1543 1542)
4(1542 1543 1577 1576)
4(1576 1577 1611 1610)
4(1610 1611 1645 1644)
4(1644 1645 1679 1678)
4(1678 1679 1713 1712)
4(1712 1713 1747 1746)
4(1746 1747 1781 1780)
4(1780 1781 1815 1814)
4(1814 1815 1849 1848)
4(1848 1849 1883 1882)
4(1882 1883 1917 1916)
4(1916 1917 1951 1950)
4(1950 1951 1985 1984)
4(1984 1985 2019 2018)
4(2018 2019 2053 2052)
4(2052 2053 2087 2086)
4(2086 2087 2121 2120)
4(2120 2121 2155 2154)
4(2154 2155 2189 2188)
4(2188 2189 2223 2222)
4(2222 2223 2257 2256)
4(2256 2257 2291 2290)
4(1169 1170 1204 1203)
4(1203 1204 1238 1237)
4(1237 1238 1272 1271)
4(1271 1272 1306 1305)
4(1305 1306 1340 1339)
4(1339 1340 1374 1373)
4(1373 1374 1408 1407)
4(1407 1408 1442 1441)
4(1441 1442 1476 1475)
4(1475 1476 1510 1509)
4(1509 1510 1544 1543)
4(1543 1544 1578 1577)
4(1577 1578 1612 1611)
4(1611 1612 1646 1645)
4(1645 1646 1680 1679)
4(1679 1680 1714 1713)
4(1713 1714 1748 1747)
4(1747 1748 1782 1781)
4(1781 1782 1816 1815)
4(1815 1816 1850 1849)
4(1849 1850 1884 1883)
4(1883 1884 1918 1917)
4(1917 1918 1952 1951)
4(1951 1952 1986 1985)
4(1985 1986 2020 2019)
4(2019 2020 2054 2053)
4(2053 2054 2088 2087)
4(2087 2088 2122 2121)
4(2121 2122 2156 2155)
4(2155 2156 2190 2189)
4(2189 2190 2224 2223)
4(2223 2224 2258 2257)
4(2257 2258 2292 2291)
4(1170 1171 1205 1204)
4(1204 1205 1239 1238)
4(1238 1239 1273 1272)
4(1272 1273 1307 1306)
4(1306 1307 1341 1340)
4(1340 1341 1375 1374)
4(1374 1375 1409 1408)
4(1408 1409 1443 1442)
4(1442 1443 1477 1476)
4(1476 1477 1511 1510)
4(1510 1511 1545 1544)
4(1544 1545 1579 1578)
4(1578 1579 1613 1612)
4(1612 1613 1647 1646)
4(1646 1647 1681 1680)
4(1680 1681 1715 1714)
4(1714 1715 1749 1748)
4(1748 1749 1783 1782)
4(1782 1783 1817 1816)
4(1816 1817 1851 1850)
4(1850 1851 1885 1884)
4(1884 1885 1919 1918)
4(1918 1919 1953 1952)
4(1952 1953 1987 1986)
4(1986 1987 2021 2020)
4(2020 2021 2055 2054)
4(2054 2055 2089 2088)
4(2088 2089 2123 2122)
4(2122 2123 2157 2156)
4(2156 2157 2191 2190)
4(2190 2191 2225 2224)
4(2224 2225 2259 2258)
4(2258 2259 2293 2292)
4(1171 1172 1206 1205)
4(1205 1206 1240 1239)
4(1239 1240 1274 1273)
4(1273 1274 1308 1307)
4(1307 1308 1342 1341)
4(1341 1342 1376 1375)
4(1375 1376 1410 1409)
4(1409 1410 1444 1443)
4(1443 1444 1478 1477)
4(1477 1478 1512 1511)
4(1511 1512 1546 1545)
4(1545 1546 1580 1579)
4(1579 1580 1614 1613)
4(1613 1614 1648 1647)
4(1647 1648 1682 1681)
4(1681 1682 1716 1715)
4(1715 1716 1750 1749)
4(1749 1750 1784 1783)
4(1783 1784 1818 1817)
4(1817 1818 1852 1851)
4(1851 1852 1886 1885)
4(1885 1886 1920 1919)
4(1919 1920 1954 1953)
4(1953 1954 1988 1987)
4(1987 1988 2022 2021)
4(2021 2022 2056 2055)
4(2055 2056 2090 2089)
4(2089 2090 2124 2123)
4(2123 2124 2158 2157)
4(2157 2158 2192 2191)
4(2191 2192 2226 2225)
4(2225 2226 2260 2259)
4(2259 2260 2294 2293)
4(1172 1173 1207 1206)
4(1206 1207 1241 1240)
4(1240 1241 1275 1274)
4(1274 1275 1309 1308)
4(1308 1309 1343 1342)
4(1342 1343 1377 1376)
4(1376 1377 1411 1410)
4(1410 1411 1445 1444)
4(1444 1445 1479 1478)
4(1478 1479 1513 1512)
4(1512 1513 1547 1546)
4(1546 1547 1581 1580)
4(1580 1581 1615 1614)
4(1614 1615 1649 1648)
4(1648 1649 1683 1682)
4(1682 1683 1717 1716)
4(1716 1717 1751 1750)
4(1750 1751 1785 1784)
4(1784 1785 1819 1818)
4(1818 1819 1853 1852)
4(1852 1853 1887 1886)
4(1886 1887 1921 1920)
4(1920 1921 1955 1954)
4(1954 1955 1989 1988)
4(1988 1989 2023 2022)
4(2022 2023 2057 2056)
4(2056 2057 2091 2090)
4(2090 2091 2125 2124)
4(2124 2125 2159 2158)
4(2158 2159 2193 2192)
4(2192 2193 2227 2226)
4(2226 2227 2261 2260)
4(2260 2261 2295 2294)
4(1173 1174 1208 1207)
4(1207 1208 1242 1241)
4(1241 1242 1276 1275)
4(1275 1276 1310 1309)
4(1309 1310 1344 1343)
4(1343 1344 1378 1377)
4(1377 1378 1412 1411)
4(1411 1412 1446 1445)
4(1445 1446 1480 1479)
4(1479 1480 1514 1513)
4(1513 1514 1548 1547)
4(1547 1548 1582 1581)
4(1581 1582 1616 1615)
4(1615 1616 1650 1649)
4(1649 1650 1684 1683)
4(1683 1684 1718 1717)
4(1717 1718 1752 1751)
4(1751 1752 1786 1785)
4(1785 1786 1820 1819)
4(1819 1820 1854 1853)
4(1853 1854 1888 1887)
4(1887 1888 1922 1921)
4(1921 1922 1956 1955)
4(1955 1956 1990 1989)
4(1989 1990 2024 2023)
4(2023 2024 2058 2057)
4(2057 2058 2092 2091)
4(2091 2092 2126 2125)
4(2125 2126 2160 2159)
4(2159 2160 2194 2193)
4(2193 2194 2228 2227)
4(2227 2228 2262 2261)
4(2261 2262 2296 2295)
4(1174 1175 1209 1208)
4(1208 1209 1243 1242)
4(1242 1243 1277 1276)
4(1276 1277 1311 1310)
4(1310 1311 1345 1344)
4(1344 1345 1379 1378)
4(1378 1379 1413 1412)
4(1412 1413 1447 1446)
4(1446 1447 1481 1480)
4(1480 1481 1515 1514)
4(1514 1515 1549 1548)
4(1548 1549 1583 1582)
4(1582 1583 1617 1616)
4(1616 1617 1651 1650)
4(1650 1651 1685 1684)
4(1684 1685 1719 1718)
4(1718 1719 1753 1752)
4(1752 1753 1787 1786)
4(1786 1787 1821 1820)
4(1820 1821 1855 1854)
4(1854 1855 1889 1888)
4(1888 1889 1923 1922)
4(1922 1923 1957 1956)
4(1956 1957 1991 1990)
4(1990 1991 2025 2024)
4(2024 2025 2059 2058)
4(2058 2059 2093 2092)
4(2092 2093 2127 2126)
4(2126 2127 2161 2160)
4(2160 2161 2195 2194)
4(2194 2195 2229 2228)
4(2228 2229 2263 2262)
4(2262 2263 2297 2296)
4(1175 1176 1210 1209)
4(1209 1210 1244 1243)
4(1243 1244 1278 1277)
4(1277 1278 1312 1311)
4(1311 1312 1346 1345)
4(1345 1346 1380 1379)
4(1379 1380 1414 1413)
4(1413 1414 1448 1447)
4(1447 1448 1482 1481)
4(1481 1482 1516 1515)
4(1515 1516 1550 1549)
4(1549 1550 1584 1583)
4(1583 1584 1618 1617)
4(1617 1618 1652 1651)
4(1651 1652 1686 1685)
4(1685 1686 1720 1719)
4(1719 1720 1754 1753)
4(1753 1754 1788 1787)
4(1787 1788 1822 1821)
4(1821 1822 1856 1855)
4(1855 1856 1890 1889)
4(1889 1890 1924 1923)
4(1923 1924 1958 1957)
4(1957 1958 1992 1991)
4(1991 1992 2026 2025)
4(2025 2026 2060 2059)
4(2059 2060 2094 2093)
4(2093 2094 2128 2127)
4(2127 2128 2162 2161)
4(2161 2162 2196 2195)
4(2195 2196 2230 2229)
4(2229 2230 2264 2263)
4(2263 2264 2298 2297)
4(1176 1177 1211 1210)
4(1210 1211 1245 1244)
4(1244 1245 1279 1278)
4(1278 1279 1313 1312)
4(1312 1313 1347 1346)
4(1346 1347 1381 1380)
4(1380 1381 1415 1414)
4(1414 1415 1449 1448)
4(1448 1449 1483 1482)
4(1482 1483 1517 1516)
4(1516 1517 1551 1550)
4(1550 1551 1585 1584)
4(1584 1585 1619 1618)
4(1618 1619 1653 1652)
4(1652 1653 1687 1686)
4(1686 1687 1721 1720)
4(1720 1721 1755 1754)
4(1754 1755 1789 1788)
4(1788 1789 1823 1822)
4(1822 1823 1857 1856)
4(1856 1857 1891 1890)
4(1890 1891 1925 1924)
4(1924 1925 1959 1958)
4(1958 1959 1993 1992)
4(1992 1993 2027 2026)
4(2026 2027 2061 2060)
4(2060 2061 2095 2094)
4(2094 2095 2129 2128)
4(2128 2129 2163 2162)
4(2162 2163 2197 2196)
4(2196 2197 2231 2230)
4(2230 2231 2265 2264)
4(2264 2265 2299 2298)
4(1177 1178 1212 1211)
4(1211 1212 1246 1245)
4(1245 1246 1280 1279)
4(1279 1280 1314 1313)
4(1313 1314 1348 1347)
4(1347 1348 1382 1381)
4(1381 1382 1416 1415)
4(1415 1416 1450 1449)
4(1449 1450 1484 1483)
4(1483 1484 1518 1517)
4(1517 1518 1552 1551)
4(1551 1552 1586 1585)
4(1585 1586 1620 1619)
4(1619 1620 1654 1653)
4(1653 1654 1688 1687)
4(1687 1688 1722 1721)
4(1721 1722 1756 1755)
4(1755 1756 1790 1789)
4(1789 1790 1824 1823)
4(1823 1824 1858 1857)
4(1857 1858 1892 1891)
4(1891 1892 1926 1925)
4(1925 1926 1960 1959)
4(1959 1960 1994 1993)
4(1993 1994 2028 2027)
4(2027 2028 2062 2061)
4(2061 2062 2096 2095)
4(2095 2096 2130 2129)
4(2129 2130 2164 2163)
4(2163 2164 2198 2197)
4(2197 2198 2232 2231)
4(2231 2232 2266 2265)
4(2265 2266 2300 2299)
4(1178 1179 1213 1212)
4(1212 1213 1247 1246)
4(1246 1247 1281 1280)
4(1280 1281 1315 1314)
4(1314 1315 1349 1348)
4(1348 1349 1383 1382)
4(1382 1383 1417 1416)
4(1416 1417 1451 1450)
4(1450 1451 1485 1484)
4(1484 1485 1519 1518)
4(1518 1519 1553 1552)
4(1552 1553 1587 1586)
4(1586 1587 1621 1620)
4(1620 1621 1655 1654)
4(1654 1655 1689 1688)
4(1688 1689 1723 1722)
4(1722 1723 1757 1756)
4(1756 1757 1791 1790)
4(1790 1791 1825 1824)
4(1824 1825 1859 1858)
4(1858 1859 1893 1892)
4(1892 1893 1927 1926)
4(1926 1927 1961 1960)
4(1960 1961 1995 1994)
4(1994 1995 2029 2028)
4(2028 2029 2063 2062)
4(2062 2063 2097 2096)
4(2096 2097 2131 2130)
4(2130 2131 2165 2164)
4(2164 2165 2199 2198)
4(2198 2199 2233 2232)
4(2232 2233 2267 2266)
4(2266 2267 2301 2300)
4(1179 1180 1214 1213)
4(1213 1214 1248 1247)
4(1247 1248 1282 1281)
4(1281 1282 1316 1315)
4(1315 1316 1350 1349)
4(1349 1350 1384 1383)
4(1383 1384 1418 1417)
4(1417 1418 1452 1451)
4(1451 1452 1486 1485)
4(1485 1486 1520 1519)
4(1519 1520 1554 1553)
4(1553 1554 1588 1587)
4(1587 1588 1622 1621)
4(1621 1622 1656 1655)
4(1655 1656 1690 1689)
4(1689 1690 1724 1723)
4(1723 1724 1758 1757)
4(1757 1758 1792 1791)
4(1791 1792 1826 1825)
4(1825 1826 1860 1859)
4(1859 1860 1894 1893)
4(1893 1894 1928 1927)
4(1927 1928 1962 1961)
4(1961 1962 1996 1995)
4(1995 1996 2030 2029)
4(2029 2030 2064 2063)
4(2063 2064 2098 2097)
4(2097 2098 2132 2131)
4(2131 2132 2166 2165)
4(2165 2166 2200 2199)
4(2199 2200 2234 2233)
4(2233 2234 2268 2267)
4(2267 2268 2302 2301)
4(1180 1181 1215 1214)
4(1214 1215 1249 1248)
4(1248 1249 1283 1282)
4(1282 1283 1317 1316)
4(1316 1317 1351 1350)
4(1350 1351 1385 1384)
4(1384 1385 1419 1418)
4(1418 1419 1453 1452)
4(1452 1453 1487 1486)
4(1486 1487 1521 1520)
4(1520 1521 1555 1554)
4(1554 1555 1589 1588)
4(1588 1589 1623 1622)
4(1622 1623 1657 1656)
4(1656 1657 1691 1690)
4(1690 1691 1725 1724)
4(1724 1725 1759 1758)
4(1758 1759 1793 1792)
4(1792 1793 1827 1826)
4(1826 1827 1861 1860)
4(1860 1861 1895 1894)
4(1894 1895 1929 1928)
4(1928 1929 1963 1962)
4(1962 1963 1997 1996)
4(1996 1997 2031 2030)
4(2030 2031 2065 2064)
4(2064 2065 2099 2098)
4(2098 2099 2133 2132)
4(2132 2133 2167 2166)
4(2166 2167 2201 2200)
4(2200 2201 2235 2234)
4(2234 2235 2269 2268)
4(2268 2269 2303 2302)
4(1181 1182 1216 1215)
4(1215 1216 1250 1249)
4(1249 1250 1284 1283)
4(1283 1284 1318 1317)
4(1317 1318 1352 1351)
4(1351 1352 1386 1385)
4(1385 1386 1420 1419)
4(1419 1420 1454 1453)
4(1453 1454 1488 1487)
4(1487 1488 1522 1521)
4(1521 1522 1556 1555)
4(1555 1556 1590 1589)
4(1589 1590 1624 1623)
4(1623 1624 1658 1657)
4(1657 1658 1692 1691)
4(1691 1692 1726 1725)
4(1725 1726 1760 1759)
4(1759 1760 1794 1793)
4(1793 1794 1828 1827)
4(1827 1828 1862 1861)
4(1861 1862 1896 1895)
4(1895 1896 1930 1929)
4(1929 1930 1964 1963)
4(1963 1964 1998 1997)
4(1997 1998 2032 2031)
4(2031 2032 2066 2065)
4(2065 2066 2100 2099)
4(2099 2100 2134 2133)
4(2133 2134 2168 2167)
4(2167 2168 2202 2201)
4(2201 2202 2236 2235)
4(2235 2236 2270 2269)
4(2269 2270 2304 2303)
4(1182 1183 1217 1216)
4(1216 1217 1251 1250)
4(1250 1251 1285 1284)
4(1284 1285 1319 1318)
4(1318 1319 1353 1352)
4(1352 1353 1387 1386)
4(1386 1387 1421 1420)
4(1420 1421 1455 1454)
4(1454 1455 1489 1488)
4(1488 1489 1523 1522)
4(1522 1523 1557 1556)
4(1556 1557 1591 1590)
4(1590 1591 1625 1624)
4(1624 1625 1659 1658)
4(1658 1659 1693 1692)
4(1692 1693 1727 1726)
4(1726 1727 1761 1760)
4(1760 1761 1795 1794)
4(1794 1795 1829 1828)
4(1828 1829 1863 1862)
4(1862 1863 1897 1896)
4(1896 1897 1931 1930)
4(1930 1931 1965 1964)
4(1964 1965 1999 1998)
4(1998 1999 2033 2032)
4(2032 2033 2067 2066)
4(2066 2067 2101 2100)
4(2100 2101 2135 2134)
4(2134 2135 2169 2168)
4(2168 2169 2203 2202)
4(2202 2203 2237 2236)
4(2236 2237 2271 2270)
4(2270 2271 2305 2304)
4(1183 1184 1218 1217)
4(1217 1218 1252 1251)
4(1251 1252 1286 1285)
4(1285 1286 1320 1319)
4(1319 1320 1354 1353)
4(1353 1354 1388 1387)
4(1387 1388 1422 1421)
4(1421 1422 1456 1455)
4(1455 1456 1490 1489)
4(1489 1490 1524 1523)
4(1523 1524 1558 1557)
4(1557 1558 1592 1591)
4(1591 1592 1626 1625)
4(1625 1626 1660 1659)
4(1659 1660 1694 1693)
4(1693 1694 1728 1727)
4(1727 1728 1762 1761)
4(1761 1762 1796 1795)
4(1795 1796 1830 1829)
4(1829 1830 1864 1863)
4(1863 1864 1898 1897)
4(1897 1898 1932 1931)
4(1931 1932 1966 1965)
4(1965 1966 2000 1999)
4(1999 2000 2034 2033)
4(2033 2034 2068 2067)
4(2067 2068 2102 2101)
4(2101 2102 2136 2135)
4(2135 2136 2170 2169)
4(2169 2170 2204 2203)
4(2203 2204 2238 2237)
4(2237 2238 2272 2271)
4(2271 2272 2306 2305)
4(1184 1185 1219 1218)
4(1218 1219 1253 1252)
4(1252 1253 1287 1286)
4(1286 1287 1321 1320)
4(1320 1321 1355 1354)
4(1354 1355 1389 1388)
4(1388 1389 1423 1422)
4(1422 1423 1457 1456)
4(1456 1457 1491 1490)
4(1490 1491 1525 1524)
4(1524 1525 1559 1558)
4(1558 1559 1593 1592)
4(1592 1593 1627 1626)
4(1626 1627 1661 1660)
4(1660 1661 1695 1694)
4(1694 1695 1729 1728)
4(1728 1729 1763 1762)
4(1762 1763 1797 1796)
4(1796 1797 1831 1830)
4(1830 1831 1865 1864)
4(1864 1865 1899 1898)
4(1898 1899 1933 1932)
4(1932 1933 1967 1966)
4(1966 1967 2001 2000)
4(2000 2001 2035 2034)
4(2034 2035 2069 2068)
4(2068 2069 2103 2102)
4(2102 2103 2137 2136)
4(2136 2137 2171 2170)
4(2170 2171 2205 2204)
4(2204 2205 2239 2238)
4(2238 2239 2273 2272)
4(2272 2273 2307 2306)
4(1185 1186 1220 1219)
4(1219 1220 1254 1253)
4(1253 1254 1288 1287)
4(1287 1288 1322 1321)
4(1321 1322 1356 1355)
4(1355 1356 1390 1389)
4(1389 1390 1424 1423)
4(1423 1424 1458 1457)
4(1457 1458 1492 1491)
4(1491 1492 1526 1525)
4(1525 1526 1560 1559)
4(1559 1560 1594 1593)
4(1593 1594 1628 1627)
4(1627 1628 1662 1661)
4(1661 1662 1696 1695)
4(1695 1696 1730 1729)
4(1729 1730 1764 1763)
4(1763 1764 1798 1797)
4(1797 1798 1832 1831)
4(1831 1832 1866 1865)
4(1865 1866 1900 1899)
4(1899 1900 1934 1933)
4(1933 1934 1968 1967)
4(1967 1968 2002 2001)
4(2001 2002 2036 2035)
4(2035 2036 2070 2069)
4(2069 2070 2104 2103)
4(2103 2104 2138 2137)
4(2137 2138 2172 2171)
4(2171 2172 2206 2205)
4(2205 2206 2240 2239)
4(2239 2240 2274 2273)
4(2273 2274 2308 2307)
4(1186 1187 1221 1220)
4(1220 1221 1255 1254)
4(1254 1255 1289 1288)
4(1288 1289 1323 1322)
4(1322 1323 1357 1356)
4(1356 1357 1391 1390)
4(1390 1391 1425 1424)
4(1424 1425 1459 1458)
4(1458 1459 1493 1492)
4(1492 1493 1527 1526)
4(1526 1527 1561 1560)
4(1560 1561 1595 1594)
4(1594 1595 1629 1628)
4(1628 1629 1663 1662)
4(1662 1663 1697 1696)
4(1696 1697 1731 1730)
4(1730 1731 1765 1764)
4(1764 1765 1799 1798)
4(1798 1799 1833 1832)
4(1832 1833 1867 1866)
4(1866 1867 1901 1900)
4(1900 1901 1935 1934)
4(1934 1935 1969 1968)
4(1968 1969 2003 2002)
4(2002 2003 2037 2036)
4(2036 2037 2071 2070)
4(2070 2071 2105 2104)
4(2104 2105 2139 2138)
4(2138 2139 2173 2172)
4(2172 2173 2207 2206)
4(2206 2207 2241 2240)
4(2240 2241 2275 2274)
4(2274 2275 2309 2308)
4(1187 1188 1222 1221)
4(1221 1222 1256 1255)
4(1255 1256 1290 1289)
4(1289 1290 1324 1323)
4(1323 1324 1358 1357)
4(1357 1358 1392 1391)
4(1391 1392 1426 1425)
4(1425 1426 1460 1459)
4(1459 1460 1494 1493)
4(1493 1494 1528 1527)
4(1527 1528 1562 1561)
4(1561 1562 1596 1595)
4(1595 1596 1630 1629)
4(1629 1630 1664 1663)
4(1663 1664 1698 1697)
4(1697 1698 1732 1731)
4(1731 1732 1766 1765)
4(1765 1766 1800 1799)
4(1799 1800 1834 1833)
4(1833 1834 1868 1867)
4(1867 1868 1902 1901)
4(1901 1902 1936 1935)
4(1935 1936 1970 1969)
4(1969 1970 2004 2003)
4(2003 2004 2038 2037)
4(2037 2038 2072 2071)
4(2071 2072 2106 2105)
4(2105 2106 2140 2139)
4(2139 2140 2174 2173)
4(2173 2174 2208 2207)
4(2207 2208 2242 2241)
4(2241 2242 2276 2275)
4(2275 2276 2310 2309)
4(1188 1189 1223 1222)
4(1222 1223 1257 1256)
4(1256 1257 1291 1290)
4(1290 1291 1325 1324)
4(1324 1325 1359 1358)
4(1358 1359 1393 1392)
4(1392 1393 1427 1426)
4(1426 1427 1461 1460)
4(1460 1461 1495 1494)
4(1494 1495 1529 1528)
4(1528 1529 1563 1562)
4(1562 1563 1597 1596)
4(1596 1597 1631 1630)
4(1630 1631 1665 1664)
4(1664 1665 1699 1698)
4(1698 1699 1733 1732)
4(1732 1733 1767 1766)
4(1766 1767 1801 1800)
4(1800 1801 1835 1834)
4(1834 1835 1869 1868)
4(1868 1869 1903 1902)
4(1902 1903 1937 1936)
4(1936 1937 1971 1970)
4(1970 1971 2005 2004)
4(2004 2005 2039 2038)
4(2038 2039 2073 2072)
4(2072 2073 2107 2106)
4(2106 2107 2141 2140)
4(2140 2141 2175 2174)
4(2174 2175 2209 2208)
4(2208 2209 2243 2242)
4(2242 2243 2277 2276)
4(2276 2277 2311 2310)
)


// ************************************************************************* //
