/*--------------------------------*- C++ -*----------------------------------*\
| =========                 |                                                 |
| \\      /  F ield         | foam-extend: Open Source CFD                    |
|  \\    /   O peration     | Version:     4.0                                |
|   \\  /    A nd           | Web:         http://www.foam-extend.org         |
|    \\/     M anipulation  |                                                 |
\*---------------------------------------------------------------------------*/
FoamFile
{
    version     2.0;
    format      ascii;
    class       vectorField;
    location    "constant/polyMesh";
    object      points;
}
// * * * * * * * * * * * * * * * * * * * * * * * * * * * * * * * * * * * * * //


2312
(
(0 0 0)
(0.0303030303 0 0)
(0.06060606061 0 0)
(0.09090909091 0 0)
(0.1212121212 0 0)
(0.1515151515 0 0)
(0.1818181818 0 0)
(0.2121212121 0 0)
(0.2424242424 0 0)
(0.2727272727 0 0)
(0.303030303 0 0)
(0.3333333333 0 0)
(0.3636363636 0 0)
(0.3939393939 0 0)
(0.4242424242 0 0)
(0.4545454545 0 0)
(0.4848484848 0 0)
(0.5151515152 0 0)
(0.5454545455 0 0)
(0.5757575758 0 0)
(0.6060606061 0 0)
(0.6363636364 0 0)
(0.6666666667 0 0)
(0.696969697 0 0)
(0.7272727273 0 0)
(0.7575757576 0 0)
(0.7878787879 0 0)
(0.8181818182 0 0)
(0.8484848485 0 0)
(0.8787878788 0 0)
(0.9090909091 0 0)
(0.9393939394 0 0)
(0.9696969697 0 0)
(1 0 0)
(0 0.0303030303 0)
(0.0303030303 0.0303030303 0)
(0.06060606061 0.0303030303 0)
(0.09090909091 0.0303030303 0)
(0.1212121212 0.0303030303 0)
(0.1515151515 0.0303030303 0)
(0.1818181818 0.0303030303 0)
(0.2121212121 0.0303030303 0)
(0.2424242424 0.0303030303 0)
(0.2727272727 0.0303030303 0)
(0.303030303 0.0303030303 0)
(0.3333333333 0.0303030303 0)
(0.3636363636 0.0303030303 0)
(0.3939393939 0.0303030303 0)
(0.4242424242 0.0303030303 0)
(0.4545454545 0.0303030303 0)
(0.4848484848 0.0303030303 0)
(0.5151515152 0.0303030303 0)
(0.5454545455 0.0303030303 0)
(0.5757575758 0.0303030303 0)
(0.6060606061 0.0303030303 0)
(0.6363636364 0.0303030303 0)
(0.6666666667 0.0303030303 0)
(0.696969697 0.0303030303 0)
(0.7272727273 0.0303030303 0)
(0.7575757576 0.0303030303 0)
(0.7878787879 0.0303030303 0)
(0.8181818182 0.0303030303 0)
(0.8484848485 0.0303030303 0)
(0.8787878788 0.0303030303 0)
(0.9090909091 0.0303030303 0)
(0.9393939394 0.0303030303 0)
(0.9696969697 0.0303030303 0)
(1 0.0303030303 0)
(0 0.06060606061 0)
(0.0303030303 0.06060606061 0)
(0.06060606061 0.06060606061 0)
(0.09090909091 0.06060606061 0)
(0.1212121212 0.06060606061 0)
(0.1515151515 0.06060606061 0)
(0.1818181818 0.06060606061 0)
(0.2121212121 0.06060606061 0)
(0.2424242424 0.06060606061 0)
(0.2727272727 0.06060606061 0)
(0.303030303 0.06060606061 0)
(0.3333333333 0.06060606061 0)
(0.3636363636 0.06060606061 0)
(0.3939393939 0.06060606061 0)
(0.4242424242 0.06060606061 0)
(0.4545454545 0.06060606061 0)
(0.4848484848 0.06060606061 0)
(0.5151515152 0.06060606061 0)
(0.5454545455 0.06060606061 0)
(0.5757575758 0.06060606061 0)
(0.6060606061 0.06060606061 0)
(0.6363636364 0.06060606061 0)
(0.6666666667 0.06060606061 0)
(0.696969697 0.06060606061 0)
(0.7272727273 0.06060606061 0)
(0.7575757576 0.06060606061 0)
(0.7878787879 0.06060606061 0)
(0.8181818182 0.06060606061 0)
(0.8484848485 0.06060606061 0)
(0.8787878788 0.06060606061 0)
(0.9090909091 0.06060606061 0)
(0.9393939394 0.06060606061 0)
(0.9696969697 0.06060606061 0)
(1 0.06060606061 0)
(0 0.09090909091 0)
(0.0303030303 0.09090909091 0)
(0.06060606061 0.09090909091 0)
(0.09090909091 0.09090909091 0)
(0.1212121212 0.09090909091 0)
(0.1515151515 0.09090909091 0)
(0.1818181818 0.09090909091 0)
(0.2121212121 0.09090909091 0)
(0.2424242424 0.09090909091 0)
(0.2727272727 0.09090909091 0)
(0.303030303 0.09090909091 0)
(0.3333333333 0.09090909091 0)
(0.3636363636 0.09090909091 0)
(0.3939393939 0.09090909091 0)
(0.4242424242 0.09090909091 0)
(0.4545454545 0.09090909091 0)
(0.4848484848 0.09090909091 0)
(0.5151515152 0.09090909091 0)
(0.5454545455 0.09090909091 0)
(0.5757575758 0.09090909091 0)
(0.6060606061 0.09090909091 0)
(0.6363636364 0.09090909091 0)
(0.6666666667 0.09090909091 0)
(0.696969697 0.09090909091 0)
(0.7272727273 0.09090909091 0)
(0.7575757576 0.09090909091 0)
(0.7878787879 0.09090909091 0)
(0.8181818182 0.09090909091 0)
(0.8484848485 0.09090909091 0)
(0.8787878788 0.09090909091 0)
(0.9090909091 0.09090909091 0)
(0.9393939394 0.09090909091 0)
(0.9696969697 0.09090909091 0)
(1 0.09090909091 0)
(0 0.1212121212 0)
(0.0303030303 0.1212121212 0)
(0.06060606061 0.1212121212 0)
(0.09090909091 0.1212121212 0)
(0.1212121212 0.1212121212 0)
(0.1515151515 0.1212121212 0)
(0.1818181818 0.1212121212 0)
(0.2121212121 0.1212121212 0)
(0.2424242424 0.1212121212 0)
(0.2727272727 0.1212121212 0)
(0.303030303 0.1212121212 0)
(0.3333333333 0.1212121212 0)
(0.3636363636 0.1212121212 0)
(0.3939393939 0.1212121212 0)
(0.4242424242 0.1212121212 0)
(0.4545454545 0.1212121212 0)
(0.4848484848 0.1212121212 0)
(0.5151515152 0.1212121212 0)
(0.5454545455 0.1212121212 0)
(0.5757575758 0.1212121212 0)
(0.6060606061 0.1212121212 0)
(0.6363636364 0.1212121212 0)
(0.6666666667 0.1212121212 0)
(0.696969697 0.1212121212 0)
(0.7272727273 0.1212121212 0)
(0.7575757576 0.1212121212 0)
(0.7878787879 0.1212121212 0)
(0.8181818182 0.1212121212 0)
(0.8484848485 0.1212121212 0)
(0.8787878788 0.1212121212 0)
(0.9090909091 0.1212121212 0)
(0.9393939394 0.1212121212 0)
(0.9696969697 0.1212121212 0)
(1 0.1212121212 0)
(0 0.1515151515 0)
(0.0303030303 0.1515151515 0)
(0.06060606061 0.1515151515 0)
(0.09090909091 0.1515151515 0)
(0.1212121212 0.1515151515 0)
(0.1515151515 0.1515151515 0)
(0.1818181818 0.1515151515 0)
(0.2121212121 0.1515151515 0)
(0.2424242424 0.1515151515 0)
(0.2727272727 0.1515151515 0)
(0.303030303 0.1515151515 0)
(0.3333333333 0.1515151515 0)
(0.3636363636 0.1515151515 0)
(0.3939393939 0.1515151515 0)
(0.4242424242 0.1515151515 0)
(0.4545454545 0.1515151515 0)
(0.4848484848 0.1515151515 0)
(0.5151515152 0.1515151515 0)
(0.5454545455 0.1515151515 0)
(0.5757575758 0.1515151515 0)
(0.6060606061 0.1515151515 0)
(0.6363636364 0.1515151515 0)
(0.6666666667 0.1515151515 0)
(0.696969697 0.1515151515 0)
(0.7272727273 0.1515151515 0)
(0.7575757576 0.1515151515 0)
(0.7878787879 0.1515151515 0)
(0.8181818182 0.1515151515 0)
(0.8484848485 0.1515151515 0)
(0.8787878788 0.1515151515 0)
(0.9090909091 0.1515151515 0)
(0.9393939394 0.1515151515 0)
(0.9696969697 0.1515151515 0)
(1 0.1515151515 0)
(0 0.1818181818 0)
(0.0303030303 0.1818181818 0)
(0.06060606061 0.1818181818 0)
(0.09090909091 0.1818181818 0)
(0.1212121212 0.1818181818 0)
(0.1515151515 0.1818181818 0)
(0.1818181818 0.1818181818 0)
(0.2121212121 0.1818181818 0)
(0.2424242424 0.1818181818 0)
(0.2727272727 0.1818181818 0)
(0.303030303 0.1818181818 0)
(0.3333333333 0.1818181818 0)
(0.3636363636 0.1818181818 0)
(0.3939393939 0.1818181818 0)
(0.4242424242 0.1818181818 0)
(0.4545454545 0.1818181818 0)
(0.4848484848 0.1818181818 0)
(0.5151515152 0.1818181818 0)
(0.5454545455 0.1818181818 0)
(0.5757575758 0.1818181818 0)
(0.6060606061 0.1818181818 0)
(0.6363636364 0.1818181818 0)
(0.6666666667 0.1818181818 0)
(0.696969697 0.1818181818 0)
(0.7272727273 0.1818181818 0)
(0.7575757576 0.1818181818 0)
(0.7878787879 0.1818181818 0)
(0.8181818182 0.1818181818 0)
(0.8484848485 0.1818181818 0)
(0.8787878788 0.1818181818 0)
(0.9090909091 0.1818181818 0)
(0.9393939394 0.1818181818 0)
(0.9696969697 0.1818181818 0)
(1 0.1818181818 0)
(0 0.2121212121 0)
(0.0303030303 0.2121212121 0)
(0.06060606061 0.2121212121 0)
(0.09090909091 0.2121212121 0)
(0.1212121212 0.2121212121 0)
(0.1515151515 0.2121212121 0)
(0.1818181818 0.2121212121 0)
(0.2121212121 0.2121212121 0)
(0.2424242424 0.2121212121 0)
(0.2727272727 0.2121212121 0)
(0.303030303 0.2121212121 0)
(0.3333333333 0.2121212121 0)
(0.3636363636 0.2121212121 0)
(0.3939393939 0.2121212121 0)
(0.4242424242 0.2121212121 0)
(0.4545454545 0.2121212121 0)
(0.4848484848 0.2121212121 0)
(0.5151515152 0.2121212121 0)
(0.5454545455 0.2121212121 0)
(0.5757575758 0.2121212121 0)
(0.6060606061 0.2121212121 0)
(0.6363636364 0.2121212121 0)
(0.6666666667 0.2121212121 0)
(0.696969697 0.2121212121 0)
(0.7272727273 0.2121212121 0)
(0.7575757576 0.2121212121 0)
(0.7878787879 0.2121212121 0)
(0.8181818182 0.2121212121 0)
(0.8484848485 0.2121212121 0)
(0.8787878788 0.2121212121 0)
(0.9090909091 0.2121212121 0)
(0.9393939394 0.2121212121 0)
(0.9696969697 0.2121212121 0)
(1 0.2121212121 0)
(0 0.2424242424 0)
(0.0303030303 0.2424242424 0)
(0.06060606061 0.2424242424 0)
(0.09090909091 0.2424242424 0)
(0.1212121212 0.2424242424 0)
(0.1515151515 0.2424242424 0)
(0.1818181818 0.2424242424 0)
(0.2121212121 0.2424242424 0)
(0.2424242424 0.2424242424 0)
(0.2727272727 0.2424242424 0)
(0.303030303 0.2424242424 0)
(0.3333333333 0.2424242424 0)
(0.3636363636 0.2424242424 0)
(0.3939393939 0.2424242424 0)
(0.4242424242 0.2424242424 0)
(0.4545454545 0.2424242424 0)
(0.4848484848 0.2424242424 0)
(0.5151515152 0.2424242424 0)
(0.5454545455 0.2424242424 0)
(0.5757575758 0.2424242424 0)
(0.6060606061 0.2424242424 0)
(0.6363636364 0.2424242424 0)
(0.6666666667 0.2424242424 0)
(0.696969697 0.2424242424 0)
(0.7272727273 0.2424242424 0)
(0.7575757576 0.2424242424 0)
(0.7878787879 0.2424242424 0)
(0.8181818182 0.2424242424 0)
(0.8484848485 0.2424242424 0)
(0.8787878788 0.2424242424 0)
(0.9090909091 0.2424242424 0)
(0.9393939394 0.2424242424 0)
(0.9696969697 0.2424242424 0)
(1 0.2424242424 0)
(0 0.2727272727 0)
(0.0303030303 0.2727272727 0)
(0.06060606061 0.2727272727 0)
(0.09090909091 0.2727272727 0)
(0.1212121212 0.2727272727 0)
(0.1515151515 0.2727272727 0)
(0.1818181818 0.2727272727 0)
(0.2121212121 0.2727272727 0)
(0.2424242424 0.2727272727 0)
(0.2727272727 0.2727272727 0)
(0.303030303 0.2727272727 0)
(0.3333333333 0.2727272727 0)
(0.3636363636 0.2727272727 0)
(0.3939393939 0.2727272727 0)
(0.4242424242 0.2727272727 0)
(0.4545454545 0.2727272727 0)
(0.4848484848 0.2727272727 0)
(0.5151515152 0.2727272727 0)
(0.5454545455 0.2727272727 0)
(0.5757575758 0.2727272727 0)
(0.6060606061 0.2727272727 0)
(0.6363636364 0.2727272727 0)
(0.6666666667 0.2727272727 0)
(0.696969697 0.2727272727 0)
(0.7272727273 0.2727272727 0)
(0.7575757576 0.2727272727 0)
(0.7878787879 0.2727272727 0)
(0.8181818182 0.2727272727 0)
(0.8484848485 0.2727272727 0)
(0.8787878788 0.2727272727 0)
(0.9090909091 0.2727272727 0)
(0.9393939394 0.2727272727 0)
(0.9696969697 0.2727272727 0)
(1 0.2727272727 0)
(0 0.303030303 0)
(0.0303030303 0.303030303 0)
(0.06060606061 0.303030303 0)
(0.09090909091 0.303030303 0)
(0.1212121212 0.303030303 0)
(0.1515151515 0.303030303 0)
(0.1818181818 0.303030303 0)
(0.2121212121 0.303030303 0)
(0.2424242424 0.303030303 0)
(0.2727272727 0.303030303 0)
(0.303030303 0.303030303 0)
(0.3333333333 0.303030303 0)
(0.3636363636 0.303030303 0)
(0.3939393939 0.303030303 0)
(0.4242424242 0.303030303 0)
(0.4545454545 0.303030303 0)
(0.4848484848 0.303030303 0)
(0.5151515152 0.303030303 0)
(0.5454545455 0.303030303 0)
(0.5757575758 0.303030303 0)
(0.6060606061 0.303030303 0)
(0.6363636364 0.303030303 0)
(0.6666666667 0.303030303 0)
(0.696969697 0.303030303 0)
(0.7272727273 0.303030303 0)
(0.7575757576 0.303030303 0)
(0.7878787879 0.303030303 0)
(0.8181818182 0.303030303 0)
(0.8484848485 0.303030303 0)
(0.8787878788 0.303030303 0)
(0.9090909091 0.303030303 0)
(0.9393939394 0.303030303 0)
(0.9696969697 0.303030303 0)
(1 0.303030303 0)
(0 0.3333333333 0)
(0.0303030303 0.3333333333 0)
(0.06060606061 0.3333333333 0)
(0.09090909091 0.3333333333 0)
(0.1212121212 0.3333333333 0)
(0.1515151515 0.3333333333 0)
(0.1818181818 0.3333333333 0)
(0.2121212121 0.3333333333 0)
(0.2424242424 0.3333333333 0)
(0.2727272727 0.3333333333 0)
(0.303030303 0.3333333333 0)
(0.3333333333 0.3333333333 0)
(0.3636363636 0.3333333333 0)
(0.3939393939 0.3333333333 0)
(0.4242424242 0.3333333333 0)
(0.4545454545 0.3333333333 0)
(0.4848484848 0.3333333333 0)
(0.5151515152 0.3333333333 0)
(0.5454545455 0.3333333333 0)
(0.5757575758 0.3333333333 0)
(0.6060606061 0.3333333333 0)
(0.6363636364 0.3333333333 0)
(0.6666666667 0.3333333333 0)
(0.696969697 0.3333333333 0)
(0.7272727273 0.3333333333 0)
(0.7575757576 0.3333333333 0)
(0.7878787879 0.3333333333 0)
(0.8181818182 0.3333333333 0)
(0.8484848485 0.3333333333 0)
(0.8787878788 0.3333333333 0)
(0.9090909091 0.3333333333 0)
(0.9393939394 0.3333333333 0)
(0.9696969697 0.3333333333 0)
(1 0.3333333333 0)
(0 0.3636363636 0)
(0.0303030303 0.3636363636 0)
(0.06060606061 0.3636363636 0)
(0.09090909091 0.3636363636 0)
(0.1212121212 0.3636363636 0)
(0.1515151515 0.3636363636 0)
(0.1818181818 0.3636363636 0)
(0.2121212121 0.3636363636 0)
(0.2424242424 0.3636363636 0)
(0.2727272727 0.3636363636 0)
(0.303030303 0.3636363636 0)
(0.3333333333 0.3636363636 0)
(0.3636363636 0.3636363636 0)
(0.3939393939 0.3636363636 0)
(0.4242424242 0.3636363636 0)
(0.4545454545 0.3636363636 0)
(0.4848484848 0.3636363636 0)
(0.5151515152 0.3636363636 0)
(0.5454545455 0.3636363636 0)
(0.5757575758 0.3636363636 0)
(0.6060606061 0.3636363636 0)
(0.6363636364 0.3636363636 0)
(0.6666666667 0.3636363636 0)
(0.696969697 0.3636363636 0)
(0.7272727273 0.3636363636 0)
(0.7575757576 0.3636363636 0)
(0.7878787879 0.3636363636 0)
(0.8181818182 0.3636363636 0)
(0.8484848485 0.3636363636 0)
(0.8787878788 0.3636363636 0)
(0.9090909091 0.3636363636 0)
(0.9393939394 0.3636363636 0)
(0.9696969697 0.3636363636 0)
(1 0.3636363636 0)
(0 0.3939393939 0)
(0.0303030303 0.3939393939 0)
(0.06060606061 0.3939393939 0)
(0.09090909091 0.3939393939 0)
(0.1212121212 0.3939393939 0)
(0.1515151515 0.3939393939 0)
(0.1818181818 0.3939393939 0)
(0.2121212121 0.3939393939 0)
(0.2424242424 0.3939393939 0)
(0.2727272727 0.3939393939 0)
(0.303030303 0.3939393939 0)
(0.3333333333 0.3939393939 0)
(0.3636363636 0.3939393939 0)
(0.3939393939 0.3939393939 0)
(0.4242424242 0.3939393939 0)
(0.4545454545 0.3939393939 0)
(0.4848484848 0.3939393939 0)
(0.5151515152 0.3939393939 0)
(0.5454545455 0.3939393939 0)
(0.5757575758 0.3939393939 0)
(0.6060606061 0.3939393939 0)
(0.6363636364 0.3939393939 0)
(0.6666666667 0.3939393939 0)
(0.696969697 0.3939393939 0)
(0.7272727273 0.3939393939 0)
(0.7575757576 0.3939393939 0)
(0.7878787879 0.3939393939 0)
(0.8181818182 0.3939393939 0)
(0.8484848485 0.3939393939 0)
(0.8787878788 0.3939393939 0)
(0.9090909091 0.3939393939 0)
(0.9393939394 0.3939393939 0)
(0.9696969697 0.3939393939 0)
(1 0.3939393939 0)
(0 0.4242424242 0)
(0.0303030303 0.4242424242 0)
(0.06060606061 0.4242424242 0)
(0.09090909091 0.4242424242 0)
(0.1212121212 0.4242424242 0)
(0.1515151515 0.4242424242 0)
(0.1818181818 0.4242424242 0)
(0.2121212121 0.4242424242 0)
(0.2424242424 0.4242424242 0)
(0.2727272727 0.4242424242 0)
(0.303030303 0.4242424242 0)
(0.3333333333 0.4242424242 0)
(0.3636363636 0.4242424242 0)
(0.3939393939 0.4242424242 0)
(0.4242424242 0.4242424242 0)
(0.4545454545 0.4242424242 0)
(0.4848484848 0.4242424242 0)
(0.5151515152 0.4242424242 0)
(0.5454545455 0.4242424242 0)
(0.5757575758 0.4242424242 0)
(0.6060606061 0.4242424242 0)
(0.6363636364 0.4242424242 0)
(0.6666666667 0.4242424242 0)
(0.696969697 0.4242424242 0)
(0.7272727273 0.4242424242 0)
(0.7575757576 0.4242424242 0)
(0.7878787879 0.4242424242 0)
(0.8181818182 0.4242424242 0)
(0.8484848485 0.4242424242 0)
(0.8787878788 0.4242424242 0)
(0.9090909091 0.4242424242 0)
(0.9393939394 0.4242424242 0)
(0.9696969697 0.4242424242 0)
(1 0.4242424242 0)
(0 0.4545454545 0)
(0.0303030303 0.4545454545 0)
(0.06060606061 0.4545454545 0)
(0.09090909091 0.4545454545 0)
(0.1212121212 0.4545454545 0)
(0.1515151515 0.4545454545 0)
(0.1818181818 0.4545454545 0)
(0.2121212121 0.4545454545 0)
(0.2424242424 0.4545454545 0)
(0.2727272727 0.4545454545 0)
(0.303030303 0.4545454545 0)
(0.3333333333 0.4545454545 0)
(0.3636363636 0.4545454545 0)
(0.3939393939 0.4545454545 0)
(0.4242424242 0.4545454545 0)
(0.4545454545 0.4545454545 0)
(0.4848484848 0.4545454545 0)
(0.5151515152 0.4545454545 0)
(0.5454545455 0.4545454545 0)
(0.5757575758 0.4545454545 0)
(0.6060606061 0.4545454545 0)
(0.6363636364 0.4545454545 0)
(0.6666666667 0.4545454545 0)
(0.696969697 0.4545454545 0)
(0.7272727273 0.4545454545 0)
(0.7575757576 0.4545454545 0)
(0.7878787879 0.4545454545 0)
(0.8181818182 0.4545454545 0)
(0.8484848485 0.4545454545 0)
(0.8787878788 0.4545454545 0)
(0.9090909091 0.4545454545 0)
(0.9393939394 0.4545454545 0)
(0.9696969697 0.4545454545 0)
(1 0.4545454545 0)
(0 0.4848484848 0)
(0.0303030303 0.4848484848 0)
(0.06060606061 0.4848484848 0)
(0.09090909091 0.4848484848 0)
(0.1212121212 0.4848484848 0)
(0.1515151515 0.4848484848 0)
(0.1818181818 0.4848484848 0)
(0.2121212121 0.4848484848 0)
(0.2424242424 0.4848484848 0)
(0.2727272727 0.4848484848 0)
(0.303030303 0.4848484848 0)
(0.3333333333 0.4848484848 0)
(0.3636363636 0.4848484848 0)
(0.3939393939 0.4848484848 0)
(0.4242424242 0.4848484848 0)
(0.4545454545 0.4848484848 0)
(0.4848484848 0.4848484848 0)
(0.5151515152 0.4848484848 0)
(0.5454545455 0.4848484848 0)
(0.5757575758 0.4848484848 0)
(0.6060606061 0.4848484848 0)
(0.6363636364 0.4848484848 0)
(0.6666666667 0.4848484848 0)
(0.696969697 0.4848484848 0)
(0.7272727273 0.4848484848 0)
(0.7575757576 0.4848484848 0)
(0.7878787879 0.4848484848 0)
(0.8181818182 0.4848484848 0)
(0.8484848485 0.4848484848 0)
(0.8787878788 0.4848484848 0)
(0.9090909091 0.4848484848 0)
(0.9393939394 0.4848484848 0)
(0.9696969697 0.4848484848 0)
(1 0.4848484848 0)
(0 0.5151515152 0)
(0.0303030303 0.5151515152 0)
(0.06060606061 0.5151515152 0)
(0.09090909091 0.5151515152 0)
(0.1212121212 0.5151515152 0)
(0.1515151515 0.5151515152 0)
(0.1818181818 0.5151515152 0)
(0.2121212121 0.5151515152 0)
(0.2424242424 0.5151515152 0)
(0.2727272727 0.5151515152 0)
(0.303030303 0.5151515152 0)
(0.3333333333 0.5151515152 0)
(0.3636363636 0.5151515152 0)
(0.3939393939 0.5151515152 0)
(0.4242424242 0.5151515152 0)
(0.4545454545 0.5151515152 0)
(0.4848484848 0.5151515152 0)
(0.5151515152 0.5151515152 0)
(0.5454545455 0.5151515152 0)
(0.5757575758 0.5151515152 0)
(0.6060606061 0.5151515152 0)
(0.6363636364 0.5151515152 0)
(0.6666666667 0.5151515152 0)
(0.696969697 0.5151515152 0)
(0.7272727273 0.5151515152 0)
(0.7575757576 0.5151515152 0)
(0.7878787879 0.5151515152 0)
(0.8181818182 0.5151515152 0)
(0.8484848485 0.5151515152 0)
(0.8787878788 0.5151515152 0)
(0.9090909091 0.5151515152 0)
(0.9393939394 0.5151515152 0)
(0.9696969697 0.5151515152 0)
(1 0.5151515152 0)
(0 0.5454545455 0)
(0.0303030303 0.5454545455 0)
(0.06060606061 0.5454545455 0)
(0.09090909091 0.5454545455 0)
(0.1212121212 0.5454545455 0)
(0.1515151515 0.5454545455 0)
(0.1818181818 0.5454545455 0)
(0.2121212121 0.5454545455 0)
(0.2424242424 0.5454545455 0)
(0.2727272727 0.5454545455 0)
(0.303030303 0.5454545455 0)
(0.3333333333 0.5454545455 0)
(0.3636363636 0.5454545455 0)
(0.3939393939 0.5454545455 0)
(0.4242424242 0.5454545455 0)
(0.4545454545 0.5454545455 0)
(0.4848484848 0.5454545455 0)
(0.5151515152 0.5454545455 0)
(0.5454545455 0.5454545455 0)
(0.5757575758 0.5454545455 0)
(0.6060606061 0.5454545455 0)
(0.6363636364 0.5454545455 0)
(0.6666666667 0.5454545455 0)
(0.696969697 0.5454545455 0)
(0.7272727273 0.5454545455 0)
(0.7575757576 0.5454545455 0)
(0.7878787879 0.5454545455 0)
(0.8181818182 0.5454545455 0)
(0.8484848485 0.5454545455 0)
(0.8787878788 0.5454545455 0)
(0.9090909091 0.5454545455 0)
(0.9393939394 0.5454545455 0)
(0.9696969697 0.5454545455 0)
(1 0.5454545455 0)
(0 0.5757575758 0)
(0.0303030303 0.5757575758 0)
(0.06060606061 0.5757575758 0)
(0.09090909091 0.5757575758 0)
(0.1212121212 0.5757575758 0)
(0.1515151515 0.5757575758 0)
(0.1818181818 0.5757575758 0)
(0.2121212121 0.5757575758 0)
(0.2424242424 0.5757575758 0)
(0.2727272727 0.5757575758 0)
(0.303030303 0.5757575758 0)
(0.3333333333 0.5757575758 0)
(0.3636363636 0.5757575758 0)
(0.3939393939 0.5757575758 0)
(0.4242424242 0.5757575758 0)
(0.4545454545 0.5757575758 0)
(0.4848484848 0.5757575758 0)
(0.5151515152 0.5757575758 0)
(0.5454545455 0.5757575758 0)
(0.5757575758 0.5757575758 0)
(0.6060606061 0.5757575758 0)
(0.6363636364 0.5757575758 0)
(0.6666666667 0.5757575758 0)
(0.696969697 0.5757575758 0)
(0.7272727273 0.5757575758 0)
(0.7575757576 0.5757575758 0)
(0.7878787879 0.5757575758 0)
(0.8181818182 0.5757575758 0)
(0.8484848485 0.5757575758 0)
(0.8787878788 0.5757575758 0)
(0.9090909091 0.5757575758 0)
(0.9393939394 0.5757575758 0)
(0.9696969697 0.5757575758 0)
(1 0.5757575758 0)
(0 0.6060606061 0)
(0.0303030303 0.6060606061 0)
(0.06060606061 0.6060606061 0)
(0.09090909091 0.6060606061 0)
(0.1212121212 0.6060606061 0)
(0.1515151515 0.6060606061 0)
(0.1818181818 0.6060606061 0)
(0.2121212121 0.6060606061 0)
(0.2424242424 0.6060606061 0)
(0.2727272727 0.6060606061 0)
(0.303030303 0.6060606061 0)
(0.3333333333 0.6060606061 0)
(0.3636363636 0.6060606061 0)
(0.3939393939 0.6060606061 0)
(0.4242424242 0.6060606061 0)
(0.4545454545 0.6060606061 0)
(0.4848484848 0.6060606061 0)
(0.5151515152 0.6060606061 0)
(0.5454545455 0.6060606061 0)
(0.5757575758 0.6060606061 0)
(0.6060606061 0.6060606061 0)
(0.6363636364 0.6060606061 0)
(0.6666666667 0.6060606061 0)
(0.696969697 0.6060606061 0)
(0.7272727273 0.6060606061 0)
(0.7575757576 0.6060606061 0)
(0.7878787879 0.6060606061 0)
(0.8181818182 0.6060606061 0)
(0.8484848485 0.6060606061 0)
(0.8787878788 0.6060606061 0)
(0.9090909091 0.6060606061 0)
(0.9393939394 0.6060606061 0)
(0.9696969697 0.6060606061 0)
(1 0.6060606061 0)
(0 0.6363636364 0)
(0.0303030303 0.6363636364 0)
(0.06060606061 0.6363636364 0)
(0.09090909091 0.6363636364 0)
(0.1212121212 0.6363636364 0)
(0.1515151515 0.6363636364 0)
(0.1818181818 0.6363636364 0)
(0.2121212121 0.6363636364 0)
(0.2424242424 0.6363636364 0)
(0.2727272727 0.6363636364 0)
(0.303030303 0.6363636364 0)
(0.3333333333 0.6363636364 0)
(0.3636363636 0.6363636364 0)
(0.3939393939 0.6363636364 0)
(0.4242424242 0.6363636364 0)
(0.4545454545 0.6363636364 0)
(0.4848484848 0.6363636364 0)
(0.5151515152 0.6363636364 0)
(0.5454545455 0.6363636364 0)
(0.5757575758 0.6363636364 0)
(0.6060606061 0.6363636364 0)
(0.6363636364 0.6363636364 0)
(0.6666666667 0.6363636364 0)
(0.696969697 0.6363636364 0)
(0.7272727273 0.6363636364 0)
(0.7575757576 0.6363636364 0)
(0.7878787879 0.6363636364 0)
(0.8181818182 0.6363636364 0)
(0.8484848485 0.6363636364 0)
(0.8787878788 0.6363636364 0)
(0.9090909091 0.6363636364 0)
(0.9393939394 0.6363636364 0)
(0.9696969697 0.6363636364 0)
(1 0.6363636364 0)
(0 0.6666666667 0)
(0.0303030303 0.6666666667 0)
(0.06060606061 0.6666666667 0)
(0.09090909091 0.6666666667 0)
(0.1212121212 0.6666666667 0)
(0.1515151515 0.6666666667 0)
(0.1818181818 0.6666666667 0)
(0.2121212121 0.6666666667 0)
(0.2424242424 0.6666666667 0)
(0.2727272727 0.6666666667 0)
(0.303030303 0.6666666667 0)
(0.3333333333 0.6666666667 0)
(0.3636363636 0.6666666667 0)
(0.3939393939 0.6666666667 0)
(0.4242424242 0.6666666667 0)
(0.4545454545 0.6666666667 0)
(0.4848484848 0.6666666667 0)
(0.5151515152 0.6666666667 0)
(0.5454545455 0.6666666667 0)
(0.5757575758 0.6666666667 0)
(0.6060606061 0.6666666667 0)
(0.6363636364 0.6666666667 0)
(0.6666666667 0.6666666667 0)
(0.696969697 0.6666666667 0)
(0.7272727273 0.6666666667 0)
(0.7575757576 0.6666666667 0)
(0.7878787879 0.6666666667 0)
(0.8181818182 0.6666666667 0)
(0.8484848485 0.6666666667 0)
(0.8787878788 0.6666666667 0)
(0.9090909091 0.6666666667 0)
(0.9393939394 0.6666666667 0)
(0.9696969697 0.6666666667 0)
(1 0.6666666667 0)
(0 0.696969697 0)
(0.0303030303 0.696969697 0)
(0.06060606061 0.696969697 0)
(0.09090909091 0.696969697 0)
(0.1212121212 0.696969697 0)
(0.1515151515 0.696969697 0)
(0.1818181818 0.696969697 0)
(0.2121212121 0.696969697 0)
(0.2424242424 0.696969697 0)
(0.2727272727 0.696969697 0)
(0.303030303 0.696969697 0)
(0.3333333333 0.696969697 0)
(0.3636363636 0.696969697 0)
(0.3939393939 0.696969697 0)
(0.4242424242 0.696969697 0)
(0.4545454545 0.696969697 0)
(0.4848484848 0.696969697 0)
(0.5151515152 0.696969697 0)
(0.5454545455 0.696969697 0)
(0.5757575758 0.696969697 0)
(0.6060606061 0.696969697 0)
(0.6363636364 0.696969697 0)
(0.6666666667 0.696969697 0)
(0.696969697 0.696969697 0)
(0.7272727273 0.696969697 0)
(0.7575757576 0.696969697 0)
(0.7878787879 0.696969697 0)
(0.8181818182 0.696969697 0)
(0.8484848485 0.696969697 0)
(0.8787878788 0.696969697 0)
(0.9090909091 0.696969697 0)
(0.9393939394 0.696969697 0)
(0.9696969697 0.696969697 0)
(1 0.696969697 0)
(0 0.7272727273 0)
(0.0303030303 0.7272727273 0)
(0.06060606061 0.7272727273 0)
(0.09090909091 0.7272727273 0)
(0.1212121212 0.7272727273 0)
(0.1515151515 0.7272727273 0)
(0.1818181818 0.7272727273 0)
(0.2121212121 0.7272727273 0)
(0.2424242424 0.7272727273 0)
(0.2727272727 0.7272727273 0)
(0.303030303 0.7272727273 0)
(0.3333333333 0.7272727273 0)
(0.3636363636 0.7272727273 0)
(0.3939393939 0.7272727273 0)
(0.4242424242 0.7272727273 0)
(0.4545454545 0.7272727273 0)
(0.4848484848 0.7272727273 0)
(0.5151515152 0.7272727273 0)
(0.5454545455 0.7272727273 0)
(0.5757575758 0.7272727273 0)
(0.6060606061 0.7272727273 0)
(0.6363636364 0.7272727273 0)
(0.6666666667 0.7272727273 0)
(0.696969697 0.7272727273 0)
(0.7272727273 0.7272727273 0)
(0.7575757576 0.7272727273 0)
(0.7878787879 0.7272727273 0)
(0.8181818182 0.7272727273 0)
(0.8484848485 0.7272727273 0)
(0.8787878788 0.7272727273 0)
(0.9090909091 0.7272727273 0)
(0.9393939394 0.7272727273 0)
(0.9696969697 0.7272727273 0)
(1 0.7272727273 0)
(0 0.7575757576 0)
(0.0303030303 0.7575757576 0)
(0.06060606061 0.7575757576 0)
(0.09090909091 0.7575757576 0)
(0.1212121212 0.7575757576 0)
(0.1515151515 0.7575757576 0)
(0.1818181818 0.7575757576 0)
(0.2121212121 0.7575757576 0)
(0.2424242424 0.7575757576 0)
(0.2727272727 0.7575757576 0)
(0.303030303 0.7575757576 0)
(0.3333333333 0.7575757576 0)
(0.3636363636 0.7575757576 0)
(0.3939393939 0.7575757576 0)
(0.4242424242 0.7575757576 0)
(0.4545454545 0.7575757576 0)
(0.4848484848 0.7575757576 0)
(0.5151515152 0.7575757576 0)
(0.5454545455 0.7575757576 0)
(0.5757575758 0.7575757576 0)
(0.6060606061 0.7575757576 0)
(0.6363636364 0.7575757576 0)
(0.6666666667 0.7575757576 0)
(0.696969697 0.7575757576 0)
(0.7272727273 0.7575757576 0)
(0.7575757576 0.7575757576 0)
(0.7878787879 0.7575757576 0)
(0.8181818182 0.7575757576 0)
(0.8484848485 0.7575757576 0)
(0.8787878788 0.7575757576 0)
(0.9090909091 0.7575757576 0)
(0.9393939394 0.7575757576 0)
(0.9696969697 0.7575757576 0)
(1 0.7575757576 0)
(0 0.7878787879 0)
(0.0303030303 0.7878787879 0)
(0.06060606061 0.7878787879 0)
(0.09090909091 0.7878787879 0)
(0.1212121212 0.7878787879 0)
(0.1515151515 0.7878787879 0)
(0.1818181818 0.7878787879 0)
(0.2121212121 0.7878787879 0)
(0.2424242424 0.7878787879 0)
(0.2727272727 0.7878787879 0)
(0.303030303 0.7878787879 0)
(0.3333333333 0.7878787879 0)
(0.3636363636 0.7878787879 0)
(0.3939393939 0.7878787879 0)
(0.4242424242 0.7878787879 0)
(0.4545454545 0.7878787879 0)
(0.4848484848 0.7878787879 0)
(0.5151515152 0.7878787879 0)
(0.5454545455 0.7878787879 0)
(0.5757575758 0.7878787879 0)
(0.6060606061 0.7878787879 0)
(0.6363636364 0.7878787879 0)
(0.6666666667 0.7878787879 0)
(0.696969697 0.7878787879 0)
(0.7272727273 0.7878787879 0)
(0.7575757576 0.7878787879 0)
(0.7878787879 0.7878787879 0)
(0.8181818182 0.7878787879 0)
(0.8484848485 0.7878787879 0)
(0.8787878788 0.7878787879 0)
(0.9090909091 0.7878787879 0)
(0.9393939394 0.7878787879 0)
(0.9696969697 0.7878787879 0)
(1 0.7878787879 0)
(0 0.8181818182 0)
(0.0303030303 0.8181818182 0)
(0.06060606061 0.8181818182 0)
(0.09090909091 0.8181818182 0)
(0.1212121212 0.8181818182 0)
(0.1515151515 0.8181818182 0)
(0.1818181818 0.8181818182 0)
(0.2121212121 0.8181818182 0)
(0.2424242424 0.8181818182 0)
(0.2727272727 0.8181818182 0)
(0.303030303 0.8181818182 0)
(0.3333333333 0.8181818182 0)
(0.3636363636 0.8181818182 0)
(0.3939393939 0.8181818182 0)
(0.4242424242 0.8181818182 0)
(0.4545454545 0.8181818182 0)
(0.4848484848 0.8181818182 0)
(0.5151515152 0.8181818182 0)
(0.5454545455 0.8181818182 0)
(0.5757575758 0.8181818182 0)
(0.6060606061 0.8181818182 0)
(0.6363636364 0.8181818182 0)
(0.6666666667 0.8181818182 0)
(0.696969697 0.8181818182 0)
(0.7272727273 0.8181818182 0)
(0.7575757576 0.8181818182 0)
(0.7878787879 0.8181818182 0)
(0.8181818182 0.8181818182 0)
(0.8484848485 0.8181818182 0)
(0.8787878788 0.8181818182 0)
(0.9090909091 0.8181818182 0)
(0.9393939394 0.8181818182 0)
(0.9696969697 0.8181818182 0)
(1 0.8181818182 0)
(0 0.8484848485 0)
(0.0303030303 0.8484848485 0)
(0.06060606061 0.8484848485 0)
(0.09090909091 0.8484848485 0)
(0.1212121212 0.8484848485 0)
(0.1515151515 0.8484848485 0)
(0.1818181818 0.8484848485 0)
(0.2121212121 0.8484848485 0)
(0.2424242424 0.8484848485 0)
(0.2727272727 0.8484848485 0)
(0.303030303 0.8484848485 0)
(0.3333333333 0.8484848485 0)
(0.3636363636 0.8484848485 0)
(0.3939393939 0.8484848485 0)
(0.4242424242 0.8484848485 0)
(0.4545454545 0.8484848485 0)
(0.4848484848 0.8484848485 0)
(0.5151515152 0.8484848485 0)
(0.5454545455 0.8484848485 0)
(0.5757575758 0.8484848485 0)
(0.6060606061 0.8484848485 0)
(0.6363636364 0.8484848485 0)
(0.6666666667 0.8484848485 0)
(0.696969697 0.8484848485 0)
(0.7272727273 0.8484848485 0)
(0.7575757576 0.8484848485 0)
(0.7878787879 0.8484848485 0)
(0.8181818182 0.8484848485 0)
(0.8484848485 0.8484848485 0)
(0.8787878788 0.8484848485 0)
(0.9090909091 0.8484848485 0)
(0.9393939394 0.8484848485 0)
(0.9696969697 0.8484848485 0)
(1 0.8484848485 0)
(0 0.8787878788 0)
(0.0303030303 0.8787878788 0)
(0.06060606061 0.8787878788 0)
(0.09090909091 0.8787878788 0)
(0.1212121212 0.8787878788 0)
(0.1515151515 0.8787878788 0)
(0.1818181818 0.8787878788 0)
(0.2121212121 0.8787878788 0)
(0.2424242424 0.8787878788 0)
(0.2727272727 0.8787878788 0)
(0.303030303 0.8787878788 0)
(0.3333333333 0.8787878788 0)
(0.3636363636 0.8787878788 0)
(0.3939393939 0.8787878788 0)
(0.4242424242 0.8787878788 0)
(0.4545454545 0.8787878788 0)
(0.4848484848 0.8787878788 0)
(0.5151515152 0.8787878788 0)
(0.5454545455 0.8787878788 0)
(0.5757575758 0.8787878788 0)
(0.6060606061 0.8787878788 0)
(0.6363636364 0.8787878788 0)
(0.6666666667 0.8787878788 0)
(0.696969697 0.8787878788 0)
(0.7272727273 0.8787878788 0)
(0.7575757576 0.8787878788 0)
(0.7878787879 0.8787878788 0)
(0.8181818182 0.8787878788 0)
(0.8484848485 0.8787878788 0)
(0.8787878788 0.8787878788 0)
(0.9090909091 0.8787878788 0)
(0.9393939394 0.8787878788 0)
(0.9696969697 0.8787878788 0)
(1 0.8787878788 0)
(0 0.9090909091 0)
(0.0303030303 0.9090909091 0)
(0.06060606061 0.9090909091 0)
(0.09090909091 0.9090909091 0)
(0.1212121212 0.9090909091 0)
(0.1515151515 0.9090909091 0)
(0.1818181818 0.9090909091 0)
(0.2121212121 0.9090909091 0)
(0.2424242424 0.9090909091 0)
(0.2727272727 0.9090909091 0)
(0.303030303 0.9090909091 0)
(0.3333333333 0.9090909091 0)
(0.3636363636 0.9090909091 0)
(0.3939393939 0.9090909091 0)
(0.4242424242 0.9090909091 0)
(0.4545454545 0.9090909091 0)
(0.4848484848 0.9090909091 0)
(0.5151515152 0.9090909091 0)
(0.5454545455 0.9090909091 0)
(0.5757575758 0.9090909091 0)
(0.6060606061 0.9090909091 0)
(0.6363636364 0.9090909091 0)
(0.6666666667 0.9090909091 0)
(0.696969697 0.9090909091 0)
(0.7272727273 0.9090909091 0)
(0.7575757576 0.9090909091 0)
(0.7878787879 0.9090909091 0)
(0.8181818182 0.9090909091 0)
(0.8484848485 0.9090909091 0)
(0.8787878788 0.9090909091 0)
(0.9090909091 0.9090909091 0)
(0.9393939394 0.9090909091 0)
(0.9696969697 0.9090909091 0)
(1 0.9090909091 0)
(0 0.9393939394 0)
(0.0303030303 0.9393939394 0)
(0.06060606061 0.9393939394 0)
(0.09090909091 0.9393939394 0)
(0.1212121212 0.9393939394 0)
(0.1515151515 0.9393939394 0)
(0.1818181818 0.9393939394 0)
(0.2121212121 0.9393939394 0)
(0.2424242424 0.9393939394 0)
(0.2727272727 0.9393939394 0)
(0.303030303 0.9393939394 0)
(0.3333333333 0.9393939394 0)
(0.3636363636 0.9393939394 0)
(0.3939393939 0.9393939394 0)
(0.4242424242 0.9393939394 0)
(0.4545454545 0.9393939394 0)
(0.4848484848 0.9393939394 0)
(0.5151515152 0.9393939394 0)
(0.5454545455 0.9393939394 0)
(0.5757575758 0.9393939394 0)
(0.6060606061 0.9393939394 0)
(0.6363636364 0.9393939394 0)
(0.6666666667 0.9393939394 0)
(0.696969697 0.9393939394 0)
(0.7272727273 0.9393939394 0)
(0.7575757576 0.9393939394 0)
(0.7878787879 0.9393939394 0)
(0.8181818182 0.9393939394 0)
(0.8484848485 0.9393939394 0)
(0.8787878788 0.9393939394 0)
(0.9090909091 0.9393939394 0)
(0.9393939394 0.9393939394 0)
(0.9696969697 0.9393939394 0)
(1 0.9393939394 0)
(0 0.9696969697 0)
(0.0303030303 0.9696969697 0)
(0.06060606061 0.9696969697 0)
(0.09090909091 0.9696969697 0)
(0.1212121212 0.9696969697 0)
(0.1515151515 0.9696969697 0)
(0.1818181818 0.9696969697 0)
(0.2121212121 0.9696969697 0)
(0.2424242424 0.9696969697 0)
(0.2727272727 0.9696969697 0)
(0.303030303 0.9696969697 0)
(0.3333333333 0.9696969697 0)
(0.3636363636 0.9696969697 0)
(0.3939393939 0.9696969697 0)
(0.4242424242 0.9696969697 0)
(0.4545454545 0.9696969697 0)
(0.4848484848 0.9696969697 0)
(0.5151515152 0.9696969697 0)
(0.5454545455 0.9696969697 0)
(0.5757575758 0.9696969697 0)
(0.6060606061 0.9696969697 0)
(0.6363636364 0.9696969697 0)
(0.6666666667 0.9696969697 0)
(0.696969697 0.9696969697 0)
(0.7272727273 0.9696969697 0)
(0.7575757576 0.9696969697 0)
(0.7878787879 0.9696969697 0)
(0.8181818182 0.9696969697 0)
(0.8484848485 0.9696969697 0)
(0.8787878788 0.9696969697 0)
(0.9090909091 0.9696969697 0)
(0.9393939394 0.9696969697 0)
(0.9696969697 0.9696969697 0)
(1 0.9696969697 0)
(0 1 0)
(0.0303030303 1 0)
(0.06060606061 1 0)
(0.09090909091 1 0)
(0.1212121212 1 0)
(0.1515151515 1 0)
(0.1818181818 1 0)
(0.2121212121 1 0)
(0.2424242424 1 0)
(0.2727272727 1 0)
(0.303030303 1 0)
(0.3333333333 1 0)
(0.3636363636 1 0)
(0.3939393939 1 0)
(0.4242424242 1 0)
(0.4545454545 1 0)
(0.4848484848 1 0)
(0.5151515152 1 0)
(0.5454545455 1 0)
(0.5757575758 1 0)
(0.6060606061 1 0)
(0.6363636364 1 0)
(0.6666666667 1 0)
(0.696969697 1 0)
(0.7272727273 1 0)
(0.7575757576 1 0)
(0.7878787879 1 0)
(0.8181818182 1 0)
(0.8484848485 1 0)
(0.8787878788 1 0)
(0.9090909091 1 0)
(0.9393939394 1 0)
(0.9696969697 1 0)
(1 1 0)
(0 0 1)
(0.0303030303 0 1)
(0.06060606061 0 1)
(0.09090909091 0 1)
(0.1212121212 0 1)
(0.1515151515 0 1)
(0.1818181818 0 1)
(0.2121212121 0 1)
(0.2424242424 0 1)
(0.2727272727 0 1)
(0.303030303 0 1)
(0.3333333333 0 1)
(0.3636363636 0 1)
(0.3939393939 0 1)
(0.4242424242 0 1)
(0.4545454545 0 1)
(0.4848484848 0 1)
(0.5151515152 0 1)
(0.5454545455 0 1)
(0.5757575758 0 1)
(0.6060606061 0 1)
(0.6363636364 0 1)
(0.6666666667 0 1)
(0.696969697 0 1)
(0.7272727273 0 1)
(0.7575757576 0 1)
(0.7878787879 0 1)
(0.8181818182 0 1)
(0.8484848485 0 1)
(0.8787878788 0 1)
(0.9090909091 0 1)
(0.9393939394 0 1)
(0.9696969697 0 1)
(1 0 1)
(0 0.0303030303 1)
(0.0303030303 0.0303030303 1)
(0.06060606061 0.0303030303 1)
(0.09090909091 0.0303030303 1)
(0.1212121212 0.0303030303 1)
(0.1515151515 0.0303030303 1)
(0.1818181818 0.0303030303 1)
(0.2121212121 0.0303030303 1)
(0.2424242424 0.0303030303 1)
(0.2727272727 0.0303030303 1)
(0.303030303 0.0303030303 1)
(0.3333333333 0.0303030303 1)
(0.3636363636 0.0303030303 1)
(0.3939393939 0.0303030303 1)
(0.4242424242 0.0303030303 1)
(0.4545454545 0.0303030303 1)
(0.4848484848 0.0303030303 1)
(0.5151515152 0.0303030303 1)
(0.5454545455 0.0303030303 1)
(0.5757575758 0.0303030303 1)
(0.6060606061 0.0303030303 1)
(0.6363636364 0.0303030303 1)
(0.6666666667 0.0303030303 1)
(0.696969697 0.0303030303 1)
(0.7272727273 0.0303030303 1)
(0.7575757576 0.0303030303 1)
(0.7878787879 0.0303030303 1)
(0.8181818182 0.0303030303 1)
(0.8484848485 0.0303030303 1)
(0.8787878788 0.0303030303 1)
(0.9090909091 0.0303030303 1)
(0.9393939394 0.0303030303 1)
(0.9696969697 0.0303030303 1)
(1 0.0303030303 1)
(0 0.06060606061 1)
(0.0303030303 0.06060606061 1)
(0.06060606061 0.06060606061 1)
(0.09090909091 0.06060606061 1)
(0.1212121212 0.06060606061 1)
(0.1515151515 0.06060606061 1)
(0.1818181818 0.06060606061 1)
(0.2121212121 0.06060606061 1)
(0.2424242424 0.06060606061 1)
(0.2727272727 0.06060606061 1)
(0.303030303 0.06060606061 1)
(0.3333333333 0.06060606061 1)
(0.3636363636 0.06060606061 1)
(0.3939393939 0.06060606061 1)
(0.4242424242 0.06060606061 1)
(0.4545454545 0.06060606061 1)
(0.4848484848 0.06060606061 1)
(0.5151515152 0.06060606061 1)
(0.5454545455 0.06060606061 1)
(0.5757575758 0.06060606061 1)
(0.6060606061 0.06060606061 1)
(0.6363636364 0.06060606061 1)
(0.6666666667 0.06060606061 1)
(0.696969697 0.06060606061 1)
(0.7272727273 0.06060606061 1)
(0.7575757576 0.06060606061 1)
(0.7878787879 0.06060606061 1)
(0.8181818182 0.06060606061 1)
(0.8484848485 0.06060606061 1)
(0.8787878788 0.06060606061 1)
(0.9090909091 0.06060606061 1)
(0.9393939394 0.06060606061 1)
(0.9696969697 0.06060606061 1)
(1 0.06060606061 1)
(0 0.09090909091 1)
(0.0303030303 0.09090909091 1)
(0.06060606061 0.09090909091 1)
(0.09090909091 0.09090909091 1)
(0.1212121212 0.09090909091 1)
(0.1515151515 0.09090909091 1)
(0.1818181818 0.09090909091 1)
(0.2121212121 0.09090909091 1)
(0.2424242424 0.09090909091 1)
(0.2727272727 0.09090909091 1)
(0.303030303 0.09090909091 1)
(0.3333333333 0.09090909091 1)
(0.3636363636 0.09090909091 1)
(0.3939393939 0.09090909091 1)
(0.4242424242 0.09090909091 1)
(0.4545454545 0.09090909091 1)
(0.4848484848 0.09090909091 1)
(0.5151515152 0.09090909091 1)
(0.5454545455 0.09090909091 1)
(0.5757575758 0.09090909091 1)
(0.6060606061 0.09090909091 1)
(0.6363636364 0.09090909091 1)
(0.6666666667 0.09090909091 1)
(0.696969697 0.09090909091 1)
(0.7272727273 0.09090909091 1)
(0.7575757576 0.09090909091 1)
(0.7878787879 0.09090909091 1)
(0.8181818182 0.09090909091 1)
(0.8484848485 0.09090909091 1)
(0.8787878788 0.09090909091 1)
(0.9090909091 0.09090909091 1)
(0.9393939394 0.09090909091 1)
(0.9696969697 0.09090909091 1)
(1 0.09090909091 1)
(0 0.1212121212 1)
(0.0303030303 0.1212121212 1)
(0.06060606061 0.1212121212 1)
(0.09090909091 0.1212121212 1)
(0.1212121212 0.1212121212 1)
(0.1515151515 0.1212121212 1)
(0.1818181818 0.1212121212 1)
(0.2121212121 0.1212121212 1)
(0.2424242424 0.1212121212 1)
(0.2727272727 0.1212121212 1)
(0.303030303 0.1212121212 1)
(0.3333333333 0.1212121212 1)
(0.3636363636 0.1212121212 1)
(0.3939393939 0.1212121212 1)
(0.4242424242 0.1212121212 1)
(0.4545454545 0.1212121212 1)
(0.4848484848 0.1212121212 1)
(0.5151515152 0.1212121212 1)
(0.5454545455 0.1212121212 1)
(0.5757575758 0.1212121212 1)
(0.6060606061 0.1212121212 1)
(0.6363636364 0.1212121212 1)
(0.6666666667 0.1212121212 1)
(0.696969697 0.1212121212 1)
(0.7272727273 0.1212121212 1)
(0.7575757576 0.1212121212 1)
(0.7878787879 0.1212121212 1)
(0.8181818182 0.1212121212 1)
(0.8484848485 0.1212121212 1)
(0.8787878788 0.1212121212 1)
(0.9090909091 0.1212121212 1)
(0.9393939394 0.1212121212 1)
(0.9696969697 0.1212121212 1)
(1 0.1212121212 1)
(0 0.1515151515 1)
(0.0303030303 0.1515151515 1)
(0.06060606061 0.1515151515 1)
(0.09090909091 0.1515151515 1)
(0.1212121212 0.1515151515 1)
(0.1515151515 0.1515151515 1)
(0.1818181818 0.1515151515 1)
(0.2121212121 0.1515151515 1)
(0.2424242424 0.1515151515 1)
(0.2727272727 0.1515151515 1)
(0.303030303 0.1515151515 1)
(0.3333333333 0.1515151515 1)
(0.3636363636 0.1515151515 1)
(0.3939393939 0.1515151515 1)
(0.4242424242 0.1515151515 1)
(0.4545454545 0.1515151515 1)
(0.4848484848 0.1515151515 1)
(0.5151515152 0.1515151515 1)
(0.5454545455 0.1515151515 1)
(0.5757575758 0.1515151515 1)
(0.6060606061 0.1515151515 1)
(0.6363636364 0.1515151515 1)
(0.6666666667 0.1515151515 1)
(0.696969697 0.1515151515 1)
(0.7272727273 0.1515151515 1)
(0.7575757576 0.1515151515 1)
(0.7878787879 0.1515151515 1)
(0.8181818182 0.1515151515 1)
(0.8484848485 0.1515151515 1)
(0.8787878788 0.1515151515 1)
(0.9090909091 0.1515151515 1)
(0.9393939394 0.1515151515 1)
(0.9696969697 0.1515151515 1)
(1 0.1515151515 1)
(0 0.1818181818 1)
(0.0303030303 0.1818181818 1)
(0.06060606061 0.1818181818 1)
(0.09090909091 0.1818181818 1)
(0.1212121212 0.1818181818 1)
(0.1515151515 0.1818181818 1)
(0.1818181818 0.1818181818 1)
(0.2121212121 0.1818181818 1)
(0.2424242424 0.1818181818 1)
(0.2727272727 0.1818181818 1)
(0.303030303 0.1818181818 1)
(0.3333333333 0.1818181818 1)
(0.3636363636 0.1818181818 1)
(0.3939393939 0.1818181818 1)
(0.4242424242 0.1818181818 1)
(0.4545454545 0.1818181818 1)
(0.4848484848 0.1818181818 1)
(0.5151515152 0.1818181818 1)
(0.5454545455 0.1818181818 1)
(0.5757575758 0.1818181818 1)
(0.6060606061 0.1818181818 1)
(0.6363636364 0.1818181818 1)
(0.6666666667 0.1818181818 1)
(0.696969697 0.1818181818 1)
(0.7272727273 0.1818181818 1)
(0.7575757576 0.1818181818 1)
(0.7878787879 0.1818181818 1)
(0.8181818182 0.1818181818 1)
(0.8484848485 0.1818181818 1)
(0.8787878788 0.1818181818 1)
(0.9090909091 0.1818181818 1)
(0.9393939394 0.1818181818 1)
(0.9696969697 0.1818181818 1)
(1 0.1818181818 1)
(0 0.2121212121 1)
(0.0303030303 0.2121212121 1)
(0.06060606061 0.2121212121 1)
(0.09090909091 0.2121212121 1)
(0.1212121212 0.2121212121 1)
(0.1515151515 0.2121212121 1)
(0.1818181818 0.2121212121 1)
(0.2121212121 0.2121212121 1)
(0.2424242424 0.2121212121 1)
(0.2727272727 0.2121212121 1)
(0.303030303 0.2121212121 1)
(0.3333333333 0.2121212121 1)
(0.3636363636 0.2121212121 1)
(0.3939393939 0.2121212121 1)
(0.4242424242 0.2121212121 1)
(0.4545454545 0.2121212121 1)
(0.4848484848 0.2121212121 1)
(0.5151515152 0.2121212121 1)
(0.5454545455 0.2121212121 1)
(0.5757575758 0.2121212121 1)
(0.6060606061 0.2121212121 1)
(0.6363636364 0.2121212121 1)
(0.6666666667 0.2121212121 1)
(0.696969697 0.2121212121 1)
(0.7272727273 0.2121212121 1)
(0.7575757576 0.2121212121 1)
(0.7878787879 0.2121212121 1)
(0.8181818182 0.2121212121 1)
(0.8484848485 0.2121212121 1)
(0.8787878788 0.2121212121 1)
(0.9090909091 0.2121212121 1)
(0.9393939394 0.2121212121 1)
(0.9696969697 0.2121212121 1)
(1 0.2121212121 1)
(0 0.2424242424 1)
(0.0303030303 0.2424242424 1)
(0.06060606061 0.2424242424 1)
(0.09090909091 0.2424242424 1)
(0.1212121212 0.2424242424 1)
(0.1515151515 0.2424242424 1)
(0.1818181818 0.2424242424 1)
(0.2121212121 0.2424242424 1)
(0.2424242424 0.2424242424 1)
(0.2727272727 0.2424242424 1)
(0.303030303 0.2424242424 1)
(0.3333333333 0.2424242424 1)
(0.3636363636 0.2424242424 1)
(0.3939393939 0.2424242424 1)
(0.4242424242 0.2424242424 1)
(0.4545454545 0.2424242424 1)
(0.4848484848 0.2424242424 1)
(0.5151515152 0.2424242424 1)
(0.5454545455 0.2424242424 1)
(0.5757575758 0.2424242424 1)
(0.6060606061 0.2424242424 1)
(0.6363636364 0.2424242424 1)
(0.6666666667 0.2424242424 1)
(0.696969697 0.2424242424 1)
(0.7272727273 0.2424242424 1)
(0.7575757576 0.2424242424 1)
(0.7878787879 0.2424242424 1)
(0.8181818182 0.2424242424 1)
(0.8484848485 0.2424242424 1)
(0.8787878788 0.2424242424 1)
(0.9090909091 0.2424242424 1)
(0.9393939394 0.2424242424 1)
(0.9696969697 0.2424242424 1)
(1 0.2424242424 1)
(0 0.2727272727 1)
(0.0303030303 0.2727272727 1)
(0.06060606061 0.2727272727 1)
(0.09090909091 0.2727272727 1)
(0.1212121212 0.2727272727 1)
(0.1515151515 0.2727272727 1)
(0.1818181818 0.2727272727 1)
(0.2121212121 0.2727272727 1)
(0.2424242424 0.2727272727 1)
(0.2727272727 0.2727272727 1)
(0.303030303 0.2727272727 1)
(0.3333333333 0.2727272727 1)
(0.3636363636 0.2727272727 1)
(0.3939393939 0.2727272727 1)
(0.4242424242 0.2727272727 1)
(0.4545454545 0.2727272727 1)
(0.4848484848 0.2727272727 1)
(0.5151515152 0.2727272727 1)
(0.5454545455 0.2727272727 1)
(0.5757575758 0.2727272727 1)
(0.6060606061 0.2727272727 1)
(0.6363636364 0.2727272727 1)
(0.6666666667 0.2727272727 1)
(0.696969697 0.2727272727 1)
(0.7272727273 0.2727272727 1)
(0.7575757576 0.2727272727 1)
(0.7878787879 0.2727272727 1)
(0.8181818182 0.2727272727 1)
(0.8484848485 0.2727272727 1)
(0.8787878788 0.2727272727 1)
(0.9090909091 0.2727272727 1)
(0.9393939394 0.2727272727 1)
(0.9696969697 0.2727272727 1)
(1 0.2727272727 1)
(0 0.303030303 1)
(0.0303030303 0.303030303 1)
(0.06060606061 0.303030303 1)
(0.09090909091 0.303030303 1)
(0.1212121212 0.303030303 1)
(0.1515151515 0.303030303 1)
(0.1818181818 0.303030303 1)
(0.2121212121 0.303030303 1)
(0.2424242424 0.303030303 1)
(0.2727272727 0.303030303 1)
(0.303030303 0.303030303 1)
(0.3333333333 0.303030303 1)
(0.3636363636 0.303030303 1)
(0.3939393939 0.303030303 1)
(0.4242424242 0.303030303 1)
(0.4545454545 0.303030303 1)
(0.4848484848 0.303030303 1)
(0.5151515152 0.303030303 1)
(0.5454545455 0.303030303 1)
(0.5757575758 0.303030303 1)
(0.6060606061 0.303030303 1)
(0.6363636364 0.303030303 1)
(0.6666666667 0.303030303 1)
(0.696969697 0.303030303 1)
(0.7272727273 0.303030303 1)
(0.7575757576 0.303030303 1)
(0.7878787879 0.303030303 1)
(0.8181818182 0.303030303 1)
(0.8484848485 0.303030303 1)
(0.8787878788 0.303030303 1)
(0.9090909091 0.303030303 1)
(0.9393939394 0.303030303 1)
(0.9696969697 0.303030303 1)
(1 0.303030303 1)
(0 0.3333333333 1)
(0.0303030303 0.3333333333 1)
(0.06060606061 0.3333333333 1)
(0.09090909091 0.3333333333 1)
(0.1212121212 0.3333333333 1)
(0.1515151515 0.3333333333 1)
(0.1818181818 0.3333333333 1)
(0.2121212121 0.3333333333 1)
(0.2424242424 0.3333333333 1)
(0.2727272727 0.3333333333 1)
(0.303030303 0.3333333333 1)
(0.3333333333 0.3333333333 1)
(0.3636363636 0.3333333333 1)
(0.3939393939 0.3333333333 1)
(0.4242424242 0.3333333333 1)
(0.4545454545 0.3333333333 1)
(0.4848484848 0.3333333333 1)
(0.5151515152 0.3333333333 1)
(0.5454545455 0.3333333333 1)
(0.5757575758 0.3333333333 1)
(0.6060606061 0.3333333333 1)
(0.6363636364 0.3333333333 1)
(0.6666666667 0.3333333333 1)
(0.696969697 0.3333333333 1)
(0.7272727273 0.3333333333 1)
(0.7575757576 0.3333333333 1)
(0.7878787879 0.3333333333 1)
(0.8181818182 0.3333333333 1)
(0.8484848485 0.3333333333 1)
(0.8787878788 0.3333333333 1)
(0.9090909091 0.3333333333 1)
(0.9393939394 0.3333333333 1)
(0.9696969697 0.3333333333 1)
(1 0.3333333333 1)
(0 0.3636363636 1)
(0.0303030303 0.3636363636 1)
(0.06060606061 0.3636363636 1)
(0.09090909091 0.3636363636 1)
(0.1212121212 0.3636363636 1)
(0.1515151515 0.3636363636 1)
(0.1818181818 0.3636363636 1)
(0.2121212121 0.3636363636 1)
(0.2424242424 0.3636363636 1)
(0.2727272727 0.3636363636 1)
(0.303030303 0.3636363636 1)
(0.3333333333 0.3636363636 1)
(0.3636363636 0.3636363636 1)
(0.3939393939 0.3636363636 1)
(0.4242424242 0.3636363636 1)
(0.4545454545 0.3636363636 1)
(0.4848484848 0.3636363636 1)
(0.5151515152 0.3636363636 1)
(0.5454545455 0.3636363636 1)
(0.5757575758 0.3636363636 1)
(0.6060606061 0.3636363636 1)
(0.6363636364 0.3636363636 1)
(0.6666666667 0.3636363636 1)
(0.696969697 0.3636363636 1)
(0.7272727273 0.3636363636 1)
(0.7575757576 0.3636363636 1)
(0.7878787879 0.3636363636 1)
(0.8181818182 0.3636363636 1)
(0.8484848485 0.3636363636 1)
(0.8787878788 0.3636363636 1)
(0.9090909091 0.3636363636 1)
(0.9393939394 0.3636363636 1)
(0.9696969697 0.3636363636 1)
(1 0.3636363636 1)
(0 0.3939393939 1)
(0.0303030303 0.3939393939 1)
(0.06060606061 0.3939393939 1)
(0.09090909091 0.3939393939 1)
(0.1212121212 0.3939393939 1)
(0.1515151515 0.3939393939 1)
(0.1818181818 0.3939393939 1)
(0.2121212121 0.3939393939 1)
(0.2424242424 0.3939393939 1)
(0.2727272727 0.3939393939 1)
(0.303030303 0.3939393939 1)
(0.3333333333 0.3939393939 1)
(0.3636363636 0.3939393939 1)
(0.3939393939 0.3939393939 1)
(0.4242424242 0.3939393939 1)
(0.4545454545 0.3939393939 1)
(0.4848484848 0.3939393939 1)
(0.5151515152 0.3939393939 1)
(0.5454545455 0.3939393939 1)
(0.5757575758 0.3939393939 1)
(0.6060606061 0.3939393939 1)
(0.6363636364 0.3939393939 1)
(0.6666666667 0.3939393939 1)
(0.696969697 0.3939393939 1)
(0.7272727273 0.3939393939 1)
(0.7575757576 0.3939393939 1)
(0.7878787879 0.3939393939 1)
(0.8181818182 0.3939393939 1)
(0.8484848485 0.3939393939 1)
(0.8787878788 0.3939393939 1)
(0.9090909091 0.3939393939 1)
(0.9393939394 0.3939393939 1)
(0.9696969697 0.3939393939 1)
(1 0.3939393939 1)
(0 0.4242424242 1)
(0.0303030303 0.4242424242 1)
(0.06060606061 0.4242424242 1)
(0.09090909091 0.4242424242 1)
(0.1212121212 0.4242424242 1)
(0.1515151515 0.4242424242 1)
(0.1818181818 0.4242424242 1)
(0.2121212121 0.4242424242 1)
(0.2424242424 0.4242424242 1)
(0.2727272727 0.4242424242 1)
(0.303030303 0.4242424242 1)
(0.3333333333 0.4242424242 1)
(0.3636363636 0.4242424242 1)
(0.3939393939 0.4242424242 1)
(0.4242424242 0.4242424242 1)
(0.4545454545 0.4242424242 1)
(0.4848484848 0.4242424242 1)
(0.5151515152 0.4242424242 1)
(0.5454545455 0.4242424242 1)
(0.5757575758 0.4242424242 1)
(0.6060606061 0.4242424242 1)
(0.6363636364 0.4242424242 1)
(0.6666666667 0.4242424242 1)
(0.696969697 0.4242424242 1)
(0.7272727273 0.4242424242 1)
(0.7575757576 0.4242424242 1)
(0.7878787879 0.4242424242 1)
(0.8181818182 0.4242424242 1)
(0.8484848485 0.4242424242 1)
(0.8787878788 0.4242424242 1)
(0.9090909091 0.4242424242 1)
(0.9393939394 0.4242424242 1)
(0.9696969697 0.4242424242 1)
(1 0.4242424242 1)
(0 0.4545454545 1)
(0.0303030303 0.4545454545 1)
(0.06060606061 0.4545454545 1)
(0.09090909091 0.4545454545 1)
(0.1212121212 0.4545454545 1)
(0.1515151515 0.4545454545 1)
(0.1818181818 0.4545454545 1)
(0.2121212121 0.4545454545 1)
(0.2424242424 0.4545454545 1)
(0.2727272727 0.4545454545 1)
(0.303030303 0.4545454545 1)
(0.3333333333 0.4545454545 1)
(0.3636363636 0.4545454545 1)
(0.3939393939 0.4545454545 1)
(0.4242424242 0.4545454545 1)
(0.4545454545 0.4545454545 1)
(0.4848484848 0.4545454545 1)
(0.5151515152 0.4545454545 1)
(0.5454545455 0.4545454545 1)
(0.5757575758 0.4545454545 1)
(0.6060606061 0.4545454545 1)
(0.6363636364 0.4545454545 1)
(0.6666666667 0.4545454545 1)
(0.696969697 0.4545454545 1)
(0.7272727273 0.4545454545 1)
(0.7575757576 0.4545454545 1)
(0.7878787879 0.4545454545 1)
(0.8181818182 0.4545454545 1)
(0.8484848485 0.4545454545 1)
(0.8787878788 0.4545454545 1)
(0.9090909091 0.4545454545 1)
(0.9393939394 0.4545454545 1)
(0.9696969697 0.4545454545 1)
(1 0.4545454545 1)
(0 0.4848484848 1)
(0.0303030303 0.4848484848 1)
(0.06060606061 0.4848484848 1)
(0.09090909091 0.4848484848 1)
(0.1212121212 0.4848484848 1)
(0.1515151515 0.4848484848 1)
(0.1818181818 0.4848484848 1)
(0.2121212121 0.4848484848 1)
(0.2424242424 0.4848484848 1)
(0.2727272727 0.4848484848 1)
(0.303030303 0.4848484848 1)
(0.3333333333 0.4848484848 1)
(0.3636363636 0.4848484848 1)
(0.3939393939 0.4848484848 1)
(0.4242424242 0.4848484848 1)
(0.4545454545 0.4848484848 1)
(0.4848484848 0.4848484848 1)
(0.5151515152 0.4848484848 1)
(0.5454545455 0.4848484848 1)
(0.5757575758 0.4848484848 1)
(0.6060606061 0.4848484848 1)
(0.6363636364 0.4848484848 1)
(0.6666666667 0.4848484848 1)
(0.696969697 0.4848484848 1)
(0.7272727273 0.4848484848 1)
(0.7575757576 0.4848484848 1)
(0.7878787879 0.4848484848 1)
(0.8181818182 0.4848484848 1)
(0.8484848485 0.4848484848 1)
(0.8787878788 0.4848484848 1)
(0.9090909091 0.4848484848 1)
(0.9393939394 0.4848484848 1)
(0.9696969697 0.4848484848 1)
(1 0.4848484848 1)
(0 0.5151515152 1)
(0.0303030303 0.5151515152 1)
(0.06060606061 0.5151515152 1)
(0.09090909091 0.5151515152 1)
(0.1212121212 0.5151515152 1)
(0.1515151515 0.5151515152 1)
(0.1818181818 0.5151515152 1)
(0.2121212121 0.5151515152 1)
(0.2424242424 0.5151515152 1)
(0.2727272727 0.5151515152 1)
(0.303030303 0.5151515152 1)
(0.3333333333 0.5151515152 1)
(0.3636363636 0.5151515152 1)
(0.3939393939 0.5151515152 1)
(0.4242424242 0.5151515152 1)
(0.4545454545 0.5151515152 1)
(0.4848484848 0.5151515152 1)
(0.5151515152 0.5151515152 1)
(0.5454545455 0.5151515152 1)
(0.5757575758 0.5151515152 1)
(0.6060606061 0.5151515152 1)
(0.6363636364 0.5151515152 1)
(0.6666666667 0.5151515152 1)
(0.696969697 0.5151515152 1)
(0.7272727273 0.5151515152 1)
(0.7575757576 0.5151515152 1)
(0.7878787879 0.5151515152 1)
(0.8181818182 0.5151515152 1)
(0.8484848485 0.5151515152 1)
(0.8787878788 0.5151515152 1)
(0.9090909091 0.5151515152 1)
(0.9393939394 0.5151515152 1)
(0.9696969697 0.5151515152 1)
(1 0.5151515152 1)
(0 0.5454545455 1)
(0.0303030303 0.5454545455 1)
(0.06060606061 0.5454545455 1)
(0.09090909091 0.5454545455 1)
(0.1212121212 0.5454545455 1)
(0.1515151515 0.5454545455 1)
(0.1818181818 0.5454545455 1)
(0.2121212121 0.5454545455 1)
(0.2424242424 0.5454545455 1)
(0.2727272727 0.5454545455 1)
(0.303030303 0.5454545455 1)
(0.3333333333 0.5454545455 1)
(0.3636363636 0.5454545455 1)
(0.3939393939 0.5454545455 1)
(0.4242424242 0.5454545455 1)
(0.4545454545 0.5454545455 1)
(0.4848484848 0.5454545455 1)
(0.5151515152 0.5454545455 1)
(0.5454545455 0.5454545455 1)
(0.5757575758 0.5454545455 1)
(0.6060606061 0.5454545455 1)
(0.6363636364 0.5454545455 1)
(0.6666666667 0.5454545455 1)
(0.696969697 0.5454545455 1)
(0.7272727273 0.5454545455 1)
(0.7575757576 0.5454545455 1)
(0.7878787879 0.5454545455 1)
(0.8181818182 0.5454545455 1)
(0.8484848485 0.5454545455 1)
(0.8787878788 0.5454545455 1)
(0.9090909091 0.5454545455 1)
(0.9393939394 0.5454545455 1)
(0.9696969697 0.5454545455 1)
(1 0.5454545455 1)
(0 0.5757575758 1)
(0.0303030303 0.5757575758 1)
(0.06060606061 0.5757575758 1)
(0.09090909091 0.5757575758 1)
(0.1212121212 0.5757575758 1)
(0.1515151515 0.5757575758 1)
(0.1818181818 0.5757575758 1)
(0.2121212121 0.5757575758 1)
(0.2424242424 0.5757575758 1)
(0.2727272727 0.5757575758 1)
(0.303030303 0.5757575758 1)
(0.3333333333 0.5757575758 1)
(0.3636363636 0.5757575758 1)
(0.3939393939 0.5757575758 1)
(0.4242424242 0.5757575758 1)
(0.4545454545 0.5757575758 1)
(0.4848484848 0.5757575758 1)
(0.5151515152 0.5757575758 1)
(0.5454545455 0.5757575758 1)
(0.5757575758 0.5757575758 1)
(0.6060606061 0.5757575758 1)
(0.6363636364 0.5757575758 1)
(0.6666666667 0.5757575758 1)
(0.696969697 0.5757575758 1)
(0.7272727273 0.5757575758 1)
(0.7575757576 0.5757575758 1)
(0.7878787879 0.5757575758 1)
(0.8181818182 0.5757575758 1)
(0.8484848485 0.5757575758 1)
(0.8787878788 0.5757575758 1)
(0.9090909091 0.5757575758 1)
(0.9393939394 0.5757575758 1)
(0.9696969697 0.5757575758 1)
(1 0.5757575758 1)
(0 0.6060606061 1)
(0.0303030303 0.6060606061 1)
(0.06060606061 0.6060606061 1)
(0.09090909091 0.6060606061 1)
(0.1212121212 0.6060606061 1)
(0.1515151515 0.6060606061 1)
(0.1818181818 0.6060606061 1)
(0.2121212121 0.6060606061 1)
(0.2424242424 0.6060606061 1)
(0.2727272727 0.6060606061 1)
(0.303030303 0.6060606061 1)
(0.3333333333 0.6060606061 1)
(0.3636363636 0.6060606061 1)
(0.3939393939 0.6060606061 1)
(0.4242424242 0.6060606061 1)
(0.4545454545 0.6060606061 1)
(0.4848484848 0.6060606061 1)
(0.5151515152 0.6060606061 1)
(0.5454545455 0.6060606061 1)
(0.5757575758 0.6060606061 1)
(0.6060606061 0.6060606061 1)
(0.6363636364 0.6060606061 1)
(0.6666666667 0.6060606061 1)
(0.696969697 0.6060606061 1)
(0.7272727273 0.6060606061 1)
(0.7575757576 0.6060606061 1)
(0.7878787879 0.6060606061 1)
(0.8181818182 0.6060606061 1)
(0.8484848485 0.6060606061 1)
(0.8787878788 0.6060606061 1)
(0.9090909091 0.6060606061 1)
(0.9393939394 0.6060606061 1)
(0.9696969697 0.6060606061 1)
(1 0.6060606061 1)
(0 0.6363636364 1)
(0.0303030303 0.6363636364 1)
(0.06060606061 0.6363636364 1)
(0.09090909091 0.6363636364 1)
(0.1212121212 0.6363636364 1)
(0.1515151515 0.6363636364 1)
(0.1818181818 0.6363636364 1)
(0.2121212121 0.6363636364 1)
(0.2424242424 0.6363636364 1)
(0.2727272727 0.6363636364 1)
(0.303030303 0.6363636364 1)
(0.3333333333 0.6363636364 1)
(0.3636363636 0.6363636364 1)
(0.3939393939 0.6363636364 1)
(0.4242424242 0.6363636364 1)
(0.4545454545 0.6363636364 1)
(0.4848484848 0.6363636364 1)
(0.5151515152 0.6363636364 1)
(0.5454545455 0.6363636364 1)
(0.5757575758 0.6363636364 1)
(0.6060606061 0.6363636364 1)
(0.6363636364 0.6363636364 1)
(0.6666666667 0.6363636364 1)
(0.696969697 0.6363636364 1)
(0.7272727273 0.6363636364 1)
(0.7575757576 0.6363636364 1)
(0.7878787879 0.6363636364 1)
(0.8181818182 0.6363636364 1)
(0.8484848485 0.6363636364 1)
(0.8787878788 0.6363636364 1)
(0.9090909091 0.6363636364 1)
(0.9393939394 0.6363636364 1)
(0.9696969697 0.6363636364 1)
(1 0.6363636364 1)
(0 0.6666666667 1)
(0.0303030303 0.6666666667 1)
(0.06060606061 0.6666666667 1)
(0.09090909091 0.6666666667 1)
(0.1212121212 0.6666666667 1)
(0.1515151515 0.6666666667 1)
(0.1818181818 0.6666666667 1)
(0.2121212121 0.6666666667 1)
(0.2424242424 0.6666666667 1)
(0.2727272727 0.6666666667 1)
(0.303030303 0.6666666667 1)
(0.3333333333 0.6666666667 1)
(0.3636363636 0.6666666667 1)
(0.3939393939 0.6666666667 1)
(0.4242424242 0.6666666667 1)
(0.4545454545 0.6666666667 1)
(0.4848484848 0.6666666667 1)
(0.5151515152 0.6666666667 1)
(0.5454545455 0.6666666667 1)
(0.5757575758 0.6666666667 1)
(0.6060606061 0.6666666667 1)
(0.6363636364 0.6666666667 1)
(0.6666666667 0.6666666667 1)
(0.696969697 0.6666666667 1)
(0.7272727273 0.6666666667 1)
(0.7575757576 0.6666666667 1)
(0.7878787879 0.6666666667 1)
(0.8181818182 0.6666666667 1)
(0.8484848485 0.6666666667 1)
(0.8787878788 0.6666666667 1)
(0.9090909091 0.6666666667 1)
(0.9393939394 0.6666666667 1)
(0.9696969697 0.6666666667 1)
(1 0.6666666667 1)
(0 0.696969697 1)
(0.0303030303 0.696969697 1)
(0.06060606061 0.696969697 1)
(0.09090909091 0.696969697 1)
(0.1212121212 0.696969697 1)
(0.1515151515 0.696969697 1)
(0.1818181818 0.696969697 1)
(0.2121212121 0.696969697 1)
(0.2424242424 0.696969697 1)
(0.2727272727 0.696969697 1)
(0.303030303 0.696969697 1)
(0.3333333333 0.696969697 1)
(0.3636363636 0.696969697 1)
(0.3939393939 0.696969697 1)
(0.4242424242 0.696969697 1)
(0.4545454545 0.696969697 1)
(0.4848484848 0.696969697 1)
(0.5151515152 0.696969697 1)
(0.5454545455 0.696969697 1)
(0.5757575758 0.696969697 1)
(0.6060606061 0.696969697 1)
(0.6363636364 0.696969697 1)
(0.6666666667 0.696969697 1)
(0.696969697 0.696969697 1)
(0.7272727273 0.696969697 1)
(0.7575757576 0.696969697 1)
(0.7878787879 0.696969697 1)
(0.8181818182 0.696969697 1)
(0.8484848485 0.696969697 1)
(0.8787878788 0.696969697 1)
(0.9090909091 0.696969697 1)
(0.9393939394 0.696969697 1)
(0.9696969697 0.696969697 1)
(1 0.696969697 1)
(0 0.7272727273 1)
(0.0303030303 0.7272727273 1)
(0.06060606061 0.7272727273 1)
(0.09090909091 0.7272727273 1)
(0.1212121212 0.7272727273 1)
(0.1515151515 0.7272727273 1)
(0.1818181818 0.7272727273 1)
(0.2121212121 0.7272727273 1)
(0.2424242424 0.7272727273 1)
(0.2727272727 0.7272727273 1)
(0.303030303 0.7272727273 1)
(0.3333333333 0.7272727273 1)
(0.3636363636 0.7272727273 1)
(0.3939393939 0.7272727273 1)
(0.4242424242 0.7272727273 1)
(0.4545454545 0.7272727273 1)
(0.4848484848 0.7272727273 1)
(0.5151515152 0.7272727273 1)
(0.5454545455 0.7272727273 1)
(0.5757575758 0.7272727273 1)
(0.6060606061 0.7272727273 1)
(0.6363636364 0.7272727273 1)
(0.6666666667 0.7272727273 1)
(0.696969697 0.7272727273 1)
(0.7272727273 0.7272727273 1)
(0.7575757576 0.7272727273 1)
(0.7878787879 0.7272727273 1)
(0.8181818182 0.7272727273 1)
(0.8484848485 0.7272727273 1)
(0.8787878788 0.7272727273 1)
(0.9090909091 0.7272727273 1)
(0.9393939394 0.7272727273 1)
(0.9696969697 0.7272727273 1)
(1 0.7272727273 1)
(0 0.7575757576 1)
(0.0303030303 0.7575757576 1)
(0.06060606061 0.7575757576 1)
(0.09090909091 0.7575757576 1)
(0.1212121212 0.7575757576 1)
(0.1515151515 0.7575757576 1)
(0.1818181818 0.7575757576 1)
(0.2121212121 0.7575757576 1)
(0.2424242424 0.7575757576 1)
(0.2727272727 0.7575757576 1)
(0.303030303 0.7575757576 1)
(0.3333333333 0.7575757576 1)
(0.3636363636 0.7575757576 1)
(0.3939393939 0.7575757576 1)
(0.4242424242 0.7575757576 1)
(0.4545454545 0.7575757576 1)
(0.4848484848 0.7575757576 1)
(0.5151515152 0.7575757576 1)
(0.5454545455 0.7575757576 1)
(0.5757575758 0.7575757576 1)
(0.6060606061 0.7575757576 1)
(0.6363636364 0.7575757576 1)
(0.6666666667 0.7575757576 1)
(0.696969697 0.7575757576 1)
(0.7272727273 0.7575757576 1)
(0.7575757576 0.7575757576 1)
(0.7878787879 0.7575757576 1)
(0.8181818182 0.7575757576 1)
(0.8484848485 0.7575757576 1)
(0.8787878788 0.7575757576 1)
(0.9090909091 0.7575757576 1)
(0.9393939394 0.7575757576 1)
(0.9696969697 0.7575757576 1)
(1 0.7575757576 1)
(0 0.7878787879 1)
(0.0303030303 0.7878787879 1)
(0.06060606061 0.7878787879 1)
(0.09090909091 0.7878787879 1)
(0.1212121212 0.7878787879 1)
(0.1515151515 0.7878787879 1)
(0.1818181818 0.7878787879 1)
(0.2121212121 0.7878787879 1)
(0.2424242424 0.7878787879 1)
(0.2727272727 0.7878787879 1)
(0.303030303 0.7878787879 1)
(0.3333333333 0.7878787879 1)
(0.3636363636 0.7878787879 1)
(0.3939393939 0.7878787879 1)
(0.4242424242 0.7878787879 1)
(0.4545454545 0.7878787879 1)
(0.4848484848 0.7878787879 1)
(0.5151515152 0.7878787879 1)
(0.5454545455 0.7878787879 1)
(0.5757575758 0.7878787879 1)
(0.6060606061 0.7878787879 1)
(0.6363636364 0.7878787879 1)
(0.6666666667 0.7878787879 1)
(0.696969697 0.7878787879 1)
(0.7272727273 0.7878787879 1)
(0.7575757576 0.7878787879 1)
(0.7878787879 0.7878787879 1)
(0.8181818182 0.7878787879 1)
(0.8484848485 0.7878787879 1)
(0.8787878788 0.7878787879 1)
(0.9090909091 0.7878787879 1)
(0.9393939394 0.7878787879 1)
(0.9696969697 0.7878787879 1)
(1 0.7878787879 1)
(0 0.8181818182 1)
(0.0303030303 0.8181818182 1)
(0.06060606061 0.8181818182 1)
(0.09090909091 0.8181818182 1)
(0.1212121212 0.8181818182 1)
(0.1515151515 0.8181818182 1)
(0.1818181818 0.8181818182 1)
(0.2121212121 0.8181818182 1)
(0.2424242424 0.8181818182 1)
(0.2727272727 0.8181818182 1)
(0.303030303 0.8181818182 1)
(0.3333333333 0.8181818182 1)
(0.3636363636 0.8181818182 1)
(0.3939393939 0.8181818182 1)
(0.4242424242 0.8181818182 1)
(0.4545454545 0.8181818182 1)
(0.4848484848 0.8181818182 1)
(0.5151515152 0.8181818182 1)
(0.5454545455 0.8181818182 1)
(0.5757575758 0.8181818182 1)
(0.6060606061 0.8181818182 1)
(0.6363636364 0.8181818182 1)
(0.6666666667 0.8181818182 1)
(0.696969697 0.8181818182 1)
(0.7272727273 0.8181818182 1)
(0.7575757576 0.8181818182 1)
(0.7878787879 0.8181818182 1)
(0.8181818182 0.8181818182 1)
(0.8484848485 0.8181818182 1)
(0.8787878788 0.8181818182 1)
(0.9090909091 0.8181818182 1)
(0.9393939394 0.8181818182 1)
(0.9696969697 0.8181818182 1)
(1 0.8181818182 1)
(0 0.8484848485 1)
(0.0303030303 0.8484848485 1)
(0.06060606061 0.8484848485 1)
(0.09090909091 0.8484848485 1)
(0.1212121212 0.8484848485 1)
(0.1515151515 0.8484848485 1)
(0.1818181818 0.8484848485 1)
(0.2121212121 0.8484848485 1)
(0.2424242424 0.8484848485 1)
(0.2727272727 0.8484848485 1)
(0.303030303 0.8484848485 1)
(0.3333333333 0.8484848485 1)
(0.3636363636 0.8484848485 1)
(0.3939393939 0.8484848485 1)
(0.4242424242 0.8484848485 1)
(0.4545454545 0.8484848485 1)
(0.4848484848 0.8484848485 1)
(0.5151515152 0.8484848485 1)
(0.5454545455 0.8484848485 1)
(0.5757575758 0.8484848485 1)
(0.6060606061 0.8484848485 1)
(0.6363636364 0.8484848485 1)
(0.6666666667 0.8484848485 1)
(0.696969697 0.8484848485 1)
(0.7272727273 0.8484848485 1)
(0.7575757576 0.8484848485 1)
(0.7878787879 0.8484848485 1)
(0.8181818182 0.8484848485 1)
(0.8484848485 0.8484848485 1)
(0.8787878788 0.8484848485 1)
(0.9090909091 0.8484848485 1)
(0.9393939394 0.8484848485 1)
(0.9696969697 0.8484848485 1)
(1 0.8484848485 1)
(0 0.8787878788 1)
(0.0303030303 0.8787878788 1)
(0.06060606061 0.8787878788 1)
(0.09090909091 0.8787878788 1)
(0.1212121212 0.8787878788 1)
(0.1515151515 0.8787878788 1)
(0.1818181818 0.8787878788 1)
(0.2121212121 0.8787878788 1)
(0.2424242424 0.8787878788 1)
(0.2727272727 0.8787878788 1)
(0.303030303 0.8787878788 1)
(0.3333333333 0.8787878788 1)
(0.3636363636 0.8787878788 1)
(0.3939393939 0.8787878788 1)
(0.4242424242 0.8787878788 1)
(0.4545454545 0.8787878788 1)
(0.4848484848 0.8787878788 1)
(0.5151515152 0.8787878788 1)
(0.5454545455 0.8787878788 1)
(0.5757575758 0.8787878788 1)
(0.6060606061 0.8787878788 1)
(0.6363636364 0.8787878788 1)
(0.6666666667 0.8787878788 1)
(0.696969697 0.8787878788 1)
(0.7272727273 0.8787878788 1)
(0.7575757576 0.8787878788 1)
(0.7878787879 0.8787878788 1)
(0.8181818182 0.8787878788 1)
(0.8484848485 0.8787878788 1)
(0.8787878788 0.8787878788 1)
(0.9090909091 0.8787878788 1)
(0.9393939394 0.8787878788 1)
(0.9696969697 0.8787878788 1)
(1 0.8787878788 1)
(0 0.9090909091 1)
(0.0303030303 0.9090909091 1)
(0.06060606061 0.9090909091 1)
(0.09090909091 0.9090909091 1)
(0.1212121212 0.9090909091 1)
(0.1515151515 0.9090909091 1)
(0.1818181818 0.9090909091 1)
(0.2121212121 0.9090909091 1)
(0.2424242424 0.9090909091 1)
(0.2727272727 0.9090909091 1)
(0.303030303 0.9090909091 1)
(0.3333333333 0.9090909091 1)
(0.3636363636 0.9090909091 1)
(0.3939393939 0.9090909091 1)
(0.4242424242 0.9090909091 1)
(0.4545454545 0.9090909091 1)
(0.4848484848 0.9090909091 1)
(0.5151515152 0.9090909091 1)
(0.5454545455 0.9090909091 1)
(0.5757575758 0.9090909091 1)
(0.6060606061 0.9090909091 1)
(0.6363636364 0.9090909091 1)
(0.6666666667 0.9090909091 1)
(0.696969697 0.9090909091 1)
(0.7272727273 0.9090909091 1)
(0.7575757576 0.9090909091 1)
(0.7878787879 0.9090909091 1)
(0.8181818182 0.9090909091 1)
(0.8484848485 0.9090909091 1)
(0.8787878788 0.9090909091 1)
(0.9090909091 0.9090909091 1)
(0.9393939394 0.9090909091 1)
(0.9696969697 0.9090909091 1)
(1 0.9090909091 1)
(0 0.9393939394 1)
(0.0303030303 0.9393939394 1)
(0.06060606061 0.9393939394 1)
(0.09090909091 0.9393939394 1)
(0.1212121212 0.9393939394 1)
(0.1515151515 0.9393939394 1)
(0.1818181818 0.9393939394 1)
(0.2121212121 0.9393939394 1)
(0.2424242424 0.9393939394 1)
(0.2727272727 0.9393939394 1)
(0.303030303 0.9393939394 1)
(0.3333333333 0.9393939394 1)
(0.3636363636 0.9393939394 1)
(0.3939393939 0.9393939394 1)
(0.4242424242 0.9393939394 1)
(0.4545454545 0.9393939394 1)
(0.4848484848 0.9393939394 1)
(0.5151515152 0.9393939394 1)
(0.5454545455 0.9393939394 1)
(0.5757575758 0.9393939394 1)
(0.6060606061 0.9393939394 1)
(0.6363636364 0.9393939394 1)
(0.6666666667 0.9393939394 1)
(0.696969697 0.9393939394 1)
(0.7272727273 0.9393939394 1)
(0.7575757576 0.9393939394 1)
(0.7878787879 0.9393939394 1)
(0.8181818182 0.9393939394 1)
(0.8484848485 0.9393939394 1)
(0.8787878788 0.9393939394 1)
(0.9090909091 0.9393939394 1)
(0.9393939394 0.9393939394 1)
(0.9696969697 0.9393939394 1)
(1 0.9393939394 1)
(0 0.9696969697 1)
(0.0303030303 0.9696969697 1)
(0.06060606061 0.9696969697 1)
(0.09090909091 0.9696969697 1)
(0.1212121212 0.9696969697 1)
(0.1515151515 0.9696969697 1)
(0.1818181818 0.9696969697 1)
(0.2121212121 0.9696969697 1)
(0.2424242424 0.9696969697 1)
(0.2727272727 0.9696969697 1)
(0.303030303 0.9696969697 1)
(0.3333333333 0.9696969697 1)
(0.3636363636 0.9696969697 1)
(0.3939393939 0.9696969697 1)
(0.4242424242 0.9696969697 1)
(0.4545454545 0.9696969697 1)
(0.4848484848 0.9696969697 1)
(0.5151515152 0.9696969697 1)
(0.5454545455 0.9696969697 1)
(0.5757575758 0.9696969697 1)
(0.6060606061 0.9696969697 1)
(0.6363636364 0.9696969697 1)
(0.6666666667 0.9696969697 1)
(0.696969697 0.9696969697 1)
(0.7272727273 0.9696969697 1)
(0.7575757576 0.9696969697 1)
(0.7878787879 0.9696969697 1)
(0.8181818182 0.9696969697 1)
(0.8484848485 0.9696969697 1)
(0.8787878788 0.9696969697 1)
(0.9090909091 0.9696969697 1)
(0.9393939394 0.9696969697 1)
(0.9696969697 0.9696969697 1)
(1 0.9696969697 1)
(0 1 1)
(0.0303030303 1 1)
(0.06060606061 1 1)
(0.09090909091 1 1)
(0.1212121212 1 1)
(0.1515151515 1 1)
(0.1818181818 1 1)
(0.2121212121 1 1)
(0.2424242424 1 1)
(0.2727272727 1 1)
(0.303030303 1 1)
(0.3333333333 1 1)
(0.3636363636 1 1)
(0.3939393939 1 1)
(0.4242424242 1 1)
(0.4545454545 1 1)
(0.4848484848 1 1)
(0.5151515152 1 1)
(0.5454545455 1 1)
(0.5757575758 1 1)
(0.6060606061 1 1)
(0.6363636364 1 1)
(0.6666666667 1 1)
(0.696969697 1 1)
(0.7272727273 1 1)
(0.7575757576 1 1)
(0.7878787879 1 1)
(0.8181818182 1 1)
(0.8484848485 1 1)
(0.8787878788 1 1)
(0.9090909091 1 1)
(0.9393939394 1 1)
(0.9696969697 1 1)
(1 1 1)
)


// ************************************************************************* //
