/*--------------------------------*- C++ -*----------------------------------*\
| =========                 |                                                 |
| \\      /  F ield         | foam-extend: Open Source CFD                    |
|  \\    /   O peration     | Version:     4.0                                |
|   \\  /    A nd           | Web:         http://www.foam-extend.org         |
|    \\/     M anipulation  |                                                 |
\*---------------------------------------------------------------------------*/
FoamFile
{
    version     2.0;
    format      ascii;
    class       faceList;
    location    "constant/polyMesh";
    object      faces;
}
// * * * * * * * * * * * * * * * * * * * * * * * * * * * * * * * * * * * * * //


2120
(
4(1 10 595 586)
4(9 594 595 10)
4(2 11 596 587)
4(10 595 596 11)
4(3 12 597 588)
4(11 596 597 12)
4(4 13 598 589)
4(12 597 598 13)
4(5 14 599 590)
4(13 598 599 14)
4(6 15 600 591)
4(14 599 600 15)
4(7 16 601 592)
4(15 600 601 16)
4(16 601 602 17)
4(10 19 604 595)
4(18 603 604 19)
4(11 20 605 596)
4(19 604 605 20)
4(12 21 606 597)
4(20 605 606 21)
4(13 22 607 598)
4(21 606 607 22)
4(14 23 608 599)
4(22 607 608 23)
4(15 24 609 600)
4(23 608 609 24)
4(16 25 610 601)
4(24 609 610 25)
4(25 610 611 26)
4(19 28 613 604)
4(27 612 613 28)
4(20 29 614 605)
4(28 613 614 29)
4(21 30 615 606)
4(29 614 615 30)
4(22 31 616 607)
4(30 615 616 31)
4(23 32 617 608)
4(31 616 617 32)
4(24 33 618 609)
4(32 617 618 33)
4(25 34 619 610)
4(33 618 619 34)
4(34 619 620 35)
4(28 37 622 613)
4(36 621 622 37)
4(29 38 623 614)
4(37 622 623 38)
4(30 39 624 615)
4(38 623 624 39)
4(31 40 625 616)
4(39 624 625 40)
4(32 41 626 617)
4(40 625 626 41)
4(33 42 627 618)
4(41 626 627 42)
4(34 43 628 619)
4(42 627 628 43)
4(43 628 629 44)
4(37 46 631 622)
4(45 630 631 46)
4(38 47 632 623)
4(46 631 632 47)
4(39 48 633 624)
4(47 632 633 48)
4(40 49 634 625)
4(48 633 634 49)
4(41 50 635 626)
4(49 634 635 50)
4(42 51 636 627)
4(50 635 636 51)
4(43 52 637 628)
4(51 636 637 52)
4(52 637 638 53)
4(46 55 640 631)
4(54 639 640 55)
4(47 56 641 632)
4(55 640 641 56)
4(48 57 642 633)
4(56 641 642 57)
4(49 58 643 634)
4(57 642 643 58)
4(50 59 644 635)
4(58 643 644 59)
4(51 60 645 636)
4(59 644 645 60)
4(52 61 646 637)
4(60 645 646 61)
4(61 646 647 62)
4(55 64 649 640)
4(63 648 649 64)
4(56 65 650 641)
4(64 649 650 65)
4(57 66 651 642)
4(65 650 651 66)
4(58 67 652 643)
4(66 651 652 67)
4(59 68 653 644)
4(67 652 653 68)
4(60 69 654 645)
4(68 653 654 69)
4(61 70 655 646)
4(69 654 655 70)
4(70 655 656 71)
4(64 73 658 649)
4(72 657 658 73)
4(65 74 659 650)
4(73 658 659 74)
4(66 75 660 651)
4(74 659 660 75)
4(67 76 661 652)
4(75 660 661 76)
4(68 77 662 653)
4(76 661 662 77)
4(69 78 663 654)
4(77 662 663 78)
4(70 79 664 655)
4(78 663 664 79)
4(79 664 665 80)
4(73 82 667 658)
4(81 666 667 82)
4(74 83 668 659)
4(82 667 668 83)
4(75 84 669 660)
4(83 668 669 84)
4(76 85 670 661)
4(84 669 670 85)
4(77 86 671 662)
4(85 670 671 86)
4(78 87 672 663)
4(86 671 672 87)
4(79 88 673 664)
4(87 672 673 88)
4(88 673 674 89)
4(82 91 676 667)
4(90 675 676 91)
4(83 92 677 668)
4(91 676 677 92)
4(84 93 678 669)
4(92 677 678 93)
4(85 94 679 670)
4(93 678 679 94)
4(86 95 680 671)
4(94 679 680 95)
4(87 96 681 672)
4(95 680 681 96)
4(88 97 682 673)
4(96 681 682 97)
4(97 682 683 98)
4(91 100 685 676)
4(99 684 685 100)
4(92 101 686 677)
4(100 685 686 101)
4(93 102 687 678)
4(101 686 687 102)
4(94 103 688 679)
4(102 687 688 103)
4(95 104 689 680)
4(103 688 689 104)
4(96 105 690 681)
4(104 689 690 105)
4(97 106 691 682)
4(105 690 691 106)
4(106 691 692 107)
4(100 109 694 685)
4(108 693 694 109)
4(101 110 695 686)
4(109 694 695 110)
4(102 111 696 687)
4(110 695 696 111)
4(103 112 697 688)
4(111 696 697 112)
4(104 113 698 689)
4(112 697 698 113)
4(105 114 699 690)
4(113 698 699 114)
4(106 115 700 691)
4(114 699 700 115)
4(115 700 701 116)
4(109 118 703 694)
4(117 702 703 118)
4(110 119 704 695)
4(118 703 704 119)
4(111 120 705 696)
4(119 704 705 120)
4(112 121 706 697)
4(120 705 706 121)
4(113 122 707 698)
4(121 706 707 122)
4(114 123 708 699)
4(122 707 708 123)
4(115 124 709 700)
4(123 708 709 124)
4(124 709 710 125)
4(118 127 712 703)
4(126 711 712 127)
4(119 128 713 704)
4(127 712 713 128)
4(120 129 714 705)
4(128 713 714 129)
4(121 130 715 706)
4(129 714 715 130)
4(122 131 716 707)
4(130 715 716 131)
4(123 132 717 708)
4(131 716 717 132)
4(124 133 718 709)
4(132 717 718 133)
4(133 718 719 134)
4(127 136 721 712)
4(135 720 721 136)
4(128 137 722 713)
4(136 721 722 137)
4(129 138 723 714)
4(137 722 723 138)
4(130 139 724 715)
4(138 723 724 139)
4(131 140 725 716)
4(139 724 725 140)
4(132 141 726 717)
4(140 725 726 141)
4(133 142 727 718)
4(141 726 727 142)
4(142 727 728 143)
4(136 145 730 721)
4(144 729 730 145)
4(137 146 731 722)
4(145 730 731 146)
4(138 147 732 723)
4(146 731 732 147)
4(139 148 733 724)
4(147 732 733 148)
4(140 149 734 725)
4(148 733 734 149)
4(141 150 735 726)
4(149 734 735 150)
4(142 151 736 727)
4(150 735 736 151)
4(151 736 737 152)
4(145 154 739 730)
4(153 738 739 154)
4(146 155 740 731)
4(154 739 740 155)
4(147 156 741 732)
4(155 740 741 156)
4(148 157 742 733)
4(156 741 742 157)
4(149 158 743 734)
4(157 742 743 158)
4(150 159 744 735)
4(158 743 744 159)
4(151 160 745 736)
4(159 744 745 160)
4(160 745 746 161)
4(154 163 748 739)
4(162 747 748 163)
4(155 164 749 740)
4(163 748 749 164)
4(156 165 750 741)
4(164 749 750 165)
4(157 166 751 742)
4(165 750 751 166)
4(158 167 752 743)
4(166 751 752 167)
4(159 168 753 744)
4(167 752 753 168)
4(160 169 754 745)
4(168 753 754 169)
4(169 754 755 170)
4(163 172 757 748)
4(171 756 757 172)
4(164 173 758 749)
4(172 757 758 173)
4(165 174 759 750)
4(173 758 759 174)
4(166 175 760 751)
4(174 759 760 175)
4(167 176 761 752)
4(175 760 761 176)
4(168 177 762 753)
4(176 761 762 177)
4(169 178 763 754)
4(177 762 763 178)
4(178 763 764 179)
4(172 181 766 757)
4(180 765 766 181)
4(173 182 767 758)
4(181 766 767 182)
4(174 183 768 759)
4(182 767 768 183)
4(175 184 769 760)
4(183 768 769 184)
4(176 185 770 761)
4(184 769 770 185)
4(177 186 771 762)
4(185 770 771 186)
4(178 187 772 763)
4(186 771 772 187)
4(187 772 773 188)
4(181 190 775 766)
4(189 774 775 190)
4(182 191 776 767)
4(190 775 776 191)
4(183 192 777 768)
4(191 776 777 192)
4(184 193 778 769)
4(192 777 778 193)
4(185 194 779 770)
4(193 778 779 194)
4(186 195 780 771)
4(194 779 780 195)
4(187 196 781 772)
4(195 780 781 196)
4(196 781 782 197)
4(190 199 784 775)
4(198 783 784 199)
4(191 200 785 776)
4(199 784 785 200)
4(192 201 786 777)
4(200 785 786 201)
4(193 202 787 778)
4(201 786 787 202)
4(194 203 788 779)
4(202 787 788 203)
4(195 204 789 780)
4(203 788 789 204)
4(196 205 790 781)
4(204 789 790 205)
4(205 790 791 206)
4(199 208 793 784)
4(207 792 793 208)
4(200 209 794 785)
4(208 793 794 209)
4(201 210 795 786)
4(209 794 795 210)
4(202 211 796 787)
4(210 795 796 211)
4(203 212 797 788)
4(211 796 797 212)
4(204 213 798 789)
4(212 797 798 213)
4(205 214 799 790)
4(213 798 799 214)
4(214 799 800 215)
4(208 217 802 793)
4(216 801 802 217)
4(209 218 803 794)
4(217 802 803 218)
4(210 219 804 795)
4(218 803 804 219)
4(211 220 805 796)
4(219 804 805 220)
4(212 221 806 797)
4(220 805 806 221)
4(213 222 807 798)
4(221 806 807 222)
4(214 223 808 799)
4(222 807 808 223)
4(223 808 809 224)
4(217 226 811 802)
4(225 810 811 226)
4(218 227 812 803)
4(226 811 812 227)
4(219 228 813 804)
4(227 812 813 228)
4(220 229 814 805)
4(228 813 814 229)
4(221 230 815 806)
4(229 814 815 230)
4(222 231 816 807)
4(230 815 816 231)
4(223 232 817 808)
4(231 816 817 232)
4(232 817 818 233)
4(226 235 820 811)
4(234 819 820 235)
4(227 236 821 812)
4(235 820 821 236)
4(228 237 822 813)
4(236 821 822 237)
4(229 238 823 814)
4(237 822 823 238)
4(230 239 824 815)
4(238 823 824 239)
4(231 240 825 816)
4(239 824 825 240)
4(232 241 826 817)
4(240 825 826 241)
4(241 826 827 242)
4(235 244 829 820)
4(243 828 829 244)
4(236 245 830 821)
4(244 829 830 245)
4(237 246 831 822)
4(245 830 831 246)
4(238 247 832 823)
4(246 831 832 247)
4(239 248 833 824)
4(247 832 833 248)
4(240 249 834 825)
4(248 833 834 249)
4(241 250 835 826)
4(249 834 835 250)
4(250 835 836 251)
4(244 253 838 829)
4(252 837 838 253)
4(245 254 839 830)
4(253 838 839 254)
4(246 255 840 831)
4(254 839 840 255)
4(247 256 841 832)
4(255 840 841 256)
4(248 257 842 833)
4(256 841 842 257)
4(249 258 843 834)
4(257 842 843 258)
4(250 259 844 835)
4(258 843 844 259)
4(259 844 845 260)
4(253 262 847 838)
4(261 846 847 262)
4(254 263 848 839)
4(262 847 848 263)
4(255 264 849 840)
4(263 848 849 264)
4(256 265 850 841)
4(264 849 850 265)
4(257 266 851 842)
4(265 850 851 266)
4(258 267 852 843)
4(266 851 852 267)
4(259 268 853 844)
4(267 852 853 268)
4(268 853 854 269)
4(262 271 856 847)
4(270 855 856 271)
4(263 272 857 848)
4(271 856 857 272)
4(264 273 858 849)
4(272 857 858 273)
4(265 274 859 850)
4(273 858 859 274)
4(266 275 860 851)
4(274 859 860 275)
4(267 276 861 852)
4(275 860 861 276)
4(268 277 862 853)
4(276 861 862 277)
4(277 862 863 278)
4(271 280 865 856)
4(279 864 865 280)
4(272 281 866 857)
4(280 865 866 281)
4(273 282 867 858)
4(281 866 867 282)
4(274 283 868 859)
4(282 867 868 283)
4(275 284 869 860)
4(283 868 869 284)
4(276 285 870 861)
4(284 869 870 285)
4(277 286 871 862)
4(285 870 871 286)
4(286 871 872 287)
4(280 289 874 865)
4(288 873 874 289)
4(281 290 875 866)
4(289 874 875 290)
4(282 291 876 867)
4(290 875 876 291)
4(283 292 877 868)
4(291 876 877 292)
4(284 293 878 869)
4(292 877 878 293)
4(285 294 879 870)
4(293 878 879 294)
4(286 295 880 871)
4(294 879 880 295)
4(295 880 881 296)
4(289 298 883 874)
4(297 882 883 298)
4(290 299 884 875)
4(298 883 884 299)
4(291 300 885 876)
4(299 884 885 300)
4(292 301 886 877)
4(300 885 886 301)
4(293 302 887 878)
4(301 886 887 302)
4(294 303 888 879)
4(302 887 888 303)
4(295 304 889 880)
4(303 888 889 304)
4(304 889 890 305)
4(298 307 892 883)
4(306 891 892 307)
4(299 308 893 884)
4(307 892 893 308)
4(300 309 894 885)
4(308 893 894 309)
4(301 310 895 886)
4(309 894 895 310)
4(302 311 896 887)
4(310 895 896 311)
4(303 312 897 888)
4(311 896 897 312)
4(304 313 898 889)
4(312 897 898 313)
4(313 898 899 314)
4(307 316 901 892)
4(315 900 901 316)
4(308 317 902 893)
4(316 901 902 317)
4(309 318 903 894)
4(317 902 903 318)
4(310 319 904 895)
4(318 903 904 319)
4(311 320 905 896)
4(319 904 905 320)
4(312 321 906 897)
4(320 905 906 321)
4(313 322 907 898)
4(321 906 907 322)
4(322 907 908 323)
4(316 325 910 901)
4(324 909 910 325)
4(317 326 911 902)
4(325 910 911 326)
4(318 327 912 903)
4(326 911 912 327)
4(319 328 913 904)
4(327 912 913 328)
4(320 329 914 905)
4(328 913 914 329)
4(321 330 915 906)
4(329 914 915 330)
4(322 331 916 907)
4(330 915 916 331)
4(331 916 917 332)
4(325 334 919 910)
4(333 918 919 334)
4(326 335 920 911)
4(334 919 920 335)
4(327 336 921 912)
4(335 920 921 336)
4(328 337 922 913)
4(336 921 922 337)
4(329 338 923 914)
4(337 922 923 338)
4(330 339 924 915)
4(338 923 924 339)
4(331 340 925 916)
4(339 924 925 340)
4(340 925 926 341)
4(334 343 928 919)
4(342 927 928 343)
4(335 344 929 920)
4(343 928 929 344)
4(336 345 930 921)
4(344 929 930 345)
4(337 346 931 922)
4(345 930 931 346)
4(338 347 932 923)
4(346 931 932 347)
4(339 348 933 924)
4(347 932 933 348)
4(340 349 934 925)
4(348 933 934 349)
4(349 934 935 350)
4(343 352 937 928)
4(351 936 937 352)
4(344 353 938 929)
4(352 937 938 353)
4(345 354 939 930)
4(353 938 939 354)
4(346 355 940 931)
4(354 939 940 355)
4(347 356 941 932)
4(355 940 941 356)
4(348 357 942 933)
4(356 941 942 357)
4(349 358 943 934)
4(357 942 943 358)
4(358 943 944 359)
4(352 361 946 937)
4(360 945 946 361)
4(353 362 947 938)
4(361 946 947 362)
4(354 363 948 939)
4(362 947 948 363)
4(355 364 949 940)
4(363 948 949 364)
4(356 365 950 941)
4(364 949 950 365)
4(357 366 951 942)
4(365 950 951 366)
4(358 367 952 943)
4(366 951 952 367)
4(367 952 953 368)
4(361 370 955 946)
4(369 954 955 370)
4(362 371 956 947)
4(370 955 956 371)
4(363 372 957 948)
4(371 956 957 372)
4(364 373 958 949)
4(372 957 958 373)
4(365 374 959 950)
4(373 958 959 374)
4(366 375 960 951)
4(374 959 960 375)
4(367 376 961 952)
4(375 960 961 376)
4(376 961 962 377)
4(370 379 964 955)
4(378 963 964 379)
4(371 380 965 956)
4(379 964 965 380)
4(372 381 966 957)
4(380 965 966 381)
4(373 382 967 958)
4(381 966 967 382)
4(374 383 968 959)
4(382 967 968 383)
4(375 384 969 960)
4(383 968 969 384)
4(376 385 970 961)
4(384 969 970 385)
4(385 970 971 386)
4(379 388 973 964)
4(387 972 973 388)
4(380 389 974 965)
4(388 973 974 389)
4(381 390 975 966)
4(389 974 975 390)
4(382 391 976 967)
4(390 975 976 391)
4(383 392 977 968)
4(391 976 977 392)
4(384 393 978 969)
4(392 977 978 393)
4(385 394 979 970)
4(393 978 979 394)
4(394 979 980 395)
4(388 397 982 973)
4(396 981 982 397)
4(389 398 983 974)
4(397 982 983 398)
4(390 399 984 975)
4(398 983 984 399)
4(391 400 985 976)
4(399 984 985 400)
4(392 401 986 977)
4(400 985 986 401)
4(393 402 987 978)
4(401 986 987 402)
4(394 403 988 979)
4(402 987 988 403)
4(403 988 989 404)
4(397 406 991 982)
4(405 990 991 406)
4(398 407 992 983)
4(406 991 992 407)
4(399 408 993 984)
4(407 992 993 408)
4(400 409 994 985)
4(408 993 994 409)
4(401 410 995 986)
4(409 994 995 410)
4(402 411 996 987)
4(410 995 996 411)
4(403 412 997 988)
4(411 996 997 412)
4(412 997 998 413)
4(406 415 1000 991)
4(414 999 1000 415)
4(407 416 1001 992)
4(415 1000 1001 416)
4(408 417 1002 993)
4(416 1001 1002 417)
4(409 418 1003 994)
4(417 1002 1003 418)
4(410 419 1004 995)
4(418 1003 1004 419)
4(411 420 1005 996)
4(419 1004 1005 420)
4(412 421 1006 997)
4(420 1005 1006 421)
4(421 1006 1007 422)
4(415 424 1009 1000)
4(423 1008 1009 424)
4(416 425 1010 1001)
4(424 1009 1010 425)
4(417 426 1011 1002)
4(425 1010 1011 426)
4(418 427 1012 1003)
4(426 1011 1012 427)
4(419 428 1013 1004)
4(427 1012 1013 428)
4(420 429 1014 1005)
4(428 1013 1014 429)
4(421 430 1015 1006)
4(429 1014 1015 430)
4(430 1015 1016 431)
4(424 433 1018 1009)
4(432 1017 1018 433)
4(425 434 1019 1010)
4(433 1018 1019 434)
4(426 435 1020 1011)
4(434 1019 1020 435)
4(427 436 1021 1012)
4(435 1020 1021 436)
4(428 437 1022 1013)
4(436 1021 1022 437)
4(429 438 1023 1014)
4(437 1022 1023 438)
4(430 439 1024 1015)
4(438 1023 1024 439)
4(439 1024 1025 440)
4(433 442 1027 1018)
4(441 1026 1027 442)
4(434 443 1028 1019)
4(442 1027 1028 443)
4(435 444 1029 1020)
4(443 1028 1029 444)
4(436 445 1030 1021)
4(444 1029 1030 445)
4(437 446 1031 1022)
4(445 1030 1031 446)
4(438 447 1032 1023)
4(446 1031 1032 447)
4(439 448 1033 1024)
4(447 1032 1033 448)
4(448 1033 1034 449)
4(442 451 1036 1027)
4(450 1035 1036 451)
4(443 452 1037 1028)
4(451 1036 1037 452)
4(444 453 1038 1029)
4(452 1037 1038 453)
4(445 454 1039 1030)
4(453 1038 1039 454)
4(446 455 1040 1031)
4(454 1039 1040 455)
4(447 456 1041 1032)
4(455 1040 1041 456)
4(448 457 1042 1033)
4(456 1041 1042 457)
4(457 1042 1043 458)
4(451 460 1045 1036)
4(459 1044 1045 460)
4(452 461 1046 1037)
4(460 1045 1046 461)
4(453 462 1047 1038)
4(461 1046 1047 462)
4(454 463 1048 1039)
4(462 1047 1048 463)
4(455 464 1049 1040)
4(463 1048 1049 464)
4(456 465 1050 1041)
4(464 1049 1050 465)
4(457 466 1051 1042)
4(465 1050 1051 466)
4(466 1051 1052 467)
4(460 469 1054 1045)
4(468 1053 1054 469)
4(461 470 1055 1046)
4(469 1054 1055 470)
4(462 471 1056 1047)
4(470 1055 1056 471)
4(463 472 1057 1048)
4(471 1056 1057 472)
4(464 473 1058 1049)
4(472 1057 1058 473)
4(465 474 1059 1050)
4(473 1058 1059 474)
4(466 475 1060 1051)
4(474 1059 1060 475)
4(475 1060 1061 476)
4(469 478 1063 1054)
4(477 1062 1063 478)
4(470 479 1064 1055)
4(478 1063 1064 479)
4(471 480 1065 1056)
4(479 1064 1065 480)
4(472 481 1066 1057)
4(480 1065 1066 481)
4(473 482 1067 1058)
4(481 1066 1067 482)
4(474 483 1068 1059)
4(482 1067 1068 483)
4(475 484 1069 1060)
4(483 1068 1069 484)
4(484 1069 1070 485)
4(478 487 1072 1063)
4(486 1071 1072 487)
4(479 488 1073 1064)
4(487 1072 1073 488)
4(480 489 1074 1065)
4(488 1073 1074 489)
4(481 490 1075 1066)
4(489 1074 1075 490)
4(482 491 1076 1067)
4(490 1075 1076 491)
4(483 492 1077 1068)
4(491 1076 1077 492)
4(484 493 1078 1069)
4(492 1077 1078 493)
4(493 1078 1079 494)
4(487 496 1081 1072)
4(495 1080 1081 496)
4(488 497 1082 1073)
4(496 1081 1082 497)
4(489 498 1083 1074)
4(497 1082 1083 498)
4(490 499 1084 1075)
4(498 1083 1084 499)
4(491 500 1085 1076)
4(499 1084 1085 500)
4(492 501 1086 1077)
4(500 1085 1086 501)
4(493 502 1087 1078)
4(501 1086 1087 502)
4(502 1087 1088 503)
4(496 505 1090 1081)
4(504 1089 1090 505)
4(497 506 1091 1082)
4(505 1090 1091 506)
4(498 507 1092 1083)
4(506 1091 1092 507)
4(499 508 1093 1084)
4(507 1092 1093 508)
4(500 509 1094 1085)
4(508 1093 1094 509)
4(501 510 1095 1086)
4(509 1094 1095 510)
4(502 511 1096 1087)
4(510 1095 1096 511)
4(511 1096 1097 512)
4(505 514 1099 1090)
4(513 1098 1099 514)
4(506 515 1100 1091)
4(514 1099 1100 515)
4(507 516 1101 1092)
4(515 1100 1101 516)
4(508 517 1102 1093)
4(516 1101 1102 517)
4(509 518 1103 1094)
4(517 1102 1103 518)
4(510 519 1104 1095)
4(518 1103 1104 519)
4(511 520 1105 1096)
4(519 1104 1105 520)
4(520 1105 1106 521)
4(514 523 1108 1099)
4(522 1107 1108 523)
4(515 524 1109 1100)
4(523 1108 1109 524)
4(516 525 1110 1101)
4(524 1109 1110 525)
4(517 526 1111 1102)
4(525 1110 1111 526)
4(518 527 1112 1103)
4(526 1111 1112 527)
4(519 528 1113 1104)
4(527 1112 1113 528)
4(520 529 1114 1105)
4(528 1113 1114 529)
4(529 1114 1115 530)
4(523 532 1117 1108)
4(531 1116 1117 532)
4(524 533 1118 1109)
4(532 1117 1118 533)
4(525 534 1119 1110)
4(533 1118 1119 534)
4(526 535 1120 1111)
4(534 1119 1120 535)
4(527 536 1121 1112)
4(535 1120 1121 536)
4(528 537 1122 1113)
4(536 1121 1122 537)
4(529 538 1123 1114)
4(537 1122 1123 538)
4(538 1123 1124 539)
4(532 541 1126 1117)
4(540 1125 1126 541)
4(533 542 1127 1118)
4(541 1126 1127 542)
4(534 543 1128 1119)
4(542 1127 1128 543)
4(535 544 1129 1120)
4(543 1128 1129 544)
4(536 545 1130 1121)
4(544 1129 1130 545)
4(537 546 1131 1122)
4(545 1130 1131 546)
4(538 547 1132 1123)
4(546 1131 1132 547)
4(547 1132 1133 548)
4(541 550 1135 1126)
4(549 1134 1135 550)
4(542 551 1136 1127)
4(550 1135 1136 551)
4(543 552 1137 1128)
4(551 1136 1137 552)
4(544 553 1138 1129)
4(552 1137 1138 553)
4(545 554 1139 1130)
4(553 1138 1139 554)
4(546 555 1140 1131)
4(554 1139 1140 555)
4(547 556 1141 1132)
4(555 1140 1141 556)
4(556 1141 1142 557)
4(550 559 1144 1135)
4(558 1143 1144 559)
4(551 560 1145 1136)
4(559 1144 1145 560)
4(552 561 1146 1137)
4(560 1145 1146 561)
4(553 562 1147 1138)
4(561 1146 1147 562)
4(554 563 1148 1139)
4(562 1147 1148 563)
4(555 564 1149 1140)
4(563 1148 1149 564)
4(556 565 1150 1141)
4(564 1149 1150 565)
4(565 1150 1151 566)
4(559 568 1153 1144)
4(567 1152 1153 568)
4(560 569 1154 1145)
4(568 1153 1154 569)
4(561 570 1155 1146)
4(569 1154 1155 570)
4(562 571 1156 1147)
4(570 1155 1156 571)
4(563 572 1157 1148)
4(571 1156 1157 572)
4(564 573 1158 1149)
4(572 1157 1158 573)
4(565 574 1159 1150)
4(573 1158 1159 574)
4(574 1159 1160 575)
4(568 577 1162 1153)
4(569 578 1163 1154)
4(570 579 1164 1155)
4(571 580 1165 1156)
4(572 581 1166 1157)
4(573 582 1167 1158)
4(574 583 1168 1159)
4(576 1161 1162 577)
4(577 1162 1163 578)
4(578 1163 1164 579)
4(579 1164 1165 580)
4(580 1165 1166 581)
4(581 1166 1167 582)
4(582 1167 1168 583)
4(583 1168 1169 584)
4(0 585 594 9)
4(9 594 603 18)
4(18 603 612 27)
4(27 612 621 36)
4(36 621 630 45)
4(45 630 639 54)
4(54 639 648 63)
4(63 648 657 72)
4(72 657 666 81)
4(81 666 675 90)
4(90 675 684 99)
4(99 684 693 108)
4(108 693 702 117)
4(117 702 711 126)
4(126 711 720 135)
4(135 720 729 144)
4(144 729 738 153)
4(153 738 747 162)
4(162 747 756 171)
4(171 756 765 180)
4(180 765 774 189)
4(189 774 783 198)
4(198 783 792 207)
4(207 792 801 216)
4(216 801 810 225)
4(225 810 819 234)
4(234 819 828 243)
4(243 828 837 252)
4(252 837 846 261)
4(261 846 855 270)
4(270 855 864 279)
4(279 864 873 288)
4(288 873 882 297)
4(297 882 891 306)
4(306 891 900 315)
4(315 900 909 324)
4(324 909 918 333)
4(333 918 927 342)
4(342 927 936 351)
4(351 936 945 360)
4(360 945 954 369)
4(369 954 963 378)
4(378 963 972 387)
4(387 972 981 396)
4(396 981 990 405)
4(405 990 999 414)
4(414 999 1008 423)
4(423 1008 1017 432)
4(432 1017 1026 441)
4(441 1026 1035 450)
4(450 1035 1044 459)
4(459 1044 1053 468)
4(468 1053 1062 477)
4(477 1062 1071 486)
4(486 1071 1080 495)
4(495 1080 1089 504)
4(504 1089 1098 513)
4(513 1098 1107 522)
4(522 1107 1116 531)
4(531 1116 1125 540)
4(540 1125 1134 549)
4(549 1134 1143 558)
4(558 1143 1152 567)
4(567 1152 1161 576)
4(8 17 602 593)
4(17 26 611 602)
4(26 35 620 611)
4(35 44 629 620)
4(44 53 638 629)
4(53 62 647 638)
4(62 71 656 647)
4(71 80 665 656)
4(80 89 674 665)
4(89 98 683 674)
4(98 107 692 683)
4(107 116 701 692)
4(116 125 710 701)
4(125 134 719 710)
4(134 143 728 719)
4(143 152 737 728)
4(152 161 746 737)
4(161 170 755 746)
4(170 179 764 755)
4(179 188 773 764)
4(188 197 782 773)
4(197 206 791 782)
4(206 215 800 791)
4(215 224 809 800)
4(224 233 818 809)
4(233 242 827 818)
4(242 251 836 827)
4(251 260 845 836)
4(260 269 854 845)
4(269 278 863 854)
4(278 287 872 863)
4(287 296 881 872)
4(296 305 890 881)
4(305 314 899 890)
4(314 323 908 899)
4(323 332 917 908)
4(332 341 926 917)
4(341 350 935 926)
4(350 359 944 935)
4(359 368 953 944)
4(368 377 962 953)
4(377 386 971 962)
4(386 395 980 971)
4(395 404 989 980)
4(404 413 998 989)
4(413 422 1007 998)
4(422 431 1016 1007)
4(431 440 1025 1016)
4(440 449 1034 1025)
4(449 458 1043 1034)
4(458 467 1052 1043)
4(467 476 1061 1052)
4(476 485 1070 1061)
4(485 494 1079 1070)
4(494 503 1088 1079)
4(503 512 1097 1088)
4(512 521 1106 1097)
4(521 530 1115 1106)
4(530 539 1124 1115)
4(539 548 1133 1124)
4(548 557 1142 1133)
4(557 566 1151 1142)
4(566 575 1160 1151)
4(575 584 1169 1160)
4(0 1 586 585)
4(1 2 587 586)
4(2 3 588 587)
4(3 4 589 588)
4(4 5 590 589)
4(5 6 591 590)
4(6 7 592 591)
4(7 8 593 592)
4(585 586 595 594)
4(594 595 604 603)
4(603 604 613 612)
4(612 613 622 621)
4(621 622 631 630)
4(630 631 640 639)
4(639 640 649 648)
4(648 649 658 657)
4(657 658 667 666)
4(666 667 676 675)
4(675 676 685 684)
4(684 685 694 693)
4(693 694 703 702)
4(702 703 712 711)
4(711 712 721 720)
4(720 721 730 729)
4(729 730 739 738)
4(738 739 748 747)
4(747 748 757 756)
4(756 757 766 765)
4(765 766 775 774)
4(774 775 784 783)
4(783 784 793 792)
4(792 793 802 801)
4(801 802 811 810)
4(810 811 820 819)
4(819 820 829 828)
4(828 829 838 837)
4(837 838 847 846)
4(846 847 856 855)
4(855 856 865 864)
4(864 865 874 873)
4(873 874 883 882)
4(882 883 892 891)
4(891 892 901 900)
4(900 901 910 909)
4(909 910 919 918)
4(918 919 928 927)
4(927 928 937 936)
4(936 937 946 945)
4(945 946 955 954)
4(954 955 964 963)
4(963 964 973 972)
4(972 973 982 981)
4(981 982 991 990)
4(990 991 1000 999)
4(999 1000 1009 1008)
4(1008 1009 1018 1017)
4(1017 1018 1027 1026)
4(1026 1027 1036 1035)
4(1035 1036 1045 1044)
4(1044 1045 1054 1053)
4(1053 1054 1063 1062)
4(1062 1063 1072 1071)
4(1071 1072 1081 1080)
4(1080 1081 1090 1089)
4(1089 1090 1099 1098)
4(1098 1099 1108 1107)
4(1107 1108 1117 1116)
4(1116 1117 1126 1125)
4(1125 1126 1135 1134)
4(1134 1135 1144 1143)
4(1143 1144 1153 1152)
4(1152 1153 1162 1161)
4(586 587 596 595)
4(595 596 605 604)
4(604 605 614 613)
4(613 614 623 622)
4(622 623 632 631)
4(631 632 641 640)
4(640 641 650 649)
4(649 650 659 658)
4(658 659 668 667)
4(667 668 677 676)
4(676 677 686 685)
4(685 686 695 694)
4(694 695 704 703)
4(703 704 713 712)
4(712 713 722 721)
4(721 722 731 730)
4(730 731 740 739)
4(739 740 749 748)
4(748 749 758 757)
4(757 758 767 766)
4(766 767 776 775)
4(775 776 785 784)
4(784 785 794 793)
4(793 794 803 802)
4(802 803 812 811)
4(811 812 821 820)
4(820 821 830 829)
4(829 830 839 838)
4(838 839 848 847)
4(847 848 857 856)
4(856 857 866 865)
4(865 866 875 874)
4(874 875 884 883)
4(883 884 893 892)
4(892 893 902 901)
4(901 902 911 910)
4(910 911 920 919)
4(919 920 929 928)
4(928 929 938 937)
4(937 938 947 946)
4(946 947 956 955)
4(955 956 965 964)
4(964 965 974 973)
4(973 974 983 982)
4(982 983 992 991)
4(991 992 1001 1000)
4(1000 1001 1010 1009)
4(1009 1010 1019 1018)
4(1018 1019 1028 1027)
4(1027 1028 1037 1036)
4(1036 1037 1046 1045)
4(1045 1046 1055 1054)
4(1054 1055 1064 1063)
4(1063 1064 1073 1072)
4(1072 1073 1082 1081)
4(1081 1082 1091 1090)
4(1090 1091 1100 1099)
4(1099 1100 1109 1108)
4(1108 1109 1118 1117)
4(1117 1118 1127 1126)
4(1126 1127 1136 1135)
4(1135 1136 1145 1144)
4(1144 1145 1154 1153)
4(1153 1154 1163 1162)
4(587 588 597 596)
4(596 597 606 605)
4(605 606 615 614)
4(614 615 624 623)
4(623 624 633 632)
4(632 633 642 641)
4(641 642 651 650)
4(650 651 660 659)
4(659 660 669 668)
4(668 669 678 677)
4(677 678 687 686)
4(686 687 696 695)
4(695 696 705 704)
4(704 705 714 713)
4(713 714 723 722)
4(722 723 732 731)
4(731 732 741 740)
4(740 741 750 749)
4(749 750 759 758)
4(758 759 768 767)
4(767 768 777 776)
4(776 777 786 785)
4(785 786 795 794)
4(794 795 804 803)
4(803 804 813 812)
4(812 813 822 821)
4(821 822 831 830)
4(830 831 840 839)
4(839 840 849 848)
4(848 849 858 857)
4(857 858 867 866)
4(866 867 876 875)
4(875 876 885 884)
4(884 885 894 893)
4(893 894 903 902)
4(902 903 912 911)
4(911 912 921 920)
4(920 921 930 929)
4(929 930 939 938)
4(938 939 948 947)
4(947 948 957 956)
4(956 957 966 965)
4(965 966 975 974)
4(974 975 984 983)
4(983 984 993 992)
4(992 993 1002 1001)
4(1001 1002 1011 1010)
4(1010 1011 1020 1019)
4(1019 1020 1029 1028)
4(1028 1029 1038 1037)
4(1037 1038 1047 1046)
4(1046 1047 1056 1055)
4(1055 1056 1065 1064)
4(1064 1065 1074 1073)
4(1073 1074 1083 1082)
4(1082 1083 1092 1091)
4(1091 1092 1101 1100)
4(1100 1101 1110 1109)
4(1109 1110 1119 1118)
4(1118 1119 1128 1127)
4(1127 1128 1137 1136)
4(1136 1137 1146 1145)
4(1145 1146 1155 1154)
4(1154 1155 1164 1163)
4(588 589 598 597)
4(597 598 607 606)
4(606 607 616 615)
4(615 616 625 624)
4(624 625 634 633)
4(633 634 643 642)
4(642 643 652 651)
4(651 652 661 660)
4(660 661 670 669)
4(669 670 679 678)
4(678 679 688 687)
4(687 688 697 696)
4(696 697 706 705)
4(705 706 715 714)
4(714 715 724 723)
4(723 724 733 732)
4(732 733 742 741)
4(741 742 751 750)
4(750 751 760 759)
4(759 760 769 768)
4(768 769 778 777)
4(777 778 787 786)
4(786 787 796 795)
4(795 796 805 804)
4(804 805 814 813)
4(813 814 823 822)
4(822 823 832 831)
4(831 832 841 840)
4(840 841 850 849)
4(849 850 859 858)
4(858 859 868 867)
4(867 868 877 876)
4(876 877 886 885)
4(885 886 895 894)
4(894 895 904 903)
4(903 904 913 912)
4(912 913 922 921)
4(921 922 931 930)
4(930 931 940 939)
4(939 940 949 948)
4(948 949 958 957)
4(957 958 967 966)
4(966 967 976 975)
4(975 976 985 984)
4(984 985 994 993)
4(993 994 1003 1002)
4(1002 1003 1012 1011)
4(1011 1012 1021 1020)
4(1020 1021 1030 1029)
4(1029 1030 1039 1038)
4(1038 1039 1048 1047)
4(1047 1048 1057 1056)
4(1056 1057 1066 1065)
4(1065 1066 1075 1074)
4(1074 1075 1084 1083)
4(1083 1084 1093 1092)
4(1092 1093 1102 1101)
4(1101 1102 1111 1110)
4(1110 1111 1120 1119)
4(1119 1120 1129 1128)
4(1128 1129 1138 1137)
4(1137 1138 1147 1146)
4(1146 1147 1156 1155)
4(1155 1156 1165 1164)
4(589 590 599 598)
4(598 599 608 607)
4(607 608 617 616)
4(616 617 626 625)
4(625 626 635 634)
4(634 635 644 643)
4(643 644 653 652)
4(652 653 662 661)
4(661 662 671 670)
4(670 671 680 679)
4(679 680 689 688)
4(688 689 698 697)
4(697 698 707 706)
4(706 707 716 715)
4(715 716 725 724)
4(724 725 734 733)
4(733 734 743 742)
4(742 743 752 751)
4(751 752 761 760)
4(760 761 770 769)
4(769 770 779 778)
4(778 779 788 787)
4(787 788 797 796)
4(796 797 806 805)
4(805 806 815 814)
4(814 815 824 823)
4(823 824 833 832)
4(832 833 842 841)
4(841 842 851 850)
4(850 851 860 859)
4(859 860 869 868)
4(868 869 878 877)
4(877 878 887 886)
4(886 887 896 895)
4(895 896 905 904)
4(904 905 914 913)
4(913 914 923 922)
4(922 923 932 931)
4(931 932 941 940)
4(940 941 950 949)
4(949 950 959 958)
4(958 959 968 967)
4(967 968 977 976)
4(976 977 986 985)
4(985 986 995 994)
4(994 995 1004 1003)
4(1003 1004 1013 1012)
4(1012 1013 1022 1021)
4(1021 1022 1031 1030)
4(1030 1031 1040 1039)
4(1039 1040 1049 1048)
4(1048 1049 1058 1057)
4(1057 1058 1067 1066)
4(1066 1067 1076 1075)
4(1075 1076 1085 1084)
4(1084 1085 1094 1093)
4(1093 1094 1103 1102)
4(1102 1103 1112 1111)
4(1111 1112 1121 1120)
4(1120 1121 1130 1129)
4(1129 1130 1139 1138)
4(1138 1139 1148 1147)
4(1147 1148 1157 1156)
4(1156 1157 1166 1165)
4(590 591 600 599)
4(599 600 609 608)
4(608 609 618 617)
4(617 618 627 626)
4(626 627 636 635)
4(635 636 645 644)
4(644 645 654 653)
4(653 654 663 662)
4(662 663 672 671)
4(671 672 681 680)
4(680 681 690 689)
4(689 690 699 698)
4(698 699 708 707)
4(707 708 717 716)
4(716 717 726 725)
4(725 726 735 734)
4(734 735 744 743)
4(743 744 753 752)
4(752 753 762 761)
4(761 762 771 770)
4(770 771 780 779)
4(779 780 789 788)
4(788 789 798 797)
4(797 798 807 806)
4(806 807 816 815)
4(815 816 825 824)
4(824 825 834 833)
4(833 834 843 842)
4(842 843 852 851)
4(851 852 861 860)
4(860 861 870 869)
4(869 870 879 878)
4(878 879 888 887)
4(887 888 897 896)
4(896 897 906 905)
4(905 906 915 914)
4(914 915 924 923)
4(923 924 933 932)
4(932 933 942 941)
4(941 942 951 950)
4(950 951 960 959)
4(959 960 969 968)
4(968 969 978 977)
4(977 978 987 986)
4(986 987 996 995)
4(995 996 1005 1004)
4(1004 1005 1014 1013)
4(1013 1014 1023 1022)
4(1022 1023 1032 1031)
4(1031 1032 1041 1040)
4(1040 1041 1050 1049)
4(1049 1050 1059 1058)
4(1058 1059 1068 1067)
4(1067 1068 1077 1076)
4(1076 1077 1086 1085)
4(1085 1086 1095 1094)
4(1094 1095 1104 1103)
4(1103 1104 1113 1112)
4(1112 1113 1122 1121)
4(1121 1122 1131 1130)
4(1130 1131 1140 1139)
4(1139 1140 1149 1148)
4(1148 1149 1158 1157)
4(1157 1158 1167 1166)
4(591 592 601 600)
4(600 601 610 609)
4(609 610 619 618)
4(618 619 628 627)
4(627 628 637 636)
4(636 637 646 645)
4(645 646 655 654)
4(654 655 664 663)
4(663 664 673 672)
4(672 673 682 681)
4(681 682 691 690)
4(690 691 700 699)
4(699 700 709 708)
4(708 709 718 717)
4(717 718 727 726)
4(726 727 736 735)
4(735 736 745 744)
4(744 745 754 753)
4(753 754 763 762)
4(762 763 772 771)
4(771 772 781 780)
4(780 781 790 789)
4(789 790 799 798)
4(798 799 808 807)
4(807 808 817 816)
4(816 817 826 825)
4(825 826 835 834)
4(834 835 844 843)
4(843 844 853 852)
4(852 853 862 861)
4(861 862 871 870)
4(870 871 880 879)
4(879 880 889 888)
4(888 889 898 897)
4(897 898 907 906)
4(906 907 916 915)
4(915 916 925 924)
4(924 925 934 933)
4(933 934 943 942)
4(942 943 952 951)
4(951 952 961 960)
4(960 961 970 969)
4(969 970 979 978)
4(978 979 988 987)
4(987 988 997 996)
4(996 997 1006 1005)
4(1005 1006 1015 1014)
4(1014 1015 1024 1023)
4(1023 1024 1033 1032)
4(1032 1033 1042 1041)
4(1041 1042 1051 1050)
4(1050 1051 1060 1059)
4(1059 1060 1069 1068)
4(1068 1069 1078 1077)
4(1077 1078 1087 1086)
4(1086 1087 1096 1095)
4(1095 1096 1105 1104)
4(1104 1105 1114 1113)
4(1113 1114 1123 1122)
4(1122 1123 1132 1131)
4(1131 1132 1141 1140)
4(1140 1141 1150 1149)
4(1149 1150 1159 1158)
4(1158 1159 1168 1167)
4(592 593 602 601)
4(601 602 611 610)
4(610 611 620 619)
4(619 620 629 628)
4(628 629 638 637)
4(637 638 647 646)
4(646 647 656 655)
4(655 656 665 664)
4(664 665 674 673)
4(673 674 683 682)
4(682 683 692 691)
4(691 692 701 700)
4(700 701 710 709)
4(709 710 719 718)
4(718 719 728 727)
4(727 728 737 736)
4(736 737 746 745)
4(745 746 755 754)
4(754 755 764 763)
4(763 764 773 772)
4(772 773 782 781)
4(781 782 791 790)
4(790 791 800 799)
4(799 800 809 808)
4(808 809 818 817)
4(817 818 827 826)
4(826 827 836 835)
4(835 836 845 844)
4(844 845 854 853)
4(853 854 863 862)
4(862 863 872 871)
4(871 872 881 880)
4(880 881 890 889)
4(889 890 899 898)
4(898 899 908 907)
4(907 908 917 916)
4(916 917 926 925)
4(925 926 935 934)
4(934 935 944 943)
4(943 944 953 952)
4(952 953 962 961)
4(961 962 971 970)
4(970 971 980 979)
4(979 980 989 988)
4(988 989 998 997)
4(997 998 1007 1006)
4(1006 1007 1016 1015)
4(1015 1016 1025 1024)
4(1024 1025 1034 1033)
4(1033 1034 1043 1042)
4(1042 1043 1052 1051)
4(1051 1052 1061 1060)
4(1060 1061 1070 1069)
4(1069 1070 1079 1078)
4(1078 1079 1088 1087)
4(1087 1088 1097 1096)
4(1096 1097 1106 1105)
4(1105 1106 1115 1114)
4(1114 1115 1124 1123)
4(1123 1124 1133 1132)
4(1132 1133 1142 1141)
4(1141 1142 1151 1150)
4(1150 1151 1160 1159)
4(1159 1160 1169 1168)
4(0 9 10 1)
4(9 18 19 10)
4(18 27 28 19)
4(27 36 37 28)
4(36 45 46 37)
4(45 54 55 46)
4(54 63 64 55)
4(63 72 73 64)
4(72 81 82 73)
4(81 90 91 82)
4(90 99 100 91)
4(99 108 109 100)
4(108 117 118 109)
4(117 126 127 118)
4(126 135 136 127)
4(135 144 145 136)
4(144 153 154 145)
4(153 162 163 154)
4(162 171 172 163)
4(171 180 181 172)
4(180 189 190 181)
4(189 198 199 190)
4(198 207 208 199)
4(207 216 217 208)
4(216 225 226 217)
4(225 234 235 226)
4(234 243 244 235)
4(243 252 253 244)
4(252 261 262 253)
4(261 270 271 262)
4(270 279 280 271)
4(279 288 289 280)
4(288 297 298 289)
4(297 306 307 298)
4(306 315 316 307)
4(315 324 325 316)
4(324 333 334 325)
4(333 342 343 334)
4(342 351 352 343)
4(351 360 361 352)
4(360 369 370 361)
4(369 378 379 370)
4(378 387 388 379)
4(387 396 397 388)
4(396 405 406 397)
4(405 414 415 406)
4(414 423 424 415)
4(423 432 433 424)
4(432 441 442 433)
4(441 450 451 442)
4(450 459 460 451)
4(459 468 469 460)
4(468 477 478 469)
4(477 486 487 478)
4(486 495 496 487)
4(495 504 505 496)
4(504 513 514 505)
4(513 522 523 514)
4(522 531 532 523)
4(531 540 541 532)
4(540 549 550 541)
4(549 558 559 550)
4(558 567 568 559)
4(567 576 577 568)
4(1 10 11 2)
4(10 19 20 11)
4(19 28 29 20)
4(28 37 38 29)
4(37 46 47 38)
4(46 55 56 47)
4(55 64 65 56)
4(64 73 74 65)
4(73 82 83 74)
4(82 91 92 83)
4(91 100 101 92)
4(100 109 110 101)
4(109 118 119 110)
4(118 127 128 119)
4(127 136 137 128)
4(136 145 146 137)
4(145 154 155 146)
4(154 163 164 155)
4(163 172 173 164)
4(172 181 182 173)
4(181 190 191 182)
4(190 199 200 191)
4(199 208 209 200)
4(208 217 218 209)
4(217 226 227 218)
4(226 235 236 227)
4(235 244 245 236)
4(244 253 254 245)
4(253 262 263 254)
4(262 271 272 263)
4(271 280 281 272)
4(280 289 290 281)
4(289 298 299 290)
4(298 307 308 299)
4(307 316 317 308)
4(316 325 326 317)
4(325 334 335 326)
4(334 343 344 335)
4(343 352 353 344)
4(352 361 362 353)
4(361 370 371 362)
4(370 379 380 371)
4(379 388 389 380)
4(388 397 398 389)
4(397 406 407 398)
4(406 415 416 407)
4(415 424 425 416)
4(424 433 434 425)
4(433 442 443 434)
4(442 451 452 443)
4(451 460 461 452)
4(460 469 470 461)
4(469 478 479 470)
4(478 487 488 479)
4(487 496 497 488)
4(496 505 506 497)
4(505 514 515 506)
4(514 523 524 515)
4(523 532 533 524)
4(532 541 542 533)
4(541 550 551 542)
4(550 559 560 551)
4(559 568 569 560)
4(568 577 578 569)
4(2 11 12 3)
4(11 20 21 12)
4(20 29 30 21)
4(29 38 39 30)
4(38 47 48 39)
4(47 56 57 48)
4(56 65 66 57)
4(65 74 75 66)
4(74 83 84 75)
4(83 92 93 84)
4(92 101 102 93)
4(101 110 111 102)
4(110 119 120 111)
4(119 128 129 120)
4(128 137 138 129)
4(137 146 147 138)
4(146 155 156 147)
4(155 164 165 156)
4(164 173 174 165)
4(173 182 183 174)
4(182 191 192 183)
4(191 200 201 192)
4(200 209 210 201)
4(209 218 219 210)
4(218 227 228 219)
4(227 236 237 228)
4(236 245 246 237)
4(245 254 255 246)
4(254 263 264 255)
4(263 272 273 264)
4(272 281 282 273)
4(281 290 291 282)
4(290 299 300 291)
4(299 308 309 300)
4(308 317 318 309)
4(317 326 327 318)
4(326 335 336 327)
4(335 344 345 336)
4(344 353 354 345)
4(353 362 363 354)
4(362 371 372 363)
4(371 380 381 372)
4(380 389 390 381)
4(389 398 399 390)
4(398 407 408 399)
4(407 416 417 408)
4(416 425 426 417)
4(425 434 435 426)
4(434 443 444 435)
4(443 452 453 444)
4(452 461 462 453)
4(461 470 471 462)
4(470 479 480 471)
4(479 488 489 480)
4(488 497 498 489)
4(497 506 507 498)
4(506 515 516 507)
4(515 524 525 516)
4(524 533 534 525)
4(533 542 543 534)
4(542 551 552 543)
4(551 560 561 552)
4(560 569 570 561)
4(569 578 579 570)
4(3 12 13 4)
4(12 21 22 13)
4(21 30 31 22)
4(30 39 40 31)
4(39 48 49 40)
4(48 57 58 49)
4(57 66 67 58)
4(66 75 76 67)
4(75 84 85 76)
4(84 93 94 85)
4(93 102 103 94)
4(102 111 112 103)
4(111 120 121 112)
4(120 129 130 121)
4(129 138 139 130)
4(138 147 148 139)
4(147 156 157 148)
4(156 165 166 157)
4(165 174 175 166)
4(174 183 184 175)
4(183 192 193 184)
4(192 201 202 193)
4(201 210 211 202)
4(210 219 220 211)
4(219 228 229 220)
4(228 237 238 229)
4(237 246 247 238)
4(246 255 256 247)
4(255 264 265 256)
4(264 273 274 265)
4(273 282 283 274)
4(282 291 292 283)
4(291 300 301 292)
4(300 309 310 301)
4(309 318 319 310)
4(318 327 328 319)
4(327 336 337 328)
4(336 345 346 337)
4(345 354 355 346)
4(354 363 364 355)
4(363 372 373 364)
4(372 381 382 373)
4(381 390 391 382)
4(390 399 400 391)
4(399 408 409 400)
4(408 417 418 409)
4(417 426 427 418)
4(426 435 436 427)
4(435 444 445 436)
4(444 453 454 445)
4(453 462 463 454)
4(462 471 472 463)
4(471 480 481 472)
4(480 489 490 481)
4(489 498 499 490)
4(498 507 508 499)
4(507 516 517 508)
4(516 525 526 517)
4(525 534 535 526)
4(534 543 544 535)
4(543 552 553 544)
4(552 561 562 553)
4(561 570 571 562)
4(570 579 580 571)
4(4 13 14 5)
4(13 22 23 14)
4(22 31 32 23)
4(31 40 41 32)
4(40 49 50 41)
4(49 58 59 50)
4(58 67 68 59)
4(67 76 77 68)
4(76 85 86 77)
4(85 94 95 86)
4(94 103 104 95)
4(103 112 113 104)
4(112 121 122 113)
4(121 130 131 122)
4(130 139 140 131)
4(139 148 149 140)
4(148 157 158 149)
4(157 166 167 158)
4(166 175 176 167)
4(175 184 185 176)
4(184 193 194 185)
4(193 202 203 194)
4(202 211 212 203)
4(211 220 221 212)
4(220 229 230 221)
4(229 238 239 230)
4(238 247 248 239)
4(247 256 257 248)
4(256 265 266 257)
4(265 274 275 266)
4(274 283 284 275)
4(283 292 293 284)
4(292 301 302 293)
4(301 310 311 302)
4(310 319 320 311)
4(319 328 329 320)
4(328 337 338 329)
4(337 346 347 338)
4(346 355 356 347)
4(355 364 365 356)
4(364 373 374 365)
4(373 382 383 374)
4(382 391 392 383)
4(391 400 401 392)
4(400 409 410 401)
4(409 418 419 410)
4(418 427 428 419)
4(427 436 437 428)
4(436 445 446 437)
4(445 454 455 446)
4(454 463 464 455)
4(463 472 473 464)
4(472 481 482 473)
4(481 490 491 482)
4(490 499 500 491)
4(499 508 509 500)
4(508 517 518 509)
4(517 526 527 518)
4(526 535 536 527)
4(535 544 545 536)
4(544 553 554 545)
4(553 562 563 554)
4(562 571 572 563)
4(571 580 581 572)
4(5 14 15 6)
4(14 23 24 15)
4(23 32 33 24)
4(32 41 42 33)
4(41 50 51 42)
4(50 59 60 51)
4(59 68 69 60)
4(68 77 78 69)
4(77 86 87 78)
4(86 95 96 87)
4(95 104 105 96)
4(104 113 114 105)
4(113 122 123 114)
4(122 131 132 123)
4(131 140 141 132)
4(140 149 150 141)
4(149 158 159 150)
4(158 167 168 159)
4(167 176 177 168)
4(176 185 186 177)
4(185 194 195 186)
4(194 203 204 195)
4(203 212 213 204)
4(212 221 222 213)
4(221 230 231 222)
4(230 239 240 231)
4(239 248 249 240)
4(248 257 258 249)
4(257 266 267 258)
4(266 275 276 267)
4(275 284 285 276)
4(284 293 294 285)
4(293 302 303 294)
4(302 311 312 303)
4(311 320 321 312)
4(320 329 330 321)
4(329 338 339 330)
4(338 347 348 339)
4(347 356 357 348)
4(356 365 366 357)
4(365 374 375 366)
4(374 383 384 375)
4(383 392 393 384)
4(392 401 402 393)
4(401 410 411 402)
4(410 419 420 411)
4(419 428 429 420)
4(428 437 438 429)
4(437 446 447 438)
4(446 455 456 447)
4(455 464 465 456)
4(464 473 474 465)
4(473 482 483 474)
4(482 491 492 483)
4(491 500 501 492)
4(500 509 510 501)
4(509 518 519 510)
4(518 527 528 519)
4(527 536 537 528)
4(536 545 546 537)
4(545 554 555 546)
4(554 563 564 555)
4(563 572 573 564)
4(572 581 582 573)
4(6 15 16 7)
4(15 24 25 16)
4(24 33 34 25)
4(33 42 43 34)
4(42 51 52 43)
4(51 60 61 52)
4(60 69 70 61)
4(69 78 79 70)
4(78 87 88 79)
4(87 96 97 88)
4(96 105 106 97)
4(105 114 115 106)
4(114 123 124 115)
4(123 132 133 124)
4(132 141 142 133)
4(141 150 151 142)
4(150 159 160 151)
4(159 168 169 160)
4(168 177 178 169)
4(177 186 187 178)
4(186 195 196 187)
4(195 204 205 196)
4(204 213 214 205)
4(213 222 223 214)
4(222 231 232 223)
4(231 240 241 232)
4(240 249 250 241)
4(249 258 259 250)
4(258 267 268 259)
4(267 276 277 268)
4(276 285 286 277)
4(285 294 295 286)
4(294 303 304 295)
4(303 312 313 304)
4(312 321 322 313)
4(321 330 331 322)
4(330 339 340 331)
4(339 348 349 340)
4(348 357 358 349)
4(357 366 367 358)
4(366 375 376 367)
4(375 384 385 376)
4(384 393 394 385)
4(393 402 403 394)
4(402 411 412 403)
4(411 420 421 412)
4(420 429 430 421)
4(429 438 439 430)
4(438 447 448 439)
4(447 456 457 448)
4(456 465 466 457)
4(465 474 475 466)
4(474 483 484 475)
4(483 492 493 484)
4(492 501 502 493)
4(501 510 511 502)
4(510 519 520 511)
4(519 528 529 520)
4(528 537 538 529)
4(537 546 547 538)
4(546 555 556 547)
4(555 564 565 556)
4(564 573 574 565)
4(573 582 583 574)
4(7 16 17 8)
4(16 25 26 17)
4(25 34 35 26)
4(34 43 44 35)
4(43 52 53 44)
4(52 61 62 53)
4(61 70 71 62)
4(70 79 80 71)
4(79 88 89 80)
4(88 97 98 89)
4(97 106 107 98)
4(106 115 116 107)
4(115 124 125 116)
4(124 133 134 125)
4(133 142 143 134)
4(142 151 152 143)
4(151 160 161 152)
4(160 169 170 161)
4(169 178 179 170)
4(178 187 188 179)
4(187 196 197 188)
4(196 205 206 197)
4(205 214 215 206)
4(214 223 224 215)
4(223 232 233 224)
4(232 241 242 233)
4(241 250 251 242)
4(250 259 260 251)
4(259 268 269 260)
4(268 277 278 269)
4(277 286 287 278)
4(286 295 296 287)
4(295 304 305 296)
4(304 313 314 305)
4(313 322 323 314)
4(322 331 332 323)
4(331 340 341 332)
4(340 349 350 341)
4(349 358 359 350)
4(358 367 368 359)
4(367 376 377 368)
4(376 385 386 377)
4(385 394 395 386)
4(394 403 404 395)
4(403 412 413 404)
4(412 421 422 413)
4(421 430 431 422)
4(430 439 440 431)
4(439 448 449 440)
4(448 457 458 449)
4(457 466 467 458)
4(466 475 476 467)
4(475 484 485 476)
4(484 493 494 485)
4(493 502 503 494)
4(502 511 512 503)
4(511 520 521 512)
4(520 529 530 521)
4(529 538 539 530)
4(538 547 548 539)
4(547 556 557 548)
4(556 565 566 557)
4(565 574 575 566)
4(574 583 584 575)
)


// ************************************************************************* //
