/*--------------------------------*- C++ -*----------------------------------*\
| =========                 |                                                 |
| \\      /  F ield         | foam-extend: Open Source CFD                    |
|  \\    /   O peration     | Version:     4.0                                |
|   \\  /    A nd           | Web:         http://www.foam-extend.org         |
|    \\/     M anipulation  |                                                 |
\*---------------------------------------------------------------------------*/
FoamFile
{
    version     2.0;
    format      ascii;
    class       labelList;
    note        "nPoints: 1170 nCells: 512 nFaces: 2120 nInternalFaces: 952";
    location    "constant/polyMesh";
    object      owner;
}
// * * * * * * * * * * * * * * * * * * * * * * * * * * * * * * * * * * * * * //


2120
(
0
0
1
1
2
2
3
3
4
4
5
5
6
6
7
8
8
9
9
10
10
11
11
12
12
13
13
14
14
15
16
16
17
17
18
18
19
19
20
20
21
21
22
22
23
24
24
25
25
26
26
27
27
28
28
29
29
30
30
31
32
32
33
33
34
34
35
35
36
36
37
37
38
38
39
40
40
41
41
42
42
43
43
44
44
45
45
46
46
47
48
48
49
49
50
50
51
51
52
52
53
53
54
54
55
56
56
57
57
58
58
59
59
60
60
61
61
62
62
63
64
64
65
65
66
66
67
67
68
68
69
69
70
70
71
72
72
73
73
74
74
75
75
76
76
77
77
78
78
79
80
80
81
81
82
82
83
83
84
84
85
85
86
86
87
88
88
89
89
90
90
91
91
92
92
93
93
94
94
95
96
96
97
97
98
98
99
99
100
100
101
101
102
102
103
104
104
105
105
106
106
107
107
108
108
109
109
110
110
111
112
112
113
113
114
114
115
115
116
116
117
117
118
118
119
120
120
121
121
122
122
123
123
124
124
125
125
126
126
127
128
128
129
129
130
130
131
131
132
132
133
133
134
134
135
136
136
137
137
138
138
139
139
140
140
141
141
142
142
143
144
144
145
145
146
146
147
147
148
148
149
149
150
150
151
152
152
153
153
154
154
155
155
156
156
157
157
158
158
159
160
160
161
161
162
162
163
163
164
164
165
165
166
166
167
168
168
169
169
170
170
171
171
172
172
173
173
174
174
175
176
176
177
177
178
178
179
179
180
180
181
181
182
182
183
184
184
185
185
186
186
187
187
188
188
189
189
190
190
191
192
192
193
193
194
194
195
195
196
196
197
197
198
198
199
200
200
201
201
202
202
203
203
204
204
205
205
206
206
207
208
208
209
209
210
210
211
211
212
212
213
213
214
214
215
216
216
217
217
218
218
219
219
220
220
221
221
222
222
223
224
224
225
225
226
226
227
227
228
228
229
229
230
230
231
232
232
233
233
234
234
235
235
236
236
237
237
238
238
239
240
240
241
241
242
242
243
243
244
244
245
245
246
246
247
248
248
249
249
250
250
251
251
252
252
253
253
254
254
255
256
256
257
257
258
258
259
259
260
260
261
261
262
262
263
264
264
265
265
266
266
267
267
268
268
269
269
270
270
271
272
272
273
273
274
274
275
275
276
276
277
277
278
278
279
280
280
281
281
282
282
283
283
284
284
285
285
286
286
287
288
288
289
289
290
290
291
291
292
292
293
293
294
294
295
296
296
297
297
298
298
299
299
300
300
301
301
302
302
303
304
304
305
305
306
306
307
307
308
308
309
309
310
310
311
312
312
313
313
314
314
315
315
316
316
317
317
318
318
319
320
320
321
321
322
322
323
323
324
324
325
325
326
326
327
328
328
329
329
330
330
331
331
332
332
333
333
334
334
335
336
336
337
337
338
338
339
339
340
340
341
341
342
342
343
344
344
345
345
346
346
347
347
348
348
349
349
350
350
351
352
352
353
353
354
354
355
355
356
356
357
357
358
358
359
360
360
361
361
362
362
363
363
364
364
365
365
366
366
367
368
368
369
369
370
370
371
371
372
372
373
373
374
374
375
376
376
377
377
378
378
379
379
380
380
381
381
382
382
383
384
384
385
385
386
386
387
387
388
388
389
389
390
390
391
392
392
393
393
394
394
395
395
396
396
397
397
398
398
399
400
400
401
401
402
402
403
403
404
404
405
405
406
406
407
408
408
409
409
410
410
411
411
412
412
413
413
414
414
415
416
416
417
417
418
418
419
419
420
420
421
421
422
422
423
424
424
425
425
426
426
427
427
428
428
429
429
430
430
431
432
432
433
433
434
434
435
435
436
436
437
437
438
438
439
440
440
441
441
442
442
443
443
444
444
445
445
446
446
447
448
448
449
449
450
450
451
451
452
452
453
453
454
454
455
456
456
457
457
458
458
459
459
460
460
461
461
462
462
463
464
464
465
465
466
466
467
467
468
468
469
469
470
470
471
472
472
473
473
474
474
475
475
476
476
477
477
478
478
479
480
480
481
481
482
482
483
483
484
484
485
485
486
486
487
488
488
489
489
490
490
491
491
492
492
493
493
494
494
495
496
496
497
497
498
498
499
499
500
500
501
501
502
502
503
504
505
506
507
508
509
510
504
505
506
507
508
509
510
511
0
8
16
24
32
40
48
56
64
72
80
88
96
104
112
120
128
136
144
152
160
168
176
184
192
200
208
216
224
232
240
248
256
264
272
280
288
296
304
312
320
328
336
344
352
360
368
376
384
392
400
408
416
424
432
440
448
456
464
472
480
488
496
504
7
15
23
31
39
47
55
63
71
79
87
95
103
111
119
127
135
143
151
159
167
175
183
191
199
207
215
223
231
239
247
255
263
271
279
287
295
303
311
319
327
335
343
351
359
367
375
383
391
399
407
415
423
431
439
447
455
463
471
479
487
495
503
511
0
1
2
3
4
5
6
7
0
8
16
24
32
40
48
56
64
72
80
88
96
104
112
120
128
136
144
152
160
168
176
184
192
200
208
216
224
232
240
248
256
264
272
280
288
296
304
312
320
328
336
344
352
360
368
376
384
392
400
408
416
424
432
440
448
456
464
472
480
488
496
504
1
9
17
25
33
41
49
57
65
73
81
89
97
105
113
121
129
137
145
153
161
169
177
185
193
201
209
217
225
233
241
249
257
265
273
281
289
297
305
313
321
329
337
345
353
361
369
377
385
393
401
409
417
425
433
441
449
457
465
473
481
489
497
505
2
10
18
26
34
42
50
58
66
74
82
90
98
106
114
122
130
138
146
154
162
170
178
186
194
202
210
218
226
234
242
250
258
266
274
282
290
298
306
314
322
330
338
346
354
362
370
378
386
394
402
410
418
426
434
442
450
458
466
474
482
490
498
506
3
11
19
27
35
43
51
59
67
75
83
91
99
107
115
123
131
139
147
155
163
171
179
187
195
203
211
219
227
235
243
251
259
267
275
283
291
299
307
315
323
331
339
347
355
363
371
379
387
395
403
411
419
427
435
443
451
459
467
475
483
491
499
507
4
12
20
28
36
44
52
60
68
76
84
92
100
108
116
124
132
140
148
156
164
172
180
188
196
204
212
220
228
236
244
252
260
268
276
284
292
300
308
316
324
332
340
348
356
364
372
380
388
396
404
412
420
428
436
444
452
460
468
476
484
492
500
508
5
13
21
29
37
45
53
61
69
77
85
93
101
109
117
125
133
141
149
157
165
173
181
189
197
205
213
221
229
237
245
253
261
269
277
285
293
301
309
317
325
333
341
349
357
365
373
381
389
397
405
413
421
429
437
445
453
461
469
477
485
493
501
509
6
14
22
30
38
46
54
62
70
78
86
94
102
110
118
126
134
142
150
158
166
174
182
190
198
206
214
222
230
238
246
254
262
270
278
286
294
302
310
318
326
334
342
350
358
366
374
382
390
398
406
414
422
430
438
446
454
462
470
478
486
494
502
510
7
15
23
31
39
47
55
63
71
79
87
95
103
111
119
127
135
143
151
159
167
175
183
191
199
207
215
223
231
239
247
255
263
271
279
287
295
303
311
319
327
335
343
351
359
367
375
383
391
399
407
415
423
431
439
447
455
463
471
479
487
495
503
511
0
8
16
24
32
40
48
56
64
72
80
88
96
104
112
120
128
136
144
152
160
168
176
184
192
200
208
216
224
232
240
248
256
264
272
280
288
296
304
312
320
328
336
344
352
360
368
376
384
392
400
408
416
424
432
440
448
456
464
472
480
488
496
504
1
9
17
25
33
41
49
57
65
73
81
89
97
105
113
121
129
137
145
153
161
169
177
185
193
201
209
217
225
233
241
249
257
265
273
281
289
297
305
313
321
329
337
345
353
361
369
377
385
393
401
409
417
425
433
441
449
457
465
473
481
489
497
505
2
10
18
26
34
42
50
58
66
74
82
90
98
106
114
122
130
138
146
154
162
170
178
186
194
202
210
218
226
234
242
250
258
266
274
282
290
298
306
314
322
330
338
346
354
362
370
378
386
394
402
410
418
426
434
442
450
458
466
474
482
490
498
506
3
11
19
27
35
43
51
59
67
75
83
91
99
107
115
123
131
139
147
155
163
171
179
187
195
203
211
219
227
235
243
251
259
267
275
283
291
299
307
315
323
331
339
347
355
363
371
379
387
395
403
411
419
427
435
443
451
459
467
475
483
491
499
507
4
12
20
28
36
44
52
60
68
76
84
92
100
108
116
124
132
140
148
156
164
172
180
188
196
204
212
220
228
236
244
252
260
268
276
284
292
300
308
316
324
332
340
348
356
364
372
380
388
396
404
412
420
428
436
444
452
460
468
476
484
492
500
508
5
13
21
29
37
45
53
61
69
77
85
93
101
109
117
125
133
141
149
157
165
173
181
189
197
205
213
221
229
237
245
253
261
269
277
285
293
301
309
317
325
333
341
349
357
365
373
381
389
397
405
413
421
429
437
445
453
461
469
477
485
493
501
509
6
14
22
30
38
46
54
62
70
78
86
94
102
110
118
126
134
142
150
158
166
174
182
190
198
206
214
222
230
238
246
254
262
270
278
286
294
302
310
318
326
334
342
350
358
366
374
382
390
398
406
414
422
430
438
446
454
462
470
478
486
494
502
510
7
15
23
31
39
47
55
63
71
79
87
95
103
111
119
127
135
143
151
159
167
175
183
191
199
207
215
223
231
239
247
255
263
271
279
287
295
303
311
319
327
335
343
351
359
367
375
383
391
399
407
415
423
431
439
447
455
463
471
479
487
495
503
511
)


// ************************************************************************* //
