/*--------------------------------*- C++ -*----------------------------------*\
| =========                 |                                                 |
| \\      /  F ield         | foam-extend: Open Source CFD                    |
|  \\    /   O peration     | Version:     4.0                                |
|   \\  /    A nd           | Web:         http://www.foam-extend.org         |
|    \\/     M anipulation  |                                                 |
\*---------------------------------------------------------------------------*/
FoamFile
{
    version     2.0;
    format      ascii;
    class       faceList;
    location    "constant/polyMesh";
    object      faces;
}
// * * * * * * * * * * * * * * * * * * * * * * * * * * * * * * * * * * * * * //


834
(
4(1 5 21 17)
4(4 20 21 5)
4(16 17 21 20)
4(2 6 22 18)
4(5 21 22 6)
4(17 18 22 21)
4(6 22 23 7)
4(18 19 23 22)
4(5 9 25 21)
4(8 24 25 9)
4(20 21 25 24)
4(6 10 26 22)
4(9 25 26 10)
4(21 22 26 25)
4(10 26 27 11)
4(22 23 27 26)
4(9 13 29 25)
4(24 25 29 28)
4(10 14 30 26)
4(25 26 30 29)
4(26 27 31 30)
4(17 21 37 33)
4(20 36 37 21)
4(32 33 37 36)
4(18 22 38 34)
4(21 37 38 22)
4(33 34 38 37)
4(22 38 39 23)
4(34 35 39 38)
4(21 25 41 37)
4(24 40 41 25)
4(36 37 41 40)
4(22 26 42 38)
4(25 41 42 26)
4(37 38 42 41)
4(26 42 43 27)
4(38 39 43 42)
4(25 29 45 41)
4(40 41 45 44)
4(26 30 46 42)
4(41 42 46 45)
4(42 43 47 46)
4(33 37 53 49)
4(36 52 53 37)
4(48 49 53 52)
4(34 38 54 50)
4(37 53 54 38)
4(49 50 54 53)
4(38 54 55 39)
4(50 51 55 54)
4(37 41 57 53)
4(40 56 57 41)
4(52 53 57 56)
4(38 42 58 54)
4(41 57 58 42)
4(53 54 58 57)
4(42 58 59 43)
4(54 55 59 58)
4(41 45 61 57)
4(56 57 61 60)
4(42 46 62 58)
4(57 58 62 61)
4(58 59 63 62)
4(49 53 69 65)
4(52 68 69 53)
4(64 65 69 68)
4(50 54 70 66)
4(53 69 70 54)
4(65 66 70 69)
4(54 70 71 55)
4(66 67 71 70)
4(53 57 73 69)
4(56 72 73 57)
4(68 69 73 72)
4(54 58 74 70)
4(57 73 74 58)
4(69 70 74 73)
4(58 74 75 59)
4(70 71 75 74)
4(57 61 77 73)
4(72 73 77 76)
4(58 62 78 74)
4(73 74 78 77)
4(74 75 79 78)
4(65 69 85 81)
4(68 84 85 69)
4(80 81 85 84)
4(66 70 86 82)
4(69 85 86 70)
4(81 82 86 85)
4(70 86 87 71)
4(82 83 87 86)
4(69 73 89 85)
4(72 88 89 73)
4(84 85 89 88)
4(70 74 90 86)
4(73 89 90 74)
4(85 86 90 89)
4(74 90 91 75)
4(86 87 91 90)
4(73 77 93 89)
4(88 89 93 92)
4(74 78 94 90)
4(89 90 94 93)
4(90 91 95 94)
4(81 85 101 97)
4(84 100 101 85)
4(96 97 101 100)
4(82 86 102 98)
4(85 101 102 86)
4(97 98 102 101)
4(86 102 103 87)
4(98 99 103 102)
4(85 89 105 101)
4(88 104 105 89)
4(100 101 105 104)
4(86 90 106 102)
4(89 105 106 90)
4(101 102 106 105)
4(90 106 107 91)
4(102 103 107 106)
4(89 93 109 105)
4(104 105 109 108)
4(90 94 110 106)
4(105 106 110 109)
4(106 107 111 110)
4(97 101 117 113)
4(100 116 117 101)
4(112 113 117 116)
4(98 102 118 114)
4(101 117 118 102)
4(113 114 118 117)
4(102 118 119 103)
4(114 115 119 118)
4(101 105 121 117)
4(104 120 121 105)
4(116 117 121 120)
4(102 106 122 118)
4(105 121 122 106)
4(117 118 122 121)
4(106 122 123 107)
4(118 119 123 122)
4(105 109 125 121)
4(120 121 125 124)
4(106 110 126 122)
4(121 122 126 125)
4(122 123 127 126)
4(113 117 133 129)
4(116 132 133 117)
4(128 129 133 132)
4(114 118 134 130)
4(117 133 134 118)
4(129 130 134 133)
4(118 134 135 119)
4(130 131 135 134)
4(117 121 137 133)
4(120 136 137 121)
4(132 133 137 136)
4(118 122 138 134)
4(121 137 138 122)
4(133 134 138 137)
4(122 138 139 123)
4(134 135 139 138)
4(121 125 141 137)
4(136 137 141 140)
4(122 126 142 138)
4(137 138 142 141)
4(138 139 143 142)
4(129 133 149 145)
4(132 148 149 133)
4(144 145 149 148)
4(130 134 150 146)
4(133 149 150 134)
4(145 146 150 149)
4(134 150 151 135)
4(146 147 151 150)
4(133 137 153 149)
4(136 152 153 137)
4(148 149 153 152)
4(134 138 154 150)
4(137 153 154 138)
4(149 150 154 153)
4(138 154 155 139)
4(150 151 155 154)
4(137 141 157 153)
4(152 153 157 156)
4(138 142 158 154)
4(153 154 158 157)
4(154 155 159 158)
4(145 149 165 161)
4(148 164 165 149)
4(160 161 165 164)
4(146 150 166 162)
4(149 165 166 150)
4(161 162 166 165)
4(150 166 167 151)
4(162 163 167 166)
4(149 153 169 165)
4(152 168 169 153)
4(164 165 169 168)
4(150 154 170 166)
4(153 169 170 154)
4(165 166 170 169)
4(154 170 171 155)
4(166 167 171 170)
4(153 157 173 169)
4(168 169 173 172)
4(154 158 174 170)
4(169 170 174 173)
4(170 171 175 174)
4(161 165 181 177)
4(164 180 181 165)
4(176 177 181 180)
4(162 166 182 178)
4(165 181 182 166)
4(177 178 182 181)
4(166 182 183 167)
4(178 179 183 182)
4(165 169 185 181)
4(168 184 185 169)
4(180 181 185 184)
4(166 170 186 182)
4(169 185 186 170)
4(181 182 186 185)
4(170 186 187 171)
4(182 183 187 186)
4(169 173 189 185)
4(184 185 189 188)
4(170 174 190 186)
4(185 186 190 189)
4(186 187 191 190)
4(177 181 197 193)
4(180 196 197 181)
4(192 193 197 196)
4(178 182 198 194)
4(181 197 198 182)
4(193 194 198 197)
4(182 198 199 183)
4(194 195 199 198)
4(181 185 201 197)
4(184 200 201 185)
4(196 197 201 200)
4(182 186 202 198)
4(185 201 202 186)
4(197 198 202 201)
4(186 202 203 187)
4(198 199 203 202)
4(185 189 205 201)
4(200 201 205 204)
4(186 190 206 202)
4(201 202 206 205)
4(202 203 207 206)
4(193 197 213 209)
4(196 212 213 197)
4(208 209 213 212)
4(194 198 214 210)
4(197 213 214 198)
4(209 210 214 213)
4(198 214 215 199)
4(210 211 215 214)
4(197 201 217 213)
4(200 216 217 201)
4(212 213 217 216)
4(198 202 218 214)
4(201 217 218 202)
4(213 214 218 217)
4(202 218 219 203)
4(214 215 219 218)
4(201 205 221 217)
4(216 217 221 220)
4(202 206 222 218)
4(217 218 222 221)
4(218 219 223 222)
4(209 213 229 225)
4(212 228 229 213)
4(224 225 229 228)
4(210 214 230 226)
4(213 229 230 214)
4(225 226 230 229)
4(214 230 231 215)
4(226 227 231 230)
4(213 217 233 229)
4(216 232 233 217)
4(228 229 233 232)
4(214 218 234 230)
4(217 233 234 218)
4(229 230 234 233)
4(218 234 235 219)
4(230 231 235 234)
4(217 221 237 233)
4(232 233 237 236)
4(218 222 238 234)
4(233 234 238 237)
4(234 235 239 238)
4(225 229 245 241)
4(228 244 245 229)
4(240 241 245 244)
4(226 230 246 242)
4(229 245 246 230)
4(241 242 246 245)
4(230 246 247 231)
4(242 243 247 246)
4(229 233 249 245)
4(232 248 249 233)
4(244 245 249 248)
4(230 234 250 246)
4(233 249 250 234)
4(245 246 250 249)
4(234 250 251 235)
4(246 247 251 250)
4(233 237 253 249)
4(248 249 253 252)
4(234 238 254 250)
4(249 250 254 253)
4(250 251 255 254)
4(241 245 261 257)
4(244 260 261 245)
4(256 257 261 260)
4(242 246 262 258)
4(245 261 262 246)
4(257 258 262 261)
4(246 262 263 247)
4(258 259 263 262)
4(245 249 265 261)
4(248 264 265 249)
4(260 261 265 264)
4(246 250 266 262)
4(249 265 266 250)
4(261 262 266 265)
4(250 266 267 251)
4(262 263 267 266)
4(249 253 269 265)
4(264 265 269 268)
4(250 254 270 266)
4(265 266 270 269)
4(266 267 271 270)
4(257 261 277 273)
4(260 276 277 261)
4(272 273 277 276)
4(258 262 278 274)
4(261 277 278 262)
4(273 274 278 277)
4(262 278 279 263)
4(274 275 279 278)
4(261 265 281 277)
4(264 280 281 265)
4(276 277 281 280)
4(262 266 282 278)
4(265 281 282 266)
4(277 278 282 281)
4(266 282 283 267)
4(278 279 283 282)
4(265 269 285 281)
4(280 281 285 284)
4(266 270 286 282)
4(281 282 286 285)
4(282 283 287 286)
4(273 277 293 289)
4(276 292 293 277)
4(288 289 293 292)
4(274 278 294 290)
4(277 293 294 278)
4(289 290 294 293)
4(278 294 295 279)
4(290 291 295 294)
4(277 281 297 293)
4(280 296 297 281)
4(292 293 297 296)
4(278 282 298 294)
4(281 297 298 282)
4(293 294 298 297)
4(282 298 299 283)
4(294 295 299 298)
4(281 285 301 297)
4(296 297 301 300)
4(282 286 302 298)
4(297 298 302 301)
4(298 299 303 302)
4(289 293 309 305)
4(292 308 309 293)
4(304 305 309 308)
4(290 294 310 306)
4(293 309 310 294)
4(305 306 310 309)
4(294 310 311 295)
4(306 307 311 310)
4(293 297 313 309)
4(296 312 313 297)
4(308 309 313 312)
4(294 298 314 310)
4(297 313 314 298)
4(309 310 314 313)
4(298 314 315 299)
4(310 311 315 314)
4(297 301 317 313)
4(312 313 317 316)
4(298 302 318 314)
4(313 314 318 317)
4(314 315 319 318)
4(305 309 325 321)
4(308 324 325 309)
4(320 321 325 324)
4(306 310 326 322)
4(309 325 326 310)
4(321 322 326 325)
4(310 326 327 311)
4(322 323 327 326)
4(309 313 329 325)
4(312 328 329 313)
4(324 325 329 328)
4(310 314 330 326)
4(313 329 330 314)
4(325 326 330 329)
4(314 330 331 315)
4(326 327 331 330)
4(313 317 333 329)
4(328 329 333 332)
4(314 318 334 330)
4(329 330 334 333)
4(330 331 335 334)
4(321 325 341 337)
4(324 340 341 325)
4(336 337 341 340)
4(322 326 342 338)
4(325 341 342 326)
4(337 338 342 341)
4(326 342 343 327)
4(338 339 343 342)
4(325 329 345 341)
4(328 344 345 329)
4(340 341 345 344)
4(326 330 346 342)
4(329 345 346 330)
4(341 342 346 345)
4(330 346 347 331)
4(342 343 347 346)
4(329 333 349 345)
4(344 345 349 348)
4(330 334 350 346)
4(345 346 350 349)
4(346 347 351 350)
4(337 341 357 353)
4(340 356 357 341)
4(352 353 357 356)
4(338 342 358 354)
4(341 357 358 342)
4(353 354 358 357)
4(342 358 359 343)
4(354 355 359 358)
4(341 345 361 357)
4(344 360 361 345)
4(356 357 361 360)
4(342 346 362 358)
4(345 361 362 346)
4(357 358 362 361)
4(346 362 363 347)
4(358 359 363 362)
4(345 349 365 361)
4(360 361 365 364)
4(346 350 366 362)
4(361 362 366 365)
4(362 363 367 366)
4(353 357 373 369)
4(356 372 373 357)
4(368 369 373 372)
4(354 358 374 370)
4(357 373 374 358)
4(369 370 374 373)
4(358 374 375 359)
4(370 371 375 374)
4(357 361 377 373)
4(360 376 377 361)
4(372 373 377 376)
4(358 362 378 374)
4(361 377 378 362)
4(373 374 378 377)
4(362 378 379 363)
4(374 375 379 378)
4(361 365 381 377)
4(376 377 381 380)
4(362 366 382 378)
4(377 378 382 381)
4(378 379 383 382)
4(369 373 389 385)
4(372 388 389 373)
4(384 385 389 388)
4(370 374 390 386)
4(373 389 390 374)
4(385 386 390 389)
4(374 390 391 375)
4(386 387 391 390)
4(373 377 393 389)
4(376 392 393 377)
4(388 389 393 392)
4(374 378 394 390)
4(377 393 394 378)
4(389 390 394 393)
4(378 394 395 379)
4(390 391 395 394)
4(377 381 397 393)
4(392 393 397 396)
4(378 382 398 394)
4(393 394 398 397)
4(394 395 399 398)
4(385 389 405 401)
4(388 404 405 389)
4(386 390 406 402)
4(389 405 406 390)
4(390 406 407 391)
4(389 393 409 405)
4(392 408 409 393)
4(390 394 410 406)
4(393 409 410 394)
4(394 410 411 395)
4(393 397 413 409)
4(394 398 414 410)
4(12 28 29 13)
4(28 44 45 29)
4(44 60 61 45)
4(60 76 77 61)
4(76 92 93 77)
4(92 108 109 93)
4(108 124 125 109)
4(124 140 141 125)
4(140 156 157 141)
4(156 172 173 157)
4(172 188 189 173)
4(188 204 205 189)
4(204 220 221 205)
4(220 236 237 221)
4(236 252 253 237)
4(252 268 269 253)
4(268 284 285 269)
4(284 300 301 285)
4(300 316 317 301)
4(316 332 333 317)
4(332 348 349 333)
4(348 364 365 349)
4(364 380 381 365)
4(380 396 397 381)
4(396 412 413 397)
4(13 29 30 14)
4(29 45 46 30)
4(45 61 62 46)
4(61 77 78 62)
4(77 93 94 78)
4(93 109 110 94)
4(109 125 126 110)
4(125 141 142 126)
4(141 157 158 142)
4(157 173 174 158)
4(173 189 190 174)
4(189 205 206 190)
4(205 221 222 206)
4(221 237 238 222)
4(237 253 254 238)
4(253 269 270 254)
4(269 285 286 270)
4(285 301 302 286)
4(301 317 318 302)
4(317 333 334 318)
4(333 349 350 334)
4(349 365 366 350)
4(365 381 382 366)
4(381 397 398 382)
4(397 413 414 398)
4(14 30 31 15)
4(30 46 47 31)
4(46 62 63 47)
4(62 78 79 63)
4(78 94 95 79)
4(94 110 111 95)
4(110 126 127 111)
4(126 142 143 127)
4(142 158 159 143)
4(158 174 175 159)
4(174 190 191 175)
4(190 206 207 191)
4(206 222 223 207)
4(222 238 239 223)
4(238 254 255 239)
4(254 270 271 255)
4(270 286 287 271)
4(286 302 303 287)
4(302 318 319 303)
4(318 334 335 319)
4(334 350 351 335)
4(350 366 367 351)
4(366 382 383 367)
4(382 398 399 383)
4(398 414 415 399)
4(0 16 20 4)
4(4 20 24 8)
4(8 24 28 12)
4(16 32 36 20)
4(20 36 40 24)
4(24 40 44 28)
4(32 48 52 36)
4(36 52 56 40)
4(40 56 60 44)
4(48 64 68 52)
4(52 68 72 56)
4(56 72 76 60)
4(64 80 84 68)
4(68 84 88 72)
4(72 88 92 76)
4(80 96 100 84)
4(84 100 104 88)
4(88 104 108 92)
4(96 112 116 100)
4(100 116 120 104)
4(104 120 124 108)
4(112 128 132 116)
4(116 132 136 120)
4(120 136 140 124)
4(128 144 148 132)
4(132 148 152 136)
4(136 152 156 140)
4(144 160 164 148)
4(148 164 168 152)
4(152 168 172 156)
4(160 176 180 164)
4(164 180 184 168)
4(168 184 188 172)
4(176 192 196 180)
4(180 196 200 184)
4(184 200 204 188)
4(192 208 212 196)
4(196 212 216 200)
4(200 216 220 204)
4(208 224 228 212)
4(212 228 232 216)
4(216 232 236 220)
4(224 240 244 228)
4(228 244 248 232)
4(232 248 252 236)
4(240 256 260 244)
4(244 260 264 248)
4(248 264 268 252)
4(256 272 276 260)
4(260 276 280 264)
4(264 280 284 268)
4(272 288 292 276)
4(276 292 296 280)
4(280 296 300 284)
4(288 304 308 292)
4(292 308 312 296)
4(296 312 316 300)
4(304 320 324 308)
4(308 324 328 312)
4(312 328 332 316)
4(320 336 340 324)
4(324 340 344 328)
4(328 344 348 332)
4(336 352 356 340)
4(340 356 360 344)
4(344 360 364 348)
4(352 368 372 356)
4(356 372 376 360)
4(360 376 380 364)
4(368 384 388 372)
4(372 388 392 376)
4(376 392 396 380)
4(384 400 404 388)
4(388 404 408 392)
4(392 408 412 396)
4(3 7 23 19)
4(7 11 27 23)
4(11 15 31 27)
4(19 23 39 35)
4(23 27 43 39)
4(27 31 47 43)
4(35 39 55 51)
4(39 43 59 55)
4(43 47 63 59)
4(51 55 71 67)
4(55 59 75 71)
4(59 63 79 75)
4(67 71 87 83)
4(71 75 91 87)
4(75 79 95 91)
4(83 87 103 99)
4(87 91 107 103)
4(91 95 111 107)
4(99 103 119 115)
4(103 107 123 119)
4(107 111 127 123)
4(115 119 135 131)
4(119 123 139 135)
4(123 127 143 139)
4(131 135 151 147)
4(135 139 155 151)
4(139 143 159 155)
4(147 151 167 163)
4(151 155 171 167)
4(155 159 175 171)
4(163 167 183 179)
4(167 171 187 183)
4(171 175 191 187)
4(179 183 199 195)
4(183 187 203 199)
4(187 191 207 203)
4(195 199 215 211)
4(199 203 219 215)
4(203 207 223 219)
4(211 215 231 227)
4(215 219 235 231)
4(219 223 239 235)
4(227 231 247 243)
4(231 235 251 247)
4(235 239 255 251)
4(243 247 263 259)
4(247 251 267 263)
4(251 255 271 267)
4(259 263 279 275)
4(263 267 283 279)
4(267 271 287 283)
4(275 279 295 291)
4(279 283 299 295)
4(283 287 303 299)
4(291 295 311 307)
4(295 299 315 311)
4(299 303 319 315)
4(307 311 327 323)
4(311 315 331 327)
4(315 319 335 331)
4(323 327 343 339)
4(327 331 347 343)
4(331 335 351 347)
4(339 343 359 355)
4(343 347 363 359)
4(347 351 367 363)
4(355 359 375 371)
4(359 363 379 375)
4(363 367 383 379)
4(371 375 391 387)
4(375 379 395 391)
4(379 383 399 395)
4(387 391 407 403)
4(391 395 411 407)
4(395 399 415 411)
4(0 1 17 16)
4(16 17 33 32)
4(32 33 49 48)
4(48 49 65 64)
4(64 65 81 80)
4(80 81 97 96)
4(96 97 113 112)
4(112 113 129 128)
4(128 129 145 144)
4(144 145 161 160)
4(160 161 177 176)
4(176 177 193 192)
4(192 193 209 208)
4(208 209 225 224)
4(224 225 241 240)
4(240 241 257 256)
4(256 257 273 272)
4(272 273 289 288)
4(288 289 305 304)
4(304 305 321 320)
4(320 321 337 336)
4(336 337 353 352)
4(352 353 369 368)
4(368 369 385 384)
4(384 385 401 400)
4(1 2 18 17)
4(17 18 34 33)
4(33 34 50 49)
4(49 50 66 65)
4(65 66 82 81)
4(81 82 98 97)
4(97 98 114 113)
4(113 114 130 129)
4(129 130 146 145)
4(145 146 162 161)
4(161 162 178 177)
4(177 178 194 193)
4(193 194 210 209)
4(209 210 226 225)
4(225 226 242 241)
4(241 242 258 257)
4(257 258 274 273)
4(273 274 290 289)
4(289 290 306 305)
4(305 306 322 321)
4(321 322 338 337)
4(337 338 354 353)
4(353 354 370 369)
4(369 370 386 385)
4(385 386 402 401)
4(2 3 19 18)
4(18 19 35 34)
4(34 35 51 50)
4(50 51 67 66)
4(66 67 83 82)
4(82 83 99 98)
4(98 99 115 114)
4(114 115 131 130)
4(130 131 147 146)
4(146 147 163 162)
4(162 163 179 178)
4(178 179 195 194)
4(194 195 211 210)
4(210 211 227 226)
4(226 227 243 242)
4(242 243 259 258)
4(258 259 275 274)
4(274 275 291 290)
4(290 291 307 306)
4(306 307 323 322)
4(322 323 339 338)
4(338 339 355 354)
4(354 355 371 370)
4(370 371 387 386)
4(386 387 403 402)
4(0 4 5 1)
4(4 8 9 5)
4(8 12 13 9)
4(1 5 6 2)
4(5 9 10 6)
4(9 13 14 10)
4(2 6 7 3)
4(6 10 11 7)
4(10 14 15 11)
4(400 401 405 404)
4(404 405 409 408)
4(408 409 413 412)
4(401 402 406 405)
4(405 406 410 409)
4(409 410 414 413)
4(402 403 407 406)
4(406 407 411 410)
4(410 411 415 414)
)


// ************************************************************************* //
