/*--------------------------------*- C++ -*----------------------------------*\
| =========                 |                                                 |
| \\      /  F ield         | foam-extend: Open Source CFD                    |
|  \\    /   O peration     | Version:     4.0                                |
|   \\  /    A nd           | Web:         http://www.foam-extend.org         |
|    \\/     M anipulation  |                                                 |
\*---------------------------------------------------------------------------*/
FoamFile
{
    version     2.0;
    format      ascii;
    class       labelList;
    note        "nPoints: 416 nCells: 225 nFaces: 834 nInternalFaces: 516";
    location    "constant/polyMesh";
    object      owner;
}
// * * * * * * * * * * * * * * * * * * * * * * * * * * * * * * * * * * * * * //


834
(
0
0
0
1
1
1
2
2
3
3
3
4
4
4
5
5
6
6
7
7
8
9
9
9
10
10
10
11
11
12
12
12
13
13
13
14
14
15
15
16
16
17
18
18
18
19
19
19
20
20
21
21
21
22
22
22
23
23
24
24
25
25
26
27
27
27
28
28
28
29
29
30
30
30
31
31
31
32
32
33
33
34
34
35
36
36
36
37
37
37
38
38
39
39
39
40
40
40
41
41
42
42
43
43
44
45
45
45
46
46
46
47
47
48
48
48
49
49
49
50
50
51
51
52
52
53
54
54
54
55
55
55
56
56
57
57
57
58
58
58
59
59
60
60
61
61
62
63
63
63
64
64
64
65
65
66
66
66
67
67
67
68
68
69
69
70
70
71
72
72
72
73
73
73
74
74
75
75
75
76
76
76
77
77
78
78
79
79
80
81
81
81
82
82
82
83
83
84
84
84
85
85
85
86
86
87
87
88
88
89
90
90
90
91
91
91
92
92
93
93
93
94
94
94
95
95
96
96
97
97
98
99
99
99
100
100
100
101
101
102
102
102
103
103
103
104
104
105
105
106
106
107
108
108
108
109
109
109
110
110
111
111
111
112
112
112
113
113
114
114
115
115
116
117
117
117
118
118
118
119
119
120
120
120
121
121
121
122
122
123
123
124
124
125
126
126
126
127
127
127
128
128
129
129
129
130
130
130
131
131
132
132
133
133
134
135
135
135
136
136
136
137
137
138
138
138
139
139
139
140
140
141
141
142
142
143
144
144
144
145
145
145
146
146
147
147
147
148
148
148
149
149
150
150
151
151
152
153
153
153
154
154
154
155
155
156
156
156
157
157
157
158
158
159
159
160
160
161
162
162
162
163
163
163
164
164
165
165
165
166
166
166
167
167
168
168
169
169
170
171
171
171
172
172
172
173
173
174
174
174
175
175
175
176
176
177
177
178
178
179
180
180
180
181
181
181
182
182
183
183
183
184
184
184
185
185
186
186
187
187
188
189
189
189
190
190
190
191
191
192
192
192
193
193
193
194
194
195
195
196
196
197
198
198
198
199
199
199
200
200
201
201
201
202
202
202
203
203
204
204
205
205
206
207
207
207
208
208
208
209
209
210
210
210
211
211
211
212
212
213
213
214
214
215
216
216
217
217
218
219
219
220
220
221
222
223
6
15
24
33
42
51
60
69
78
87
96
105
114
123
132
141
150
159
168
177
186
195
204
213
222
7
16
25
34
43
52
61
70
79
88
97
106
115
124
133
142
151
160
169
178
187
196
205
214
223
8
17
26
35
44
53
62
71
80
89
98
107
116
125
134
143
152
161
170
179
188
197
206
215
224
0
3
6
9
12
15
18
21
24
27
30
33
36
39
42
45
48
51
54
57
60
63
66
69
72
75
78
81
84
87
90
93
96
99
102
105
108
111
114
117
120
123
126
129
132
135
138
141
144
147
150
153
156
159
162
165
168
171
174
177
180
183
186
189
192
195
198
201
204
207
210
213
216
219
222
2
5
8
11
14
17
20
23
26
29
32
35
38
41
44
47
50
53
56
59
62
65
68
71
74
77
80
83
86
89
92
95
98
101
104
107
110
113
116
119
122
125
128
131
134
137
140
143
146
149
152
155
158
161
164
167
170
173
176
179
182
185
188
191
194
197
200
203
206
209
212
215
218
221
224
0
9
18
27
36
45
54
63
72
81
90
99
108
117
126
135
144
153
162
171
180
189
198
207
216
1
10
19
28
37
46
55
64
73
82
91
100
109
118
127
136
145
154
163
172
181
190
199
208
217
2
11
20
29
38
47
56
65
74
83
92
101
110
119
128
137
146
155
164
173
182
191
200
209
218
0
3
6
1
4
7
2
5
8
216
219
222
217
220
223
218
221
224
)


// ************************************************************************* //
