/*--------------------------------*- C++ -*----------------------------------*\
| =========                 |                                                 |
| \\      /  F ield         | foam-extend: Open Source CFD                    |
|  \\    /   O peration     | Version:     4.0                                |
|   \\  /    A nd           | Web:         http://www.foam-extend.org         |
|    \\/     M anipulation  |                                                 |
\*---------------------------------------------------------------------------*/
FoamFile
{
    version     2.0;
    format      ascii;
    class       labelList;
    note        "nPoints: 1031 nAllPoints: 1031 nInternalFaces: 8920 nFaces: 9808 nAllFaces: 9808 nCells: 4682";
    location    "constant/polyMesh";
    object      neighbour;
}
// * * * * * * * * * * * * * * * * * * * * * * * * * * * * * * * * * * * * * //


8920
(
142
212
405
3635
16
36
80
1330
2091
2540
3018
1153
2051
2689
2907
39
122
1230
2873
2944
3947
4291
57
1237
3603
3635
626
3375
3587
4609
51
69
482
2525
3393
3692
4039
4349
2155
3071
3240
3583
398
1384
1985
3079
887
1274
4256
206
1690
1946
2023
16
1247
68
1248
70
81
1388
2724
3096
3097
54
215
2545
61
2377
3168
4469
2689
2918
3185
3498
644
2645
3790
4464
485
1279
2162
2906
53
360
2037
2324
2474
3162
3164
1957
2705
2735
3478
73
1482
2213
2795
194
339
4601
143
284
336
1370
295
361
613
851
2068
3657
3687
4010
1723
2516
2718
3833
80
123
1300
1120
3072
3397
4082
51
69
280
324
2419
47
81
213
493
1359
2816
2888
433
1271
2302
3257
40
145
51
2336
141
2492
3129
1399
1453
2073
3377
111
280
1240
88
202
501
2308
2498
2590
3712
3066
3404
4001
4042
93
446
1261
1336
205
220
508
2164
52
55
91
3006
1230
60
62
2547
68
69
378
2458
4565
60
1591
4189
78
267
1277
3658
1233
2182
3707
2189
3680
3701
3767
161
487
2164
2877
1191
3933
270
2076
3009
91
1807
2832
795
1478
2099
2301
347
362
452
586
3032
3252
4010
4372
218
566
1282
2083
157
262
2241
4267
1254
1255
1255
370
1247
1391
524
538
3737
4247
1515
2208
2755
3828
154
2764
143
388
4478
354
1586
2304
3204
129
447
2786
3116
198
367
1619
2267
2700
403
442
2220
2249
3646
2402
255
629
3606
1072
1080
1404
2027
3218
3570
4569
149
526
1548
1303
2579
3645
1986
2191
2483
3709
851
2337
4346
1287
2391
2394
174
1287
2463
4672
1523
1750
281
552
2000
167
213
1242
273
552
1263
2000
2117
2315
2327
841
1547
1791
3070
416
455
620
1912
1238
3017
3135
3198
104
185
280
2345
206
601
677
1690
1786
1867
3070
1975
2063
2292
2678
121
161
198
318
849
2003
106
2173
3355
4437
114
2451
4606
524
2307
2707
4093
1925
3880
4197
4200
290
1282
1318
2432
1272
2295
2364
3480
185
207
1997
696
2166
2257
125
168
2714
2736
3868
156
2089
2380
117
164
1382
4290
180
231
1722
264
2359
2561
3814
886
1577
1595
1668
1236
2117
2441
4411
418
1221
2911
145
1284
2435
213
1217
2233
454
1346
1353
225
335
400
156
2352
3112
3708
162
465
1338
340
992
1281
4601
364
2753
2796
3155
3266
3428
4121
2549
2550
2580
4311
496
690
1211
593
652
1299
2045
369
2031
2166
2255
272
423
807
1926
160
1385
1754
4257
705
1594
2693
3277
547
592
2817
3594
2037
2404
2526
240
630
1253
1275
1205
2373
3223
482
1203
2324
220
224
282
707
2226
1258
2626
942
1786
1807
3427
1299
1302
1502
175
1126
2378
2579
1299
1302
2274
2416
2776
865
1603
2168
317
546
2237
2421
3675
3688
3733
1277
1364
576
2151
2154
4044
298
2488
839
2244
2268
1214
2421
3687
3688
181
418
2461
180
1562
4642
205
2299
4556
471
588
652
180
1661
4065
516
2264
2456
4100
730
1376
2146
3511
168
1217
400
1242
2282
2623
3411
3987
1030
1647
1887
2410
1331
2004
2159
2420
777
2442
2482
3236
1929
2433
2440
363
4002
575
2081
3645
329
434
2101
2568
1926
1983
2087
273
303
339
3309
229
3073
3740
4476
2665
402
443
546
191
221
223
2573
251
571
675
1657
233
452
586
1660
534
2415
257
2440
2949
3064
1889
2895
2932
3069
2517
3123
3256
4454
416
1343
2536
1546
2708
2905
3735
196
286
3519
699
1146
2484
2897
892
1264
2863
4121
1268
3309
1680
1907
2968
3867
221
2467
4659
427
822
1235
1520
205
591
696
1518
2576
2930
3019
3461
3598
2248
2250
2799
3372
602
851
2167
754
870
2132
2657
846
1399
1788
2974
319
943
3296
1162
1240
2413
1207
1330
2091
2342
330
1014
1612
3535
2447
2720
3920
3931
1608
2634
3068
1203
1237
2438
1289
2621
2943
3133
3571
351
655
1239
935
4516
4584
4631
701
2682
3736
236
2407
2468
605
1226
2305
319
336
252
3775
1226
2157
2487
242
292
4600
372
1323
314
2655
344
510
2199
3716
2531
2841
3433
3966
901
2765
3699
4370
390
1207
2219
1095
3248
3617
4265
1535
1632
2072
3410
4222
4308
4496
555
1997
476
1180
3178
4005
242
252
279
1716
521
2081
2095
270
383
2067
3399
790
1163
1185
1710
2347
2520
2790
744
1320
1625
1718
2821
3239
3425
3908
4603
265
451
1162
2854
2745
2746
2865
3822
489
591
1469
3192
3199
4259
4260
4435
1746
2955
3628
3774
518
2160
2368
3730
495
2222
2407
3187
2933
3021
3921
4198
306
624
870
1219
4562
3847
4306
4373
4615
793
804
1520
1521
2259
2844
748
1142
2146
2655
3191
2134
2833
2919
2999
741
780
2060
3289
1492
1922
2680
3022
1387
3155
3210
3749
1097
1156
3208
568
570
642
709
336
394
1984
1256
1304
339
2784
3011
559
1364
3503
279
1613
3319
3908
389
1238
1330
2396
3619
4104
673
1210
1482
1278
2694
3314
326
392
440
1201
2802
2377
4455
4463
4469
348
437
564
1374
1474
1606
1979
2048
341
1481
2238
2976
2993
3527
446
507
1323
1781
3206
398
484
2504
4535
2355
314
507
2000
292
3779
4107
454
659
1371
1374
316
1261
1304
467
2290
2296
2431
1253
2093
2291
367
388
918
3574
3602
571
990
2829
472
762
797
934
536
560
2354
975
976
2818
1100
1844
3076
2352
2392
3537
3587
4376
4466
301
626
726
3375
3327
4113
4647
408
1544
1983
2066
1263
1873
2753
2674
3152
3232
3766
1294
2138
2347
2520
2484
2657
4645
1772
1872
1974
2923
1388
2474
2486
3164
311
322
3679
4246
1436
1999
2492
3050
3784
4128
380
445
517
1027
1806
3560
3825
603
1263
2734
4027
4253
4337
447
1987
1221
2429
2489
418
1211
1302
1309
2562
2524
3113
3119
3422
3784
4123
882
1719
2706
2710
403
2345
3088
370
449
1391
3074
339
1366
1538
2105
369
629
1283
1281
2781
3294
748
1340
1378
440
602
739
2313
2135
2358
2567
3643
393
3683
3734
3828
343
356
719
3229
397
603
447
1256
2786
355
1053
2349
2428
1268
1580
3696
2128
2304
4525
1397
2205
2230
4003
373
410
2981
2313
2805
399
1319
3433
3736
410
719
1989
3238
816
2393
454
574
2104
740
2939
4106
1266
1338
2571
378
854
2538
514
702
2108
2830
2542
2862
3152
3222
465
1338
2133
1301
2092
2847
368
1141
3847
433
2107
2297
2768
2121
2408
3045
3163
665
1252
2304
2366
1209
1254
2503
536
2343
519
810
918
2638
4579
379
1263
1987
1830
3740
3985
4620
2171
2757
4253
4306
508
767
373
417
549
1931
2286
2402
2444
2213
2362
2795
3638
436
570
3272
3940
478
580
782
1275
510
739
2157
2313
1183
3145
3184
3654
2460
3136
3680
3733
1352
2433
446
603
1336
1252
4556
382
2350
2370
3214
3451
1487
4102
4466
2118
2508
2541
2782
2381
2864
3026
3047
387
4601
448
628
508
4444
2520
2565
971
2654
3751
806
1526
2172
2716
421
1392
2252
1781
2132
2824
3814
4012
915
2180
2527
2872
434
1281
2939
1336
3089
1448
2636
491
701
1103
2235
2557
1214
1369
3088
3680
424
640
2238
1300
758
1070
1870
2294
2188
3164
3180
482
1306
2593
4101
843
923
1505
1570
1259
1607
1948
2025
2282
2332
3938
1923
3272
1501
3135
3198
486
1797
3631
4604
3146
3572
4031
4066
883
1259
2539
3030
725
1054
2998
3443
622
1360
3500
4144
4221
546
1280
1873
2753
3689
2538
3668
3669
4019
439
2251
2275
435
450
3323
4509
2087
2353
2481
455
506
1317
2734
4029
4144
4260
1373
2363
3372
468
1638
2476
504
659
1275
1159
2078
2876
3342
849
3220
3276
689
751
762
1270
440
498
560
613
694
1232
4617
509
796
4524
2226
2810
523
648
2104
523
1295
2815
1363
2530
2805
695
2295
2493
3280
2345
3219
3703
506
1254
1996
3105
4101
665
2953
1987
1304
511
740
460
1913
2475
458
535
3356
555
714
1031
1166
567
2190
573
575
3772
521
566
574
547
796
2984
1223
1266
1343
1424
1289
2402
2433
828
2393
2788
2874
2266
2772
3104
3575
514
870
3758
928
1527
1604
2048
1243
2264
539
648
1339
1361
1438
2368
2541
763
1461
2529
2979
2996
3133
3597
509
2153
3706
4493
585
673
847
1270
2829
737
1962
3512
4408
704
1227
3103
874
2347
2427
1226
2584
2586
539
569
1295
598
599
1025
1659
2735
512
1504
2300
1134
2696
3000
3193
2311
3721
4199
4223
4264
3390
3891
4511
635
1664
3226
2184
2328
4606
757
1276
894
994
1004
1212
1518
2259
2849
2751
3308
3695
4632
594
1319
641
1557
2346
3878
569
1295
2810
3967
4329
4543
4576
2483
3709
4118
531
2271
2375
704
1015
2871
4161
2804
1245
2300
2755
757
2170
4441
2391
2587
503
565
2804
694
1363
2802
618
708
1253
2060
2416
2496
567
603
2383
527
4608
2487
3063
2536
746
783
1359
2740
3627
4228
4245
624
519
581
2069
2331
517
2267
2454
2272
2299
3092
3317
3442
2145
562
576
1980
575
1286
2028
2346
2616
4612
556
2813
2338
4091
707
2136
2223
1309
1354
2470
839
3323
3984
2200
2398
2770
4623
3489
3952
4209
4498
587
588
906
915
1211
1364
693
700
713
2116
712
2289
2858
2145
2331
3194
547
3626
4080
1234
1053
2369
3316
3956
2307
4281
4370
751
2107
2297
653
1372
2398
2821
1883
2710
2929
1734
2990
3061
4211
819
1696
2035
2691
1507
2143
3339
2254
607
1885
3327
4551
1141
3988
4144
1611
4139
4434
4554
1231
2732
3929
1987
826
1168
2051
2029
2044
2108
2897
1162
1660
573
2104
850
1122
1620
2006
1064
2049
2050
2267
2271
4100
2252
1222
2135
3577
4033
2082
2206
795
1119
2301
3010
566
618
3148
1325
708
619
569
1504
570
624
2376
2871
3876
3951
574
1285
809
820
1211
1302
778
1983
2082
3131
3810
3811
4524
752
1435
1625
2003
2152
1839
1965
2395
2564
650
1444
3249
4322
657
679
1520
1521
915
1335
1507
1539
2145
774
843
1505
774
1423
685
712
715
1488
712
715
830
969
2011
3581
2760
2951
3600
673
1502
3409
2479
2836
690
1297
3639
684
2151
2152
2658
882
2646
2706
3472
645
1368
733
1275
1988
2162
2191
2425
2071
2510
613
1824
2110
2265
2382
2380
2406
2584
1941
2365
2367
3398
2497
3308
3884
969
1407
2852
2858
1022
1074
2176
4552
1597
1891
2012
2838
617
674
1599
2680
675
1618
2824
1085
1108
1633
1636
869
895
1701
690
1309
1354
3376
1416
1514
1869
1350
1374
620
621
622
2339
646
1853
3782
2831
2018
2023
2961
1629
4113
652
1299
740
992
2123
2255
3998
733
1427
2093
1369
2415
2509
2772
719
3777
3847
4196
1339
1346
1361
660
921
1485
1558
2622
3078
3167
1046
1176
1575
685
720
817
1488
1604
1955
2048
2057
1658
2646
3804
4235
2321
2461
2976
3081
4395
4526
1245
1006
2856
3785
4440
1630
1893
3793
657
679
733
731
801
1347
3060
3061
3221
3584
1295
2812
1068
1528
1975
2063
914
2143
3340
1502
2213
2562
3157
1423
2016
2232
2545
2628
3424
3452
1205
2545
3668
1373
2135
2252
2354
736
1371
2823
736
950
1045
909
1434
1792
1208
1949
2868
1981
2846
2894
2353
2469
2991
3052
1310
3759
862
1447
2096
2860
1030
1823
2410
3010
1296
1510
2054
2703
1608
2180
3339
4362
759
811
999
1848
1737
1764
2952
823
1756
3600
3783
1335
902
1492
871
971
2219
2357
3124
1466
2899
3618
1009
2150
2682
3005
1235
1513
1512
1521
2999
1221
2374
2667
2883
747
2589
2712
1534
2641
2644
3820
2205
3007
1229
2046
2293
2570
2606
2702
4139
2071
2086
2960
1283
2122
2286
1426
2136
2320
2479
911
1577
1606
755
3881
1325
3257
2276
2281
837
2284
801
873
1347
1408
725
2683
3128
3693
2044
2657
4484
745
2149
1394
2827
906
932
1423
1844
3250
2669
2686
3049
925
1060
1105
2651
2291
1245
1323
1504
945
3196
3631
4604
951
1464
1744
1325
2107
1044
1400
1457
1065
1139
1534
2935
3552
1405
1568
2713
3203
982
1017
1432
1919
1003
761
861
1012
1074
1763
1849
2682
2982
947
2731
4572
3226
3345
3780
4047
3102
3303
2898
2956
3327
1827
1831
2688
2729
1647
2954
2974
3030
1447
2146
2860
1985
2860
2942
1394
1842
1692
1733
1771
742
799
1122
2595
1041
1320
1427
3467
782
738
1615
2323
769
860
1040
2167
3265
2124
1334
1805
2723
3482
3797
3815
1838
3052
3300
3513
1253
3363
3661
2106
3934
813
2231
3768
914
2142
1376
982
1084
1821
771
2843
3580
3634
2106
782
2224
1114
1732
2088
2044
3433
3758
1325
2200
959
1056
1314
2515
2941
989
1195
4638
907
909
848
1039
1787
2794
812
816
2126
1348
1813
1501
2533
2597
3154
2029
2108
2682
2982
1054
1481
4007
4525
2995
3368
3550
1632
2102
2738
3413
898
2835
928
1099
3732
2581
2955
3144
1916
2369
3706
3956
860
876
1615
3271
1341
1450
2092
2847
815
897
979
997
837
2011
3058
1544
2077
1614
2465
2868
2869
1836
2059
2627
1086
1389
1936
813
2816
2118
2288
2541
950
1048
1090
1566
811
1396
1486
1752
2602
3357
3642
884
908
1322
1192
1686
1750
1184
1523
883
1809
2663
946
2175
2652
1503
1638
2881
994
1046
1122
1673
1823
3706
3811
1402
1033
1452
1940
2056
1673
3943
3946
2177
3046
3174
3506
824
2323
3044
3651
2043
2318
3840
4309
1503
869
951
1522
1355
1884
3510
1278
1662
1348
1490
1503
817
2154
812
816
2069
1061
817
2016
2843
1595
1668
3143
3556
925
1194
828
1796
2930
3560
3952
2709
3371
4194
1488
1596
1702
1641
1672
1712
3156
1461
2997
1458
1981
2924
878
1457
2835
3015
4123
4169
4246
1478
1529
2099
830
919
969
970
1413
1419
970
1554
1738
1065
1980
1982
2219
2250
3124
4475
996
1808
1812
2602
1017
1068
1865
2669
2918
3004
1016
2756
3373
3464
2298
2530
982
998
1576
1220
1365
1040
1564
1963
1571
3026
3599
956
1074
1570
956
1661
1701
4568
984
1564
3012
1914
2555
3325
990
1402
2115
991
1231
1311
3219
957
1051
2358
1744
1897
2014
2973
1153
1169
1901
2910
1239
2440
2949
1417
2408
2635
1433
2457
3440
4049
1052
1964
2080
1019
1684
1880
1015
1499
1833
2080
2388
1225
1419
1395
1627
2916
1225
1419
2228
3086
1051
1490
1466
2149
964
1107
1420
1804
3415
3655
3749
3753
986
1206
1510
1922
1697
871
2132
1340
1378
1511
1763
1458
3783
1036
2349
1615
3561
3651
3743
912
3743
3863
1135
3180
3199
3665
898
1400
4583
973
1562
1672
1755
1067
1420
1652
1835
4006
4361
4569
1658
2058
1948
2056
991
1468
2773
1737
1764
1946
2851
895
972
1932
2280
2340
1108
1560
1616
1050
1145
1582
1804
891
990
1402
965
1676
3056
3160
3891
988
2841
3036
3966
948
957
1577
1001
1047
1154
1077
1688
1442
2499
2533
3154
4155
962
2746
2865
3836
3971
4470
1514
3029
1163
1250
1573
1794
955
1499
1651
3553
1057
2042
2046
3056
1526
1587
999
1793
920
1468
1845
1573
955
1029
1565
2867
1493
1522
916
2388
3514
1383
1475
1943
2600
1100
3254
2172
3515
3518
3743
1041
1116
1513
2833
2995
1509
1528
977
1013
1382
2519
1650
2106
2115
4108
924
1570
1639
997
1087
1068
1528
1244
1540
3313
1595
1606
1715
1773
1776
1783
1868
2703
3037
1728
1847
3071
3125
1708
1884
2045
952
1383
1425
1475
2111
2828
1769
2183
4261
2123
2130
2242
2771
1918
2397
2724
3094
941
995
3766
3957
1017
1105
1576
965
1402
1650
3040
3154
4616
944
1794
1867
2064
2071
2920
1008
1250
3344
1000
1473
1093
1098
1789
1002
1524
2688
1007
1051
1519
1757
1974
1000
1451
1745
974
1421
1403
2637
3041
3358
1523
1750
2195
1078
3044
1587
994
1337
1451
1464
1496
1085
1519
1636
1328
1575
2009
1581
2505
2581
3634
1490
1503
2169
2254
3706
4248
1050
1344
1415
1218
1268
2165
3191
1013
1390
1566
1455
2400
4059
4447
1005
1528
3256
3451
1542
3855
1404
1748
1761
1582
1634
1655
980
1044
1457
1843
2835
1377
2054
2703
1337
1496
1532
1955
1077
1536
2705
1029
4013
1561
1661
1933
2017
3405
1104
2516
3894
4626
1506
1605
997
2061
2705
3664
991
2041
1540
1747
2452
3359
1220
3764
4080
1079
1425
1739
1670
1580
2939
1938
2769
2935
2983
1001
2751
3040
4113
1752
1783
1826
2969
1087
2730
3664
1643
1791
1558
1572
1046
1789
1957
2443
1006
1864
3229
1047
1889
1065
1407
1554
1557
3777
1894
2074
1571
1719
3354
3036
3626
3837
1018
1813
2838
3028
1051
1490
1620
2866
1022
1073
1112
1768
1845
1449
1834
1884
1498
1844
3302
3843
4671
1138
2179
2529
2719
1494
2900
1158
1757
1915
1472
3715
3746
4056
1822
1870
1725
3574
4201
4343
1408
1458
2049
2938
1077
1588
1699
2540
3018
3450
1206
2641
2936
1070
1639
1078
2663
1654
1655
1882
1732
1876
2088
1119
1971
1803
2079
2330
3298
1042
1075
3237
4320
1294
2144
2534
1567
1768
2644
3936
1485
1553
1863
2040
2041
3830
2080
1235
2134
2417
4582
4648
4024
4282
4368
4535
1485
1566
2737
2387
1086
1131
1851
1866
1878
1645
1827
1828
2388
3134
3582
3303
4528
1898
2047
4456
1405
1470
1110
1612
2075
2421
3767
4010
4018
1591
1686
1750
2195
2677
2970
1088
1617
1643
2891
3333
4097
4285
1157
1430
4569
1474
1979
1702
1068
1138
2931
1195
1667
1743
2558
3178
3643
3745
4348
1726
2070
2915
2917
1744
1897
1684
1880
2882
1511
2287
2720
4651
1390
1550
1863
1166
1457
1383
2294
1562
1585
1592
1109
1732
1819
1960
2367
3182
3189
1420
1667
1742
2034
2903
1090
1322
1576
1951
1314
1641
1680
2253
1572
1845
1202
1560
1568
1950
1188
1462
1767
2141
1622
1703
2614
1537
2178
3015
4328
2043
2609
3932
1398
1401
1403
1692
1141
2692
3846
1111
1115
1527
2258
3585
3253
2112
2904
3042
4074
1494
1681
1685
2727
2149
2837
3964
2134
3467
4228
1138
2212
2460
3064
3733
1257
1635
1835
1109
1633
1934
1834
2046
1497
1789
2727
1147
1870
1648
1720
3697
1540
1959
1681
1703
1320
2098
2197
1229
2046
2470
3266
1404
1748
1800
1899
1809
3043
4517
4573
1123
1478
2934
4244
2007
1529
2907
4241
2035
2671
3333
3961
1727
1730
2914
1233
2081
2360
1278
2876
2966
3258
1585
4568
4642
1421
1655
1886
3031
1859
3542
3620
4141
1142
1378
3857
1142
2146
2893
3540
1790
2163
4224
4396
3234
3426
4164
2188
2612
4052
1137
1188
1727
1759
2187
2679
1572
1936
2721
1495
2021
2263
3943
4489
1851
1144
1356
2925
4529
1995
3310
3898
1741
1679
1714
1847
1682
1683
1469
1758
3192
3287
1667
1743
4438
1175
1740
4257
1174
1740
4065
1169
1478
1823
2910
2908
2934
1178
2387
2511
1703
2659
2241
2734
3127
2715
3611
4046
1547
1726
1262
3053
4409
1774
1808
1825
1850
2948
3427
4129
2909
1398
1456
1761
1798
1412
1758
1847
3287
1886
1216
1391
1941
3644
1529
2121
2907
2410
2934
1480
1776
1860
1172
1197
1385
1711
1181
2480
1681
1762
1260
2210
4290
1197
1260
1385
1177
1192
1193
1191
2672
2832
1686
2464
1480
1753
1777
1799
2140
3725
4031
1190
1711
1712
1747
2733
3533
3620
1665
3551
3989
1794
1807
1196
2991
3015
3052
4169
1753
1777
1196
1727
1198
1951
2730
1760
1193
2021
2832
2495
2737
1951
1952
1870
2711
1462
1952
2684
1902
2254
4080
4248
1428
1668
1745
1927
1392
2750
3265
1506
2713
3332
1230
1501
2596
2862
2725
3693
1468
2054
2247
2396
2344
2521
2814
1215
2472
1516
2142
2774
1673
1889
1894
1805
1977
2211
2776
2462
2509
1246
2444
1249
3105
2405
1999
2949
3564
1900
2412
4212
3323
3593
1619
1373
2799
3119
1305
1338
2304
2118
2192
2215
2786
1671
2466
2546
1976
2580
2870
1621
3134
3227
3559
1313
2448
2773
2794
1329
1363
2298
2435
2626
2355
2363
1427
1293
2352
3762
1986
2435
3150
3213
1999
2854
3114
1294
2144
2565
3084
1929
2256
2574
1278
2966
1367
1247
1248
1249
1249
1254
1434
1817
2927
2972
3348
4007
1305
2190
4101
2215
1344
2414
3304
1285
2378
2749
3001
1740
4557
2245
2329
2916
2853
4187
4374
2091
2342
3291
4032
4106
2249
2365
2367
1436
2285
2524
2790
3558
2115
2122
2482
3236
3240
2493
3256
3451
1487
3284
3496
3953
1313
2229
3065
2209
2515
4001
2276
2125
2234
2212
2796
3688
3011
2291
2507
1721
2126
1286
2095
1286
4674
1971
3546
4165
4166
1326
1929
2326
2338
3937
4357
1604
2943
2979
3810
1956
2041
2512
2389
2404
3132
2986
1443
1492
3034
1366
2214
2271
1941
3105
3189
3386
2233
2789
1518
2428
2227
2305
4557
1912
4556
2324
3162
3171
1541
2144
2533
4404
1387
3065
3210
3516
2216
2953
3204
3336
2658
3122
3948
2122
2484
2617
4541
1354
1519
1617
2233
2405
2460
3088
1551
2725
3102
3268
1360
2239
2125
2234
3362
2136
3627
2441
3572
3719
3889
1389
1367
1351
2434
2457
3660
1913
2233
2460
1594
2478
3364
4116
2668
2672
2686
1931
2297
2520
2501
2775
4165
3210
3563
4023
4024
1896
2912
3186
3915
2338
2707
3289
1516
2647
3115
1665
3556
2812
1449
1431
1916
2038
1581
2305
2406
2579
1912
1442
4583
2270
2310
2470
3295
1371
2766
2861
1638
1939
2276
3280
3384
3658
2754
3093
3661
1586
2133
3444
2475
2538
2990
1361
2104
3295
3408
3423
1517
1846
3126
1630
2960
2961
1362
1393
3202
4530
1504
3166
2317
1375
3415
3619
3062
2244
3764
4493
2256
2824
1435
1513
2345
3701
2355
2359
4302
2811
2199
2487
2090
2811
1393
3753
4376
1612
2075
1578
1768
1868
3523
1644
1979
1981
2296
2431
2455
1680
1863
1910
3349
1410
1602
2289
2834
2858
1722
1616
1875
4191
3744
3752
1953
3394
2385
2806
1768
1862
3646
3058
3270
3465
4480
2982
2245
2942
3541
1698
1869
2033
1533
1803
2077
1817
3315
3840
1654
1710
1733
3006
1817
3055
1698
2033
1515
2232
4364
2675
2834
1724
2473
3141
3335
3394
1810
2017
3870
1735
1876
2452
3397
3764
4248
4493
2069
2874
4043
1596
1702
2834
3300
1650
1942
2646
3027
3795
2012
2127
3045
3175
3586
4368
4534
1508
1637
3067
3031
3518
3651
4325
2124
2128
4106
1634
2177
1625
2224
3159
2997
2603
2973
3003
1635
1861
2177
3046
2027
2053
2173
2485
2840
2846
2292
2679
2964
2280
3197
3418
1719
1816
2098
1579
1853
2111
2126
2290
2559
3657
2097
2290
3283
3660
1487
3255
3567
4117
2573
4240
4599
4600
2414
3029
3037
3472
2001
3403
3595
1454
2497
2698
4516
3429
3656
4182
4594
1906
2893
2875
2942
3390
1610
2844
2845
1522
1668
1549
1896
3454
1961
3325
3397
2260
3308
4631
3118
3579
3610
1753
1760
1644
3140
3249
3539
4542
1611
3274
4637
4669
1820
1710
1733
1788
4079
4084
4098
2019
1693
1786
2670
1484
2150
1471
2246
2459
4245
2936
1765
2052
1560
1568
1636
2268
3208
4081
2426
3673
4057
2715
2721
3611
1493
1955
3174
3338
3024
3813
4048
4385
2161
2496
3163
3275
2851
3145
3184
3670
1623
1694
2374
2972
1502
1865
1906
2062
1690
1737
1862
1589
1848
1869
3013
2466
1802
2430
3952
4289
1714
1902
2897
3998
1510
1496
1700
1705
1673
2737
2932
2688
3697
2181
3076
3279
1892
2871
1556
1565
1780
2084
2542
2527
1717
2180
2788
3100
2062
2852
1543
1610
1513
2833
1589
2706
2231
2300
2001
2143
2241
2244
4487
2257
1577
1710
1827
3054
4218
1730
1766
1785
2914
1610
1884
2894
2943
3163
1659
2735
3504
4141
2998
3443
4119
4254
1624
2024
2082
2206
4159
1567
2936
1910
2878
3156
1952
2701
1663
1815
2606
2271
2273
2375
2393
3194
3731
1958
2599
3677
1797
1933
2184
1593
2176
2716
1940
3454
2042
2293
2685
3085
4186
4446
4560
1643
1854
1708
2045
2470
2079
2666
3491
1584
1868
1552
1555
1559
1580
2129
3690
1653
2519
1982
2767
1579
2130
2492
2344
2801
2803
3907
3925
1810
3936
2130
2131
3303
1928
2665
3413
2665
1672
1748
2738
4399
2094
2605
2344
2868
1572
1845
2114
3463
3794
4198
4353
4552
1791
1848
1574
1793
1794
2007
1778
2644
3842
1580
2123
2360
3705
1882
1778
1801
3039
3865
1680
1907
1697
3437
4525
1610
1688
1840
3170
1792
1598
1618
1676
2265
2495
1697
1745
1927
3523
3524
3901
2686
3353
3605
2466
4017
1813
2006
1601
4622
1674
1990
1888
1893
2645
1618
2208
2755
1661
2017
2899
2919
3849
3556
1956
2094
2277
1926
2749
1943
3338
3209
3953
3997
4647
3641
4564
3051
2993
3990
4460
1631
1949
3008
3996
1819
1950
1698
1854
1657
2429
3550
1939
2065
3261
3877
3974
1821
3392
3405
1641
1751
1764
2050
2098
1788
3840
4133
4175
2893
2987
3541
1670
2115
4108
4541
1881
2956
3587
4456
1947
3490
3972
1672
2665
1969
1635
1804
3304
1968
1829
2634
2020
2294
2555
2733
3533
4561
1694
2676
2677
2931
2049
1654
1882
4132
4360
4397
4633
1872
2147
1652
1656
1656
1683
1720
3934
1833
1886
2696
1832
1910
2878
3329
4583
4325
1743
1670
4645
3262
3354
1735
3170
2477
2481
2676
2876
2379
2873
3053
2162
2425
2613
2019
2024
1729
2070
2918
3374
3370
2314
3898
4366
4529
1676
2289
2685
1717
2033
2221
2890
3548
3648
1942
1681
1703
1705
2687
3918
4193
4200
2031
2617
3125
1684
1762
1743
1685
1762
3973
2495
2596
2862
3106
3232
2422
2884
3262
3419
4235
1749
2047
2645
2637
1807
2832
2968
4399
1959
1967
2954
2039
2887
3468
1701
3473
3858
3884
4551
1821
1877
2901
1932
1980
2534
2986
3134
3882
1821
1904
2749
3313
1917
2645
2671
3069
1834
1733
1767
1771
1795
1754
1755
1760
1716
1857
1864
3527
1758
1765
1771
1784
1841
1900
2277
2713
3307
3382
3634
1792
1762
1853
2825
3998
2878
4290
3021
3890
4238
1849
2766
2951
2884
3469
4270
3070
2052
2314
3287
2662
2669
3904
1759
1769
1924
1972
3968
1934
2475
3074
3221
1875
4517
1790
2221
3677
4403
3005
1975
2676
2767
1741
4613
1742
1804
4598
1745
2896
2925
3200
1859
2966
1798
1770
1917
1920
1753
1760
1773
1795
1755
1761
2423
2846
3594
1772
1854
4248
2085
1878
1911
2031
2255
1767
1824
2110
2914
1923
1989
1800
1808
1773
1915
2384
1858
3069
3549
1777
1783
1812
1777
2436
3350
1985
2075
3079
3044
3512
3897
2651
3632
1783
1785
1826
1785
2914
2662
1843
2040
3829
3417
4387
4644
1867
1848
1867
1824
4148
2848
3853
4243
2017
1799
1811
1812
4399
1811
3591
3801
3864
1895
3489
3566
2947
4159
2416
3292
2935
2983
3853
1917
2056
3010
3869
4604
1812
1939
2329
2636
2875
3052
2702
2991
3337
1817
2710
1856
1883
1907
1876
1961
2491
2529
3078
2711
2882
3506
1826
1826
2382
3514
1831
2414
1833
1886
3589
4000
4476
1832
1835
2729
2181
1861
1953
2723
2926
4058
4430
4575
1980
2082
2469
2542
3135
3997
2088
1857
2578
4607
1853
2111
2827
2801
3512
2244
3251
3281
4484
2952
2662
3400
3904
2902
3530
3620
4109
4195
2864
2156
3039
3470
3591
1860
2637
4063
4149
1860
2637
3357
2422
3170
2968
2711
3792
1863
3936
1900
3907
1919
2063
1880
2032
2900
4022
3027
2179
2516
2529
3894
1887
1967
2655
3191
2231
3765
3768
3828
1876
2055
3392
3507
1880
3620
3827
4141
4287
2886
3434
4310
3041
4477
2497
2765
3517
1901
1889
3069
3180
3245
3259
4068
2007
2009
3482
2867
2869
1894
3946
4176
4235
4240
1971
2666
1898
1899
2015
1920
2742
1972
1915
2029
2681
2022
2985
3956
4597
2954
3030
2102
3413
3501
3870
2034
4477
1988
2186
2188
2486
2390
2959
3244
4421
2253
2050
2057
2938
2339
2789
3136
1958
2954
3313
2915
2022
2485
2035
2211
2723
2034
2292
2047
2691
1966
2059
2613
2632
2041
3825
1924
4318
2578
2980
3373
3818
3918
1928
1932
1933
2603
3064
2610
3253
4011
2166
1933
1936
1947
2185
1938
3520
3633
4387
4580
1949
2814
3789
1948
3118
4108
4622
2148
3290
3905
4035
4652
3642
3961
4148
4153
2024
3145
1949
2073
3077
2486
2627
2707
2724
3096
4093
2050
1990
2175
2731
1959
3325
1960
1961
1969
2073
1963
2040
3841
2094
2512
3395
4218
4316
2370
3209
3214
2025
2060
2332
1973
1969
1974
2114
1973
1991
2648
4130
4331
2501
1989
2412
1974
2931
2869
3972
3292
4091
4305
3324
3859
3886
4571
2048
2087
2469
2164
2204
4001
2859
2198
2438
2624
4389
2277
2680
3109
3656
3863
2120
2318
3203
3315
2038
2092
2349
2423
3601
3783
3281
3778
4485
2503
2593
3260
2145
3200
3346
3774
4629
2725
2335
2647
2137
2434
2456
3440
2331
2658
2726
2977
4312
3007
3276
3604
2007
2009
2012
3278
2686
2031
2052
2482
3125
2442
3568
2066
2079
3298
3641
2015
2019
3652
2018
2717
2227
2019
2476
2881
3833
4116
4285
2616
3724
2024
2496
2623
2137
2700
3658
3710
4224
4391
4212
4347
4585
3036
2714
3024
3532
3868
3048
3950
4157
2892
2887
4237
4269
4483
4649
2525
3132
2890
3724
2738
3479
4402
2512
2504
3079
3819
3903
2841
3295
4464
2910
2442
2451
2885
3842
2727
3417
3993
4088
2924
3809
3262
3351
3469
2060
2963
2969
3542
2063
2096
2933
3379
3802
2595
2866
3796
2702
2991
2076
2589
3013
2439
3230
4009
2154
2962
3070
2745
2102
3349
3870
2114
2086
2866
3420
2554
3168
2230
3454
2329
2353
2481
3454
2989
4173
2407
3148
3301
2465
2748
3899
2110
2187
2193
2865
2469
2452
2488
2584
2585
2251
3119
3073
2661
3838
2198
2435
2678
2852
2139
2457
2575
2479
2274
2979
3184
3810
3999
2207
2782
2156
4160
4445
4449
4465
2272
2299
2116
2116
3758
2112
2721
3611
4046
2141
3552
4611
2473
2553
3289
3335
3315
3625
2389
3153
2785
3816
4238
4298
4299
2384
2650
2923
3139
2826
2536
2771
2507
2906
2719
2838
3875
2131
2771
2131
2780
3487
3129
4528
2651
2571
2574
2476
3270
2653
3212
3659
2540
2986
3227
2296
2340
3091
2584
3146
3726
2187
2195
2143
2923
2974
3616
2180
2527
2150
3837
2206
3979
2154
3138
3378
3956
3239
3481
3919
3479
3867
2586
3513
3949
4532
4538
2211
3094
4089
2296
3092
2274
2416
3446
2221
2885
3868
2383
3564
3689
3696
2298
2558
3643
2819
2837
2919
2369
2849
3192
2490
2820
3480
2660
3714
4470
2647
2872
2451
3196
2215
2288
2477
2701
2600
3505
2711
4123
4172
4554
2718
3800
2634
3193
2360
2928
3603
3609
3965
4630
3130
3596
2715
2721
4046
2627
2632
3169
2203
2624
3136
3142
3221
2321
2624
4052
2413
2462
2509
2382
2424
3821
4149
4335
4607
2203
3317
3516
3647
4023
2479
2740
2836
2468
2200
3257
3633
4131
4155
4654
2395
3213
3214
2464
2383
2560
3066
2206
2431
2541
4364
4646
2357
4012
2519
2775
2235
2557
3062
2256
3418
4100
2909
2310
2562
3242
2933
3786
3794
3945
2348
3460
3463
4336
2247
2365
2789
3142
2975
3301
3905
4118
2224
2226
2225
2226
2494
2809
2322
2843
4017
4037
4043
2280
3376
3744
3915
2232
2398
2661
3217
2655
3064
2237
2239
2240
2238
2489
2239
2243
2242
3129
4027
2243
2317
2771
2873
2875
3127
3208
3780
2248
3111
2308
2959
3814
2252
3156
3329
2817
2259
2264
2259
2894
2967
2698
2886
4132
2315
3153
3246
3247
3105
3171
3189
2671
3333
3835
2299
4189
4486
2415
3194
3731
2273
3251
3593
2426
2437
3621
3892
3266
3423
3588
2273
3547
2530
3058
3117
2500
4605
2704
3351
3457
3469
2690
3237
3722
4582
3639
2350
2554
3940
3988
2439
2568
2780
3230
2530
2532
2347
2577
3565
2297
2617
2660
4515
4648
3729
2466
3230
3960
3095
4552
2490
2482
3151
4166
2768
2770
3240
4036
4067
4410
4582
2322
2467
4390
4393
4660
3860
4451
3220
3090
3347
4140
4203
3157
3588
2502
2525
3149
3334
4168
4311
4345
2957
4488
2611
4546
2370
2564
2712
2536
2608
2631
2331
2874
3194
4230
2673
2913
3771
2366
3671
2821
3634
2835
3512
3050
3679
4481
4670
2332
2553
3289
2394
2441
2463
2940
4437
4604
2675
2947
3235
4262
2528
3059
3138
3559
3974
2474
3097
3182
2341
2774
3399
2525
2526
2544
2343
4294
3292
3614
2572
3197
2629
3408
3638
2790
3111
2355
4013
2620
3081
2592
3794
4204
2534
2493
3168
3519
3848
4016
4659
2404
3337
2358
2363
2387
2424
3549
2364
4077
2363
4114
3187
3151
3994
4166
4217
2518
3009
4104
3451
3644
2976
3759
4073
3104
3729
2847
3269
2391
2537
2582
2587
3075
3921
4198
4440
2429
2551
2489
2683
4161
4164
4168
3284
3592
2543
2626
3530
4179
4291
2399
3027
3473
3486
3549
3368
2619
2864
2732
3216
3242
3388
3744
2895
2414
2472
2799
4032
4033
4673
2394
2441
2582
3738
3135
3213
2409
3097
3765
2401
2406
3112
2792
3233
3386
2543
2797
2411
3216
3415
3453
4104
2557
3107
3705
4173
2496
2498
2523
2798
3616
2433
2445
3775
4653
2415
2909
4062
4067
4320
2998
3306
3879
4009
3088
3107
3114
2625
2912
3954
3680
2969
3438
2845
3557
2464
2449
2632
3981
4083
2428
2577
2576
3391
3560
3805
2568
3301
3362
3363
3437
3659
3471
3845
4343
2523
3172
4075
2624
3294
3690
2957
3417
3478
3861
2445
3246
2458
3195
3256
4454
4468
3178
3441
3980
3065
3095
3428
3147
3331
4038
3443
3445
4007
4039
4300
3170
2490
2820
3190
3710
2456
2700
2953
2569
2572
3204
3197
3389
3126
3251
4629
2911
3671
3114
3116
2611
3285
3008
3305
3082
4562
2483
2507
3483
3821
3875
4354
2503
3153
2707
3860
3136
2516
2909
3731
3624
4096
4619
2878
3156
3329
2767
2906
2826
3131
3811
2546
2582
3146
3223
2622
2635
2725
4468
3093
3159
3206
2511
3836
3913
3083
3084
3263
2554
2764
3009
2912
3439
3635
3707
3132
3273
3891
3382
3521
4271
2648
3234
3555
4522
2509
3657
3687
2745
2899
3849
2737
4486
3583
3734
3828
4646
2554
2589
2764
3404
3480
3385
3480
3666
3216
3241
3320
4290
2732
2800
2597
3154
3330
3633
3712
4249
2532
3117
2797
2600
2553
2787
3331
2673
3281
4406
2577
3084
4405
2693
3396
3499
4321
3572
3745
4407
3728
4079
4088
4098
3407
4616
2579
2626
2797
3707
2551
2821
3425
3035
3427
4004
2695
2778
3831
4548
3087
3176
3334
2674
4237
4418
2628
3153
3247
3260
4278
3500
2741
3829
3477
4251
4270
4338
3089
2586
2587
3104
3201
3647
2561
4371
4424
2959
4330
3062
3305
3899
3951
4317
4011
3198
3449
3762
4411
4412
2588
4077
4135
4617
2571
4617
3001
3829
4079
4124
2574
3080
3808
3197
3283
3516
3752
2577
3581
2981
3607
3103
3106
2896
3187
3572
2618
3216
3320
3674
2586
2587
4033
4206
4421
2774
3220
3228
3621
2940
3501
3864
3869
2594
3815
4336
3149
3678
3371
3835
4205
3420
3945
2597
2598
2599
2599
4361
4580
4552
2619
2650
3826
4231
2887
4402
3215
3662
2742
2973
3662
4193
2989
3012
3839
4156
4554
2761
3244
3435
4423
2650
4308
4496
3598
3838
4605
2743
3087
3222
4002
4350
3169
3199
4038
2622
2652
2659
3664
2937
3293
3779
4107
3544
4400
2768
3431
3741
4226
2915
2992
3777
4608
4612
3462
3466
4394
2623
2635
2977
3181
3186
3335
2995
3550
3399
4105
4115
2808
3144
3148
4173
3203
3819
3844
3331
2745
2933
3021
3822
3067
2719
2834
3300
2995
3424
3739
2768
3625
4273
4541
3414
3595
4078
4150
3391
3842
2791
3424
4002
4565
3717
3883
4419
4553
3865
3566
3408
3743
4154
2928
3112
3707
3708
3912
2653
2684
2701
2673
3433
3213
3214
3713
2664
2959
4371
4475
3734
3121
2684
2730
4417
4459
2997
2670
3030
3244
3702
4476
3235
3546
3128
3367
3550
2669
2670
2672
2932
4116
2839
3176
3455
2678
2767
2679
2971
2916
2931
3803
2760
2817
4388
3223
3303
3079
2709
3477
3636
2908
2917
3665
4435
4652
2742
4194
3522
3885
4489
3049
3698
2741
2749
3313
3517
4247
4549
3031
3554
2791
3177
3494
4050
3517
4296
3561
3872
3996
4595
3190
2705
3001
2958
3038
3318
3029
3715
4495
4567
3468
4251
3041
3013
3255
3819
3297
3852
2872
3901
2961
4140
4456
3028
4351
3411
3873
3910
3016
4128
4246
4511
2724
2728
2778
4089
3973
4091
4247
4301
3697
3792
2735
2806
3359
4082
4035
3130
3866
4606
2742
4128
4136
4327
4519
2913
4500
3001
3314
2862
3103
4339
4598
4610
2747
2881
2999
3849
2803
2983
3830
3063
3236
3716
3434
4274
2777
2779
3181
3735
2784
3148
3205
3694
2824
3297
3492
3852
3700
4027
4615
3293
3391
4289
4343
3263
3882
4155
4428
2766
2861
3179
3983
4014
4132
4275
4392
4668
2841
3281
3764
4484
2795
4549
4678
2982
2773
2803
2814
3583
4273
3201
3776
2806
2795
2776
4162
2778
3681
4061
2779
2977
3923
3444
4124
2782
2784
2922
2783
2784
2785
2786
3147
3988
4144
3442
3738
3646
3113
2988
3023
3260
3667
3678
3854
3911
4244
4266
2801
2803
3115
3116
3112
3094
3172
3954
3111
3929
4013
2818
2805
3716
2805
2814
2808
2816
2843
3144
2813
3645
2810
2823
3093
2822
2812
2823
2822
2815
3772
2816
3557
3929
4013
2833
2836
3336
3385
2823
2826
2830
2897
2831
2828
2830
2829
2831
2831
2837
4500
3483
3632
3771
3778
2894
2967
3466
3133
3492
3597
4395
2849
3557
2846
2849
2937
3485
3848
2960
3420
3786
3793
3356
3809
2857
3160
3282
4519
4557
2877
2883
2927
3367
3522
3978
4216
2858
2859
2860
3782
3783
3056
3266
3286
3473
2866
2868
2870
2871
4268
3508
4328
4015
3888
2971
2911
2941
2886
4132
4234
4310
3290
3665
3709
4052
2999
3788
4157
2911
2972
4174
4176
2975
4224
3787
3642
3093
3166
3205
3181
3637
3673
3892
2967
3933
3961
4215
2893
2903
2987
3549
4486
3905
4271
3202
4143
4560
3816
2901
2902
2903
3507
2903
2937
4618
4643
3681
4186
4567
3345
3185
2915
3826
3850
4406
4629
3960
2918
4298
2960
2961
3802
3820
3843
3864
4288
3294
3687
3689
3315
2938
3600
3310
4271
3476
3555
4284
2941
4041
3705
3723
3029
3037
3484
4498
4486
3911
2936
3042
2951
3487
3464
3843
4441
3511
3466
3541
4190
4342
3299
3305
4243
4649
4355
4434
4596
4663
3917
4467
3344
3351
3791
3728
2958
3365
3468
4279
2952
3005
3190
3205
3495
3787
4143
3640
3832
3025
3470
2992
3374
3599
2964
3405
3545
2971
4409
2968
3357
3479
4402
3438
3531
2970
2971
3438
2976
4142
4098
3677
2978
3235
4303
4453
3551
3607
4184
4227
4063
4225
3008
3594
3809
3811
3134
3458
3882
3263
3727
3960
2990
3061
3669
3271
4316
4565
3047
4152
4513
4562
3807
3964
4299
4500
3143
3551
3941
3217
4021
3341
3475
4522
3151
3854
4242
4244
3143
3215
3880
3049
3139
3185
3626
4004
4148
3948
4003
3299
3384
3448
4601
3332
3916
3269
3602
4344
4426
4460
3888
3390
3888
4519
3083
3150
3402
3150
4055
3830
3841
3871
3374
3419
3791
3904
3816
3461
3803
3805
3033
4050
4350
3297
4396
3357
3358
3365
3027
3804
3497
3789
3475
3754
3767
4472
3061
4465
4627
3472
3805
3845
3933
4129
4215
4080
4022
3039
3350
4477
3867
3083
3402
3318
3552
3853
3072
4380
4439
3553
3278
3896
3474
3930
3804
4293
3507
3993
4342
3278
4086
4539
3056
3430
3535
3342
3530
3514
3861
3895
3344
3358
4004
3058
3117
3183
3577
3700
3832
4488
3207
3757
3767
3241
3265
3763
4256
3360
4371
3137
3338
3076
3339
3898
4485
3377
4025
3684
3755
3118
4211
3721
3925
4208
3340
3332
3377
4380
3217
3959
3493
3968
4184
3544
4524
4107
4618
4671
3450
3198
3086
3095
3273
3100
4037
3103
3250
3107
3115
4194
4205
4464
3092
3516
4256
4258
4092
3099
3394
4069
4249
3361
3603
3665
3722
3100
4258
3442
3106
4006
4361
4442
3693
4021
3317
4418
3173
3575
3776
4324
3538
3613
4563
4146
4283
4553
4680
3113
3120
3120
3120
3119
3386
4557
3122
3979
4230
3173
4127
3589
3666
4042
4012
4042
3240
3127
3200
4035
3452
4628
3223
3534
3855
3466
3544
3149
3773
3341
3383
3475
3316
4490
3278
3823
4058
4540
3199
3245
4259
3703
3711
3756
3205
3296
3720
3226
4029
3439
4054
4137
3161
3957
3388
3655
3409
3638
3435
3672
4050
4666
3661
3771
3390
3430
3176
3222
4117
3188
3676
3311
3259
3610
4059
4072
4589
3206
3769
3226
3824
3987
3269
3331
3335
4101
3991
4061
4314
4461
3383
3505
3982
4480
4536
3886
3424
3447
3739
3326
3267
4146
4443
3361
3991
3188
4589
3558
3568
3569
3381
3499
3235
3917
4173
3189
3233
3309
3316
3279
3341
3751
3985
4455
3611
4437
3905
3252
3657
3592
4463
3473
3437
3632
3742
3746
3922
3885
3284
3750
3428
3623
3823
4250
4427
3440
3663
3674
3596
3818
3421
3781
4361
4580
3220
3704
3579
4011
3324
4436
4571
4664
3401
3659
3718
4226
3407
3565
3276
3892
3913
3691
4063
3306
3667
3678
4068
4412
3330
4418
3676
4059
3561
4359
3481
3328
3725
3976
4196
4389
3307
3765
3242
3503
3376
3746
4458
4479
4491
3684
3352
3412
3389
4211
4211
4627
3429
4594
4595
3254
3567
3253
3977
4406
3776
4383
3254
3255
4011
3716
3314
3342
3533
3412
3676
3386
3858
4369
4398
3791
3450
3623
4078
4250
4327
3441
4014
4213
4255
3564
3690
4020
3284
3441
3577
3387
3906
3798
4060
3428
4024
3491
3994
4137
3311
3446
3942
3948
3396
3624
3904
4167
4315
3710
4363
3369
4180
4523
3647
4433
3719
4350
4625
3423
3510
4187
4490
3499
3573
4241
4599
4047
4118
3407
3436
3558
4219
3820
4288
3696
3409
3379
4145
3355
4169
4564
3490
3853
4532
3346
3355
4611
4618
3518
4325
4268
3444
3660
3580
3799
3434
3628
3799
4227
4229
3383
3528
3543
4362
3337
3582
3761
3351
3358
3460
4208
4264
3384
3663
4355
4431
4518
4554
3456
3649
4416
4492
4216
4641
4665
3359
3745
3910
4031
4382
3521
3962
4651
3685
3766
3903
3371
3977
4272
3348
4008
3342
3383
3340
4323
3528
3900
4026
4329
4436
3427
3362
4118
3363
3694
3992
4202
4204
3759
4441
3867
4163
3471
4022
4036
4263
4450
3364
3482
3821
3599
3791
4391
3626
3670
3397
3366
3368
3380
3635
4415
3629
3630
3815
4335
3642
4153
3367
3393
4041
3368
3430
3509
3874
4339
4598
4638
4097
3814
3990
4460
3806
3496
3953
3639
3856
3590
4597
4608
3654
3921
3393
3739
4126
3721
3955
3999
3799
3914
4457
3406
3445
3656
3863
4439
3453
3588
4546
4565
3845
3417
3545
4628
3412
4333
4572
3419
4174
3610
3711
4073
3403
3624
4096
4129
3456
3615
4119
3997
4647
4078
4102
3666
4041
3664
3615
3710
4051
3858
3409
3617
3900
4265
3800
3909
4070
3662
4180
4527
4658
3741
3579
3610
3711
3981
3639
4090
3806
3946
3467
3629
3959
4262
4295
4564
4115
3763
4005
3554
3561
3876
3906
3932
3511
3456
4457
4531
3673
3715
3735
4384
4113
3702
3983
3747
4032
4064
4008
3762
4412
4090
3643
4122
3692
4528
3615
4008
4219
4276
3452
3494
4628
4088
4099
4137
3720
4066
4410
3695
3668
3655
4103
3927
4501
4571
4051
4129
4270
4279
3877
4428
4587
4071
4154
4236
4326
4202
4207
3560
3825
3531
3532
3571
4149
4208
3596
3818
4143
4376
4481
3627
3470
3471
3479
3472
3475
3515
3518
4151
4508
4575
4201
4207
3542
4141
3640
3763
3483
3497
4110
4243
4317
3519
3779
3952
3795
3844
4502
4106
4124
3854
3902
3912
4138
4494
4502
4074
4185
3641
4088
3990
4048
4181
4576
4630
3669
3812
3580
3628
3769
3592
4466
3797
4353
3499
3573
3806
3686
3798
3502
3591
3662
3818
3918
3663
4090
4517
4572
4573
3506
3524
4178
3727
3595
4362
4658
3523
3526
3535
3526
3535
3540
4159
4169
4356
4071
4154
3787
4209
3781
3935
4660
3725
3914
3785
4378
3857
3543
3995
4637
4662
4663
4669
3901
4180
3907
4208
4134
4315
3607
3896
4225
4227
3533
3548
3585
3548
4385
3596
3756
3852
3858
4064
4369
4681
3623
4427
4539
4179
4331
4537
4150
4315
4322
3541
3874
3545
4520
4658
4394
4109
3994
4303
4162
4166
4276
3868
3556
3820
3554
3876
3651
4130
4359
3606
3565
3576
3582
3775
3969
4634
4657
3749
4188
4368
3675
3576
3795
3805
3823
4102
3576
3832
3577
3747
3920
3781
4581
4650
3585
3773
4232
4266
4176
4289
3761
4230
3581
4479
4492
4495
4531
3584
3768
3582
3765
3742
4544
3732
3748
4111
4384
3926
4103
3649
4349
3974
4504
4615
3636
3619
3807
4425
3600
4322
3999
4223
4239
4499
3804
3606
3782
3908
4201
3709
3850
3913
3732
3756
3855
4388
3924
4263
4435
4582
4648
3650
4181
4392
4234
4295
4453
4668
3827
3895
4287
4556
3659
3912
4099
4026
4499
3816
3963
4145
4466
3712
4083
4372
4383
4433
4473
4102
4087
3881
4108
3630
3778
3630
3780
4245
4300
3683
3685
3918
4344
3917
3948
4127
4105
3931
4366
4139
3646
3772
4383
3724
4400
4403
3985
4454
4217
4275
4304
3989
4140
4142
3692
3812
4254
4349
3721
4199
4120
4025
3663
3718
3694
4039
4278
4445
3693
3757
4147
4509
4045
3739
4126
4506
4111
4049
4226
3728
4018
3678
4644
3982
4262
4365
4548
4147
4216
4440
4509
3769
3778
4032
4443
3935
4634
3860
4221
4281
3689
3696
3785
4352
4489
4628
3774
3884
4586
3973
3821
3896
3924
4367
4470
4680
3714
3974
3703
3754
4000
4126
3704
4083
4314
3726
3720
3762
4083
4073
3750
3751
4054
4369
4459
4479
4056
4365
4567
3879
4433
4085
4280
3723
3723
4410
3726
4405
3726
4109
4342
3733
3730
3731
3738
3866
4485
4624
3758
3970
4357
4358
3751
3755
3760
4530
3883
4056
4049
4135
4472
4033
4220
4188
4461
4474
3760
4053
4455
4049
4432
4381
4536
3776
4314
4055
4675
3773
3928
4019
4045
4432
4473
4023
4122
3980
4274
3769
4171
4172
4518
4555
3774
3852
3968
3978
4289
3824
4442
4388
4086
4172
3890
3802
4204
3831
3792
3973
4334
3796
3833
3793
3835
4205
4341
3946
3797
3803
3822
3945
3945
3970
4357
3919
3986
4352
4288
4343
4344
3992
4239
4232
3966
4406
4209
4494
4576
3810
3928
4547
4347
4393
4512
3943
3827
4177
4195
4537
4605
3833
4030
3958
3959
3830
3911
4266
3861
4183
4319
4446
3920
4359
4591
4592
4595
3943
3975
4398
3963
3964
3839
3841
3906
3932
3856
4408
3845
4611
4239
4497
3847
3978
4267
4514
4643
3915
4185
4442
4581
4649
4297
3866
3903
4182
3874
3950
3926
4310
4386
4259
4177
3909
4063
4352
4354
3895
3865
4163
3870
4163
3872
3899
4317
3897
4408
3920
4220
4459
4190
3896
3909
3897
4401
4504
3907
4212
4513
4119
4372
3941
4142
3944
4623
4405
4422
4544
4398
3958
4081
4030
4272
3902
4222
4297
4662
4328
4066
4085
4411
4198
4351
4121
3991
3947
4190
4236
4523
3958
3959
4574
3899
3919
4543
4664
4658
4210
4308
3932
3996
4207
4225
4320
4413
3912
3954
4005
4558
4003
4316
4333
4380
4003
4366
4145
3928
4422
4491
4319
4453
4670
4321
4607
3955
4440
4030
4427
4125
4237
4436
4254
4071
4178
4341
3980
4558
4285
4269
4657
4163
3938
3939
4060
3940
3942
3942
4219
4318
4225
3989
4223
4227
4364
4622
4151
4326
3982
4246
4590
3995
4190
4168
4268
4609
3991
4509
4526
4609
4616
3986
4409
4189
4252
4271
4652
4147
4299
3966
3967
4360
4633
3969
4630
4630
4125
4636
4281
4307
3975
4281
4306
4006
4170
4307
4170
4307
4584
4161
4542
3984
4044
4462
4005
4056
4075
4467
4112
4545
4267
4608
4559
3987
4489
3988
4199
4197
4140
4199
4177
4334
4313
4178
4236
4408
4616
4388
4526
4112
4349
4012
4546
4153
4185
4008
4010
4020
4286
4449
4043
4122
4230
4483
4507
4514
4044
4282
4019
4020
4021
4021
4477
4324
4037
4182
4563
4110
4192
4487
4158
4463
4495
4560
4038
4047
4117
4320
4064
4220
4255
4459
4047
4068
4471
4122
4052
4041
4384
4474
4479
4530
4475
4044
4441
4074
4395
4513
4545
4363
4454
4054
4382
4647
4055
4550
4314
4461
4472
4150
4250
4070
4318
4357
4092
4094
4213
4255
4417
4443
4568
4642
4067
4414
4415
4070
4072
4095
4448
4356
4075
4249
4589
4570
4094
4078
4115
4187
4374
4114
4346
4139
4378
4626
4287
4563
4133
4210
4434
4160
4449
4171
4533
4174
4270
4340
4091
4092
4100
4093
4095
4095
4365
4375
4116
4285
4251
4510
4099
4138
4105
4115
4105
4426
4409
4498
4507
4127
4461
4547
4593
4302
4330
4609
4416
4121
4374
4381
4564
4617
4329
4483
4371
4534
4377
4508
4591
4347
4387
4403
4309
4596
4284
4520
4522
4206
4407
4172
4521
4555
4138
4210
4203
4446
4147
4593
4677
4189
4354
4284
4521
4523
4231
4232
4293
4215
4522
4404
4179
4183
4431
4178
4334
4455
4559
4566
4538
4278
4627
4167
4165
4305
4167
4429
4312
4542
4214
4373
4401
4386
4427
4602
4182
4183
4332
4600
4356
4561
4187
4242
4297
4561
4229
4599
4570
4548
4678
4324
4473
4333
4380
4517
4214
4317
4595
4194
4203
4291
4342
4373
4577
4223
4264
4202
4203
4344
4264
4205
4286
4413
4338
4507
4637
4512
4283
4414
4345
4592
4279
4425
4242
4276
4572
4574
4277
4413
4260
4306
4543
4588
4644
4432
4298
4626
4241
4242
4266
4505
4292
4275
4296
4301
4304
4319
4533
4292
4520
4311
4378
4626
4605
4292
4494
4244
4514
4629
4296
4589
4555
4279
4337
4529
4651
4260
4515
4416
4413
4258
4642
4263
4304
4318
4358
4453
4452
4309
4596
4615
4311
4418
4442
4540
4641
4623
4646
4501
4635
4313
4277
4304
4305
4411
4286
4407
4625
4462
4532
4367
4420
4527
4423
4573
4426
4537
4293
4578
4302
4346
4482
4533
4669
4358
4588
4500
4425
4606
4305
4312
4478
4312
4313
4516
4309
4397
4668
4323
4439
4670
4599
4602
4323
4362
4383
4583
4331
4537
4374
4377
4521
4507
4421
4424
4508
4379
4594
4596
4341
4336
4619
4510
4515
4652
4340
4510
4438
4640
4603
4619
4356
4436
4641
4673
4400
4614
4638
4640
4627
4352
4353
4354
4379
4667
4516
4429
4392
4661
4457
4468
4623
4375
4558
4417
4452
4536
4470
4451
4549
4458
4504
4448
4451
4539
4381
4539
4425
4431
4591
4511
4550
4566
4480
4394
4400
4533
4665
4393
4584
4653
4391
4618
4650
4396
4662
4396
4395
4501
4571
4401
4402
4586
4404
4405
4673
4415
4415
4449
4471
4491
4648
4420
4447
4448
4450
4471
4423
4547
4621
4666
4444
4506
4671
4586
4654
4430
4592
4540
4639
4508
4433
4637
4515
4611
4574
4677
4478
4579
4447
4471
4624
4544
4450
4452
4452
4464
4469
4472
4474
4671
4534
4538
4531
4544
4545
4534
4538
4469
4474
4476
4482
4481
4624
4674
4657
4485
4488
4529
4490
4493
4492
4503
4578
4503
4497
4505
4499
4502
4499
4636
4578
4559
4621
4587
4578
4588
4579
4666
4619
4590
4513
4562
4649
4575
4667
4521
4527
4527
4526
4528
4531
4535
4590
4590
4542
4645
4661
4547
4549
4551
4676
4679
4567
4621
4575
4651
4620
4566
4563
4676
4570
4581
4574
4588
4585
4587
4612
4672
4644
4643
4656
4653
4654
4656
4597
4594
4639
4620
4621
4612
4613
4602
4603
4607
4614
4640
4614
4638
4675
4670
4666
4672
4632
4633
4635
4656
4636
4635
4655
4636
4641
4667
4650
4646
4660
4655
4655
4656
4659
4660
4662
4664
4664
4665
4667
4669
4674
4674
4676
4677
4679
4681
4679
4680
4681
4681
)


// ************************************************************************* //
