/*--------------------------------*- C++ -*----------------------------------*\
| =========                 |                                                 |
| \\      /  F ield         | foam-extend: Open Source CFD                    |
|  \\    /   O peration     | Version:     4.0                                |
|   \\  /    A nd           | Web:         http://www.foam-extend.org         |
|    \\/     M anipulation  |                                                 |
\*---------------------------------------------------------------------------*/
FoamFile
{
    version     2.0;
    format      ascii;
    class       vectorField;
    location    "constant/polyMesh";
    object      points;
}
// * * * * * * * * * * * * * * * * * * * * * * * * * * * * * * * * * * * * * //


1031
(
(0.02615393796 0.02740166776 0.05584729621)
(0.0189436414 0.03045783713 0.05567725085)
(0.0325372632 0.02946914032 0.05646375187)
(0.03952907791 0.03017958859 0.05528317756)
(0.01384031901 0.01986864079 0.0556028383)
(0.02527997152 0.01472673499 0.05569290228)
(0.01334606593 0.0304345126 0.05607760196)
(0.04612979672 0.02978910006 0.05669031721)
(0.03579403917 0.005036970848 0.04029567346)
(0.01579351195 0.005235114435 0.04883803865)
(0.02156632339 0.005108456351 0.03725456607)
(0.007224475629 0.02990802368 0.05585420262)
(0.0448629719 0.0182690915 0.05501369522)
(0.03292035257 0.005446989697 0.05189594709)
(0.01178008775 0.02825088998 0.04174478984)
(0.02625173915 0.00524435736 0.0563648374)
(0.01863084525 0.005671554944 0.05644112327)
(0.004623312999 0.01682021807 0.05332217083)
(0.004942684556 0.02201917457 0.05630507087)
(0.003905282862 0.02986232081 0.04859641745)
(0.0054118693 0.01218312706 0.03271511147)
(0.0532750758 0.02914669299 0.05616153389)
(0.008398664893 0.005335953505 0.04201832567)
(0.04598618204 0.004943713012 0.0521958661)
(0.01243686318 0.00565993266 0.05673492713)
(0.004965349205 0.005226940408 0.04848715376)
(0.003653520622 0.03099692434 0.05268726351)
(0.03076604498 0.005254172686 0.02592883957)
(0.06041706713 0.02858025282 0.05024529961)
(0.05269401196 0.005248651045 0.04104101847)
(0.03930813328 0.006003153647 0.05581228363)
(0.005748725347 0.006380900902 0.05579843001)
(0.06012302142 0.02117606827 0.05503211669)
(0.05980177984 0.01943758194 0.0423280284)
(0.004445375024 0.005737853886 0.03697080442)
(0.005104712062 0.03026561959 0.03767943399)
(0.004461321751 0.005860649105 0.02969913435)
(0.0109397962 0.02876657728 0.02854158608)
(0.05532374985 0.01186922792 0.05616425817)
(0.060543301 0.02913961559 0.0433157626)
(0.04467564526 0.005540981943 0.02466152009)
(0.005023230568 0.02977403446 0.03062361985)
(0.06122838957 0.03061338957 0.05795)
(0.05262839963 0.005502556026 0.05619148561)
(0.05954171539 0.01960468602 0.02983661172)
(0.01170927609 0.004532255099 0.02098488981)
(0.06054171945 0.006408988599 0.05154174809)
(0.05987197593 0.006553833308 0.04318200331)
(0.005095200061 0.005317372972 0.02373236298)
(0.06051309623 0.02901638506 0.03644741631)
(0.0559093269 0.005213757577 0.03114212349)
(0.004328560834 0.02917417221 0.02455082153)
(0.00489554407 0.02122093362 0.01686466129)
(0.03859564247 0.01466353029 0.005202574723)
(0.0599610927 0.02874213726 0.02969187744)
(0.02223190493 0.005215881595 0.01375827362)
(0.02873052205 0.01977711948 0.004810828218)
(0.06170964455 0.003861525582 0.05677873071)
(0.06080786744 0.004456101259 0.03624908308)
(0.05954016746 0.009601597902 0.02073631626)
(0.05414154423 0.02923874217 0.01865388382)
(0.06040281258 0.02899168416 0.0234516456)
(0.06054301964 0.004770294872 0.02387615865)
(0.004017307209 0.005081754107 0.01755218879)
(0.004433926566 0.03004433003 0.01821938348)
(0.01748499196 0.02915080773 0.01193006938)
(0.03162549274 0.004950806737 0.007826693772)
(0.04557507919 0.006105595796 0.01038401197)
(0.03178601482 0.02901892595 0.00626266383)
(0.03861413368 0.005404571506 0.004949408749)
(0.06098996089 0.004480302829 0.01705107075)
(0.01328065328 0.005199170441 0.008691687547)
(0.003434061884 0.02957151881 0.0128553528)
(0.02554300758 0.005009772589 0.003517960806)
(0.04481713503 0.0287366384 0.009476577646)
(0.04591165423 0.00524435736 0.005148269405)
(0.06086981868 0.03011350604 0.01631779619)
(0.00483706276 0.01650792287 0.007985606496)
(0.0264631458 0.02892681897 0.003909907207)
(0.03834476632 0.02860375226 0.004636581967)
(0.0559423281 0.0122067369 0.00524435736)
(0.004640724033 0.02935746723 0.008229680361)
(0.01219573855 0.02898564264 0.004572283142)
(0.01986907689 0.004299832924 0.006091415738)
(0.02069483127 0.03005792964 0.006104067355)
(0.05354068557 0.006009976615 0.00521779518)
(0.06030647832 0.00524435736 0.01081099405)
(0.007680356045 0.005633655989 0.004266611795)
(0.005042541855 0.01131477077 0.004560217755)
(0.004494359848 0.02053392011 0.004356972327)
(0.05826541059 0.02918981771 0.007163185891)
(0.05195948755 0.02884202266 0.00572222015)
(0.06126033623 0.01351340148 0.004773633834)
(0.05928736912 0.01911749018 0.00452771079)
(0.06067038846 0.007752933496 0.005126824378)
(0.06207940442 0.03140849172 0.002844751543)
(0.06089405111 0.02449654982 0.003762745886)
(0.06032446156 0.01753606982 0.01008382276)
(0.05533663905 0.02392396341 0.005284211684)
(0.05119833018 0.02886470856 0.01193845636)
(0.04746616376 0.02418391317 0.005591210724)
(0.06014964189 0.02475248012 0.01036898486)
(0.01188507164 0.01324581907 0.004716550877)
(0.05999725872 0.0104192764 0.01250597902)
(0.05320220656 0.00632508989 0.0130538117)
(0.004779967302 0.02365372772 0.009847789951)
(0.04904522738 0.01197448397 0.00524435736)
(0.03765180464 0.02987663846 0.009266619378)
(0.04148138443 0.02441823878 0.005332046436)
(0.02194780254 0.02515878805 0.004871364473)
(0.005035517101 0.01164171748 0.01279914667)
(0.06044840781 0.02491770173 0.01817909297)
(0.04504877372 0.0298550738 0.004291272858)
(0.04380427404 0.0288881264 0.01709487672)
(0.02887292334 0.009490095102 0.005570654218)
(0.007099976578 0.005358127843 0.009750582476)
(0.01368720257 0.004255250889 0.003901671363)
(0.01730155102 0.004378889522 0.01156331908)
(0.05593206266 0.005146891332 0.01763567678)
(0.04228711753 0.009787894689 0.004889412525)
(0.03772882716 0.004816956017 0.01017088208)
(0.03489723594 0.009497666777 0.004546335129)
(0.02561269567 0.02972682295 0.01002642037)
(0.03198840573 0.005422581716 0.01583842762)
(0.02156860094 0.02913084144 0.02106722491)
(0.01294674314 0.02965415783 0.0158224259)
(0.009590837336 0.02932128377 0.02196796407)
(0.004580156046 0.01060775583 0.01942885417)
(0.05950708357 0.009402973792 0.02816358784)
(0.05500216485 0.004396824627 0.02403642694)
(0.05539637413 0.02942613761 0.02493881958)
(0.04823162371 0.02938498057 0.02283138498)
(0.06039559485 0.01503328397 0.0249485713)
(0.06008870229 0.01528869873 0.01769748085)
(0.03442566734 0.0226403884 0.004421217167)
(0.02461553546 0.01418664705 0.004537138496)
(0.01910358294 0.004660646425 0.01957084142)
(0.05509511284 0.02928482288 0.03111116252)
(0.03899804418 0.01936971169 0.004283477071)
(0.003812686243 0.02495256335 0.01450315473)
(0.004566812179 0.01975659341 0.02339448873)
(0.06135338046 0.003845023444 0.03058718448)
(0.05487792109 0.02962601104 0.03722308433)
(0.0094664797 0.004428603717 0.02776363033)
(0.06043546035 0.01001897418 0.04750307522)
(0.06010289209 0.01371947886 0.04131469433)
(0.05552775585 0.005229092076 0.04697127349)
(0.05617681559 0.004010685031 0.05369332401)
(0.06051571078 0.01126022232 0.05352344803)
(0.01616207918 0.004865041429 0.02628794107)
(0.06026552868 0.01425598044 0.03384155806)
(0.06024306446 0.01926609001 0.03623582722)
(0.004705745209 0.0255085225 0.0343012997)
(0.03872696855 0.02898564264 0.0307629245)
(0.04575311751 0.005220338296 0.03379752585)
(0.0489549049 0.00524435736 0.01805950205)
(0.03879691562 0.004502009691 0.02632956012)
(0.05497114876 0.02946260621 0.04368370842)
(0.04887088071 0.01096908236 0.05515697627)
(0.01496403959 0.02896394192 0.0332790335)
(0.004841342319 0.03040772632 0.04302415873)
(0.009934537658 0.004434948579 0.0359575982)
(0.06052480948 0.02047804878 0.04924331503)
(0.05424818346 0.02047955711 0.05578827466)
(0.009441007622 0.01042607223 0.05607592085)
(0.03543760202 0.01066408268 0.05649096697)
(0.03953707429 0.004273196406 0.05096063533)
(0.04839887103 0.00466630353 0.04569430846)
(0.04664137159 0.004810481398 0.03970133085)
(0.02595704765 0.005677547452 0.01779979724)
(0.03077775014 0.004573569812 0.03029625196)
(0.005515504693 0.008972202405 0.04422967711)
(0.004992437047 0.01083022437 0.0510838237)
(0.05122134707 0.004586969091 0.05040987334)
(0.003406142312 0.00414535269 0.04294171645)
(0.05483608269 0.02977502008 0.05084675274)
(0.00483132613 0.01404693967 0.03870917075)
(0.004326329846 0.0156519665 0.0286645054)
(0.005020554211 0.02052274218 0.04857762972)
(0.008809155863 0.01826637589 0.05686445706)
(0.02285471993 0.009453028829 0.05641860545)
(0.02589820076 0.004551148402 0.05076580746)
(0.01617546154 0.02909350199 0.04930589493)
(0.009894814381 0.03002526578 0.04675082196)
(0.03323962949 0.004893232236 0.05734588447)
(0.02989797462 0.005367653582 0.04552617806)
(0.03505850065 0.0202636803 0.05586352694)
(0.04223093514 0.0124242899 0.05593092965)
(0.04002309326 0.0209740683 0.05644640003)
(0.02809485799 0.02863505344 0.04025872389)
(0.02882630553 0.005410298738 0.03916792779)
(0.01576729155 0.004760340189 0.03683962698)
(0.0238854515 0.00585017542 0.04405085755)
(0.01987016273 0.004918846617 0.05212236735)
(0.04093478545 0.004462265034 0.0377945022)
(0.04589986898 0.029149581 0.0513943095)
(0.04901698323 0.02354439902 0.05603828726)
(0.01526494531 0.02605038277 0.05648799327)
(0.0293275145 0.01987532511 0.0557789159)
(0.01918393582 0.0182814563 0.05594609296)
(0.03490433638 0.02895303742 0.05046392324)
(0.02114299057 0.0244720961 0.05687636641)
(0.03716849729 0.02871354554 0.04353141231)
(0.04112923903 0.02918333756 0.04836376503)
(0.0500552278 0.02954801564 0.047876111)
(0.01717703567 0.004608455782 0.04282941713)
(0.0268400069 0.02911462195 0.04784640175)
(0.02527057887 0.02879416138 0.03006877868)
(0.03170975468 0.0292856393 0.03591986919)
(0.0228181842 0.02980777365 0.03977331386)
(0.03608744238 0.0256728634 0.05689181178)
(0.03165816376 0.01506736244 0.05689515047)
(0.01977681844 0.02995076323 0.0460642299)
(0.005120096279 0.01959913108 0.0414171629)
(0.004699250576 0.01520557814 0.04520120459)
(0.02343663334 0.005037466881 0.02928731068)
(0.04240749523 0.004539153749 0.0449911017)
(0.01577123398 0.01205636737 0.05716819899)
(0.01991346249 0.02946463187 0.02923909073)
(0.03808270272 0.004481779508 0.03134762645)
(0.0350219908 0.005318461952 0.02248605406)
(0.04796244658 0.004351371978 0.02840018828)
(0.04397791419 0.02905417398 0.0365262662)
(0.03464430179 0.02898138692 0.0240624256)
(0.03952429774 0.02959894486 0.03649172617)
(0.04270235579 0.02982922846 0.02741054573)
(0.01805739643 0.01590976575 0.004770877363)
(0.004252258106 0.01148859926 0.02477159213)
(0.004428356888 0.0162609202 0.01867212267)
(0.01600299133 0.02903466387 0.02486604763)
(0.01600478349 0.0299214315 0.01902965525)
(0.02651661965 0.03046652567 0.01752506773)
(0.03188409297 0.01546678435 0.004584758032)
(0.04147063925 0.005203691406 0.0163761685)
(0.009798514623 0.005301570818 0.01552961879)
(0.03727751188 0.02878881612 0.01795330955)
(0.04856438476 0.02880636345 0.01588886613)
(0.03229673071 0.02983900068 0.01388962904)
(0.04396189364 0.01486308786 0.004545133041)
(0.009934762719 0.01725394662 0.004832350822)
(0.05166353186 0.01824236677 0.004804480943)
(0.05918866053 0.02069817994 0.0157681247)
(0.01405947416 0.02130038894 0.004609762949)
(0.03537028846 0.02944497243 0.03865768875)
(0.02666104792 0.02951136911 0.02400000176)
(0.03389365545 0.02952854424 0.02947251493)
(0.04550045757 0.0292388257 0.04280582601)
(0.0489606722 0.02909817398 0.03404967514)
(0.0413436489 0.02976581045 0.04288124334)
(0.03001242223 0.02991012627 0.03192738538)
(0.005716920213 0.02535051191 0.05125781678)
(0.008944837051 0.007402947929 0.05152164737)
(0.002881296542 0.03110532552 0.05760592795)
(0.04414325217 0.007723991564 0.05675108045)
(0.05747819178 0.02606870448 0.05571522878)
(0.05784484303 0.01644329454 0.05598578121)
(0.06058700208 0.003516701804 0.04823331054)
(0.05921106756 0.02469119134 0.03921867737)
(0.05314146845 0.005404235992 0.03564124153)
(0.005354932221 0.02477316973 0.02038119864)
(0.06008975344 0.02322212282 0.02642232802)
(0.02676277874 0.005389990573 0.01091330674)
(0.007463046028 0.02452076038 0.004655133381)
(0.05683720692 0.0270444537 0.01341376004)
(0.05653077771 0.00623783888 0.008835741311)
(0.00531395668 0.01855271295 0.01303037835)
(0.05455727803 0.01427910601 0.01207469726)
(0.01666553054 0.0255838552 0.006586036816)
(0.008807455985 0.01129605109 0.008356228987)
(0.03899343752 0.02858560161 0.01435580986)
(0.0414263249 0.002622116764 0.01219486853)
(0.03913739558 0.01135350752 0.009895700196)
(0.02788601112 0.02416858596 0.007458273304)
(0.007616722693 0.0288895749 0.01464661945)
(0.01113215294 0.02734276353 0.01138636562)
(0.05220729429 0.003494056753 0.02675933764)
(0.06041999811 0.01895600065 0.02143737343)
(0.0555841477 0.01176039561 0.02504372332)
(0.05526366821 0.01187325687 0.01684383954)
(0.0231361213 0.0193643124 0.006749633577)
(0.05021082686 0.02691697605 0.02823796774)
(0.03795295205 0.02176714437 0.009286396822)
(0.05912907785 0.008917384531 0.03399935052)
(0.05938777352 0.009043072103 0.03828476724)
(0.05554709264 0.01071222375 0.04376031021)
(0.05503266358 0.009379028274 0.05049122351)
(0.01668086825 0.009580526051 0.02269141481)
(0.05877698502 0.02438346738 0.03336728633)
(0.005953076531 0.02381695996 0.02811670566)
(0.009390956268 0.02972249612 0.03559803486)
(0.008872567106 0.008307328634 0.03281706468)
(0.05782850389 0.01578320563 0.04770428081)
(0.0573972215 0.02433271025 0.04513241413)
(0.05142560614 0.01653378148 0.05629093727)
(0.005080978203 0.01981170525 0.03528579394)
(0.005036757245 0.02541344683 0.04499626623)
(0.01014828989 0.01585333032 0.05167148379)
(0.02723553401 0.009513462111 0.05184515624)
(0.01150299461 0.02420248155 0.0469460608)
(0.01039145579 0.02885689432 0.05173837405)
(0.03655091791 0.005476546534 0.04609075179)
(0.0382812174 0.01585287898 0.05570173015)
(0.04317089879 0.02540295342 0.05612099108)
(0.03196658852 0.009920833376 0.0405208785)
(0.0132501153 0.006219111677 0.03089015722)
(0.0100758972 0.02493230659 0.05594064306)
(0.02175937032 0.02737510402 0.05103229554)
(0.03773584099 0.02387872604 0.04669817264)
(0.05143541639 0.02461484936 0.05092184585)
(0.01133643685 0.006141311443 0.04553056916)
(0.03020826583 0.02899515426 0.05184658989)
(0.03094547062 0.02935396103 0.04512755901)
(0.01778888974 0.0276954216 0.03975463426)
(0.02576586501 0.02717342397 0.03502813042)
(0.03163234566 0.02456779334 0.0548976903)
(0.009220763732 0.0126711355 0.04188060636)
(0.02658385634 0.004875387886 0.03422382765)
(0.0184708326 0.007483854814 0.0319729627)
(0.02218732627 0.006811265104 0.02296484417)
(0.04308149936 0.009327249885 0.04966294947)
(0.01534417722 0.009523768935 0.05263560237)
(0.01122078018 0.01472149156 0.05603589914)
(0.03343156029 0.004836006776 0.03517659983)
(0.03444174404 0.00931979596 0.02891707289)
(0.05013651441 0.006915638038 0.02320593587)
(0.04368438893 0.01008623708 0.03674266431)
(0.04138718582 0.02785277598 0.0219733306)
(0.01817103617 0.009673337862 0.0101979387)
(0.009699362666 0.009470096963 0.02304362101)
(0.01272906987 0.024932189 0.01893686808)
(0.03118012962 0.02912424945 0.02024479578)
(0.02204370174 0.0289695989 0.01530642555)
(0.04540215226 0.003888580933 0.02055401258)
(0.01497104865 0.004505038103 0.01564411813)
(0.04751365463 0.02461109819 0.01901271504)
(0.04654170843 0.01918281944 0.00522758722)
(0.05488314377 0.02147182781 0.01186501132)
(0.05519969114 0.01896219526 0.008395720919)
(0.02326753193 0.0246247434 0.02616265126)
(0.05005721655 0.02928993304 0.04155380885)
(0.0403080809 0.02497996516 0.03977384256)
(0.03430165709 0.02455105573 0.03142953188)
(0.03365760338 0.02484139625 0.04109555269)
(0.04704186506 0.02421225694 0.03881174538)
(0.04100553412 0.02482812622 0.0339421579)
(0.05095243319 0.02489123978 0.04440991602)
(0.01021755183 0.01844799775 0.0307299281)
(0.02340014018 0.01043915351 0.03470627575)
(0.01982959833 0.02355209476 0.03265000266)
(0.03015740945 0.02404940484 0.02299241088)
(0.0183513222 0.0240487932 0.02141200789)
(0.05359097826 0.02414099932 0.01723945025)
(0.04707340127 0.02389446712 0.01202215805)
(0.04858117107 0.01793253499 0.01131788217)
(0.05079603723 0.02329844963 0.008810139016)
(0.04248049057 0.01945439329 0.009230146673)
(0.05180469648 0.02407598456 0.02287983479)
(0.0416919904 0.02363047988 0.01669206955)
(0.0125874762 0.01005655482 0.01234819903)
(0.01850667491 0.009779549252 0.01646087828)
(0.02162937522 0.02430197226 0.01068556396)
(0.01763834373 0.02409917747 0.01552346261)
(0.01213692392 0.02347319574 0.0251901828)
(0.009699307447 0.02254278449 0.01388595733)
(0.009941455123 0.01872778751 0.01931243591)
(0.009546485045 0.01344803831 0.02795762603)
(0.008259899704 0.01438623252 0.02234332456)
(0.02340513381 0.00963391728 0.007235060838)
(0.03894127422 0.01051784244 0.0424295774)
(0.03754424949 0.00942854484 0.03522961385)
(0.04609989093 0.009104539777 0.04296201018)
(0.0497398577 0.009640270799 0.03919410149)
(0.05282705422 0.009095672406 0.02043594286)
(0.05221772002 0.008068003399 0.02744155053)
(0.04575908825 0.009644205139 0.0205163161)
(0.03265941028 0.01044222013 0.02250925151)
(0.03005145574 0.009474626568 0.03351254737)
(0.01758362345 0.009870629617 0.04636298704)
(0.01193227271 0.01154548863 0.04785697199)
(0.04907069276 0.01033056984 0.04810061556)
(0.03759972402 0.01092167695 0.05064119295)
(0.04144329212 0.01588641203 0.05066435022)
(0.02055544703 0.01012070626 0.02784675459)
(0.01540469498 0.01046314077 0.03533426785)
(0.007531673504 0.009512216339 0.03821082877)
(0.009739355721 0.01881851005 0.04488504452)
(0.009516244335 0.0182118439 0.03769824836)
(0.01338846512 0.00873403695 0.04094956311)
(0.03128739382 0.02458986294 0.04742380352)
(0.023536214 0.02370743399 0.03937506786)
(0.01946150195 0.02414386269 0.04569696188)
(0.05627958853 0.02153024634 0.0513184111)
(0.04450502346 0.02318637751 0.04974040586)
(0.04990059844 0.01973933 0.05194440827)
(0.0386069428 0.0249538725 0.05262856393)
(0.03845723256 0.01971765933 0.05109205241)
(0.01761924435 0.02292826325 0.0521946768)
(0.02551926524 0.02291747977 0.05166789199)
(0.009815947702 0.02133752569 0.05177525893)
(0.02749557002 0.01099719036 0.04533778172)
(0.009142468253 0.0226338748 0.04077856839)
(0.01697288502 0.01567295617 0.05165033207)
(0.005118491134 0.02552030077 0.03904228878)
(0.05271936887 0.01513748767 0.05150960089)
(0.05404402897 0.01613933676 0.04167291515)
(0.008513354168 0.008941642565 0.02819527746)
(0.05198699604 0.02412985617 0.03341505118)
(0.05765216715 0.004027367655 0.03790248407)
(0.05493385674 0.01164620036 0.03133900303)
(0.04132893243 0.02515187059 0.01136095002)
(0.03566941976 0.01754195729 0.009477409494)
(0.03449735654 0.02450696821 0.01052664756)
(0.05478114156 0.02446233091 0.02769081652)
(0.02849940636 0.01541626887 0.01004611842)
(0.04892515231 0.01104963504 0.01458675279)
(0.02808978093 0.02509478354 0.01440577361)
(0.04489511446 0.0124789334 0.00939342817)
(0.03231698442 0.01096584081 0.009947605498)
(0.03671349525 0.008141754726 0.0144102498)
(0.05157534968 0.01061182694 0.008952458497)
(0.03549469799 0.01358877969 0.01408169047)
(0.04017688945 0.01153918587 0.01686297821)
(0.0252401422 0.01092402599 0.01305177784)
(0.04320650822 0.0095058604 0.01439536974)
(0.03294876791 0.02430193194 0.01632079443)
(0.02245234926 0.02209579025 0.01676658205)
(0.05036848191 0.01469928439 0.01814043503)
(0.03060709007 0.02037400081 0.01094631601)
(0.025528009 0.02024247822 0.01196594427)
(0.05493668458 0.01863346325 0.02428860134)
(0.05456583116 0.0201873264 0.03192389864)
(0.05723951595 0.02368917618 0.02186167704)
(0.03971854558 0.01777521389 0.01455611254)
(0.05603681561 0.01488298897 0.03675666305)
(0.04882578583 0.01004459814 0.03291038741)
(0.05293531359 0.02479939104 0.03911397903)
(0.04578496334 0.02399992757 0.0316574616)
(0.04727502069 0.01941705553 0.0453767584)
(0.05339106332 0.0195384351 0.04656013562)
(0.04679086433 0.014559177 0.05162193943)
(0.01581910845 0.01836922822 0.0472224176)
(0.02240449617 0.0129284687 0.05102200626)
(0.0222333693 0.01844832107 0.05009046749)
(0.01790794378 0.02079595083 0.0390728913)
(0.01130342632 0.02404748759 0.03506526116)
(0.02824799477 0.01575107373 0.0515791251)
(0.02567301861 0.009794427915 0.03924988376)
(0.03278234505 0.01094567654 0.04817812735)
(0.02640037152 0.02371078719 0.04501871654)
(0.03449676117 0.01973080142 0.04603983764)
(0.03389984813 0.01613460559 0.05133242693)
(0.04272148543 0.02372590552 0.04385493012)
(0.02360552746 0.02768904364 0.04490533373)
(0.03002690898 0.02357931234 0.03691948257)
(0.01107095571 0.01324341493 0.03628073671)
(0.01517418204 0.01220667879 0.02919240385)
(0.02705409437 0.01088803477 0.02674989859)
(0.04282077603 0.01518741639 0.0450737578)
(0.03465152228 0.01495464675 0.03230614243)
(0.03970732791 0.0114452251 0.02426784831)
(0.05034850472 0.01334574934 0.02459995268)
(0.02122551273 0.01462395391 0.01056441908)
(0.009170420101 0.0131535017 0.01698385567)
(0.01577319299 0.01886803589 0.01827427397)
(0.01154730311 0.01706266419 0.0253320674)
(0.0100415665 0.02139314198 0.00851361446)
(0.0150613264 0.02180907242 0.01095356287)
(0.01732469712 0.02395684095 0.02731960393)
(0.01537629716 0.01616019385 0.009554956546)
(0.04636966919 0.01882251579 0.01635182381)
(0.04603981114 0.02403859408 0.0249500612)
(0.05463141526 0.02600970076 0.009571618894)
(0.05393176034 0.01867902687 0.01772191876)
(0.0277555541 0.02177143442 0.03053302425)
(0.02503528392 0.02507758786 0.02020937767)
(0.03682000499 0.02334374155 0.02547904354)
(0.02061465183 0.02998144178 0.03471272762)
(0.03633706315 0.02446038292 0.03582113577)
(0.0441334839 0.01985791926 0.03832564334)
(0.05037613367 0.01896196266 0.03699039844)
(0.03704280255 0.01987913406 0.04082456332)
(0.04692046328 0.01462180643 0.03950719037)
(0.03965779725 0.01516805063 0.03744703594)
(0.03337509746 0.01896094605 0.03461026483)
(0.03676935613 0.01695478672 0.01926490646)
(0.04097756402 0.02389288836 0.02846894824)
(0.0367898709 0.0236794684 0.01794106469)
(0.03247057329 0.01945249321 0.02778779376)
(0.02830371101 0.02054785849 0.01800031418)
(0.0229834889 0.01619679077 0.02937784484)
(0.03044616274 0.02649548121 0.02758207779)
(0.02508773516 0.0206349631 0.03505955315)
(0.05095243206 0.02274887165 0.01441166464)
(0.04856023403 0.01943193351 0.02139866112)
(0.05591945353 0.01439172239 0.020779114)
(0.04975429493 0.01955124656 0.02739456465)
(0.04433159739 0.01441176665 0.01384966706)
(0.01060951586 0.01627955145 0.01190822724)
(0.0200180145 0.01909538603 0.01296381454)
(0.01675084808 0.01850737309 0.02916894511)
(0.01850602616 0.01999773746 0.008303161708)
(0.01426805691 0.01405823163 0.02126081981)
(0.01373798856 0.009025755949 0.01813401103)
(0.04664237577 0.00952496028 0.02699877983)
(0.04230866301 0.008701152128 0.03007495688)
(0.0404199587 0.006296039397 0.02122693882)
(0.03321413884 0.01445933464 0.03753630924)
(0.03057621501 0.01466443704 0.0281803537)
(0.03722194412 0.01570119267 0.04697723969)
(0.02164945987 0.01332791497 0.0218979555)
(0.02795815642 0.01022486652 0.02059230187)
(0.01538833199 0.01520175102 0.04129088508)
(0.01516879255 0.01783118633 0.03486339913)
(0.02980265951 0.01966101089 0.04090640791)
(0.03300982303 0.02146439683 0.05097349914)
(0.02234024017 0.01857126995 0.04321796066)
(0.01958305394 0.01089054871 0.04045939489)
(0.01377004375 0.02180314404 0.04142765495)
(0.02245615856 0.008084104716 0.04916871068)
(0.05081796406 0.01390554613 0.04493242632)
(0.0555719845 0.01532730752 0.02913878763)
(0.03410072799 0.01863242159 0.01526860935)
(0.03074891694 0.01142535958 0.01614872453)
(0.03092500849 0.01545038433 0.02182951846)
(0.05043083125 0.01471142747 0.03193296478)
(0.02180949877 0.01329537719 0.045445836)
(0.02109384858 0.01669338677 0.03613165319)
(0.033967016 0.01492902983 0.04303482804)
(0.02822613947 0.0173292156 0.04681462741)
(0.02756987329 0.01569945927 0.03566165011)
(0.01350595246 0.02298271022 0.0305064445)
(0.023795385 0.009614888037 0.01761011216)
(0.02257745406 0.01940055221 0.02248728404)
(0.02073660321 0.01518834624 0.01691084046)
(0.01839862045 0.01544303024 0.02495899666)
(0.03624881287 0.003867965308 0.0181356954)
(0.04318319498 0.01501828716 0.0288849748)
(0.01529058472 0.01415336035 0.01509347211)
(0.01941963019 0.0206221714 0.003544728361)
(0.01578094579 0.0197715315 0.02337855045)
(0.04205137587 0.01983799055 0.02201926596)
(0.02611482772 0.01606878345 0.0164447063)
(0.03792029036 0.01997723555 0.03056971865)
(0.03296100772 0.02019069611 0.02095419387)
(0.05502752129 0.02087868661 0.03909859433)
(0.036817731 0.01661433595 0.02580358849)
(0.04523102772 0.01517399941 0.02416899678)
(0.04482245336 0.01525176047 0.03412619006)
(0.03949787705 0.0138872797 0.03147464707)
(0.03636017673 0.009054662608 0.01851540885)
(0.02719113543 0.01770380575 0.02443242483)
(0.02646255107 0.01610465537 0.04031066823)
(0.02996553955 0.01104076227 0.05478037121)
(0.02162955482 0.00262217868 0.04524362867)
(0.04766224938 0.002739385443 0.01583743005)
(0.05091934666 0.003834175357 0.02205936491)
(0.01975971513 0.01133002582 0.05540487484)
(0.02825837449 0.005369677559 0.02244753602)
(0.02425995121 0.02002155614 0.05580914982)
(0.01238305896 0.003830320579 0.05290795307)
(0.03139381352 0.003924176239 0.003600101899)
(0.004617914517 0.02864549153 0.003788318875)
(0.03566387408 0.03157625014 0.01935592683)
(0.05693722222 0.008452913971 0.002596128116)
(0.06267430609 0.03141981654 0.009709802636)
(0.05154734231 0.008283245001 0.04562065085)
(0.04329878004 0.01998110792 0.02746214852)
(0.05964367971 0.007919390218 0.05726172402)
(0.005672485776 0.01355278712 0.05603150475)
(0.04947236455 0.01938121243 0.04143273572)
(0.02194532122 0.01305267446 0.03221802636)
(0.0470665603 0.01699128712 0.04883049509)
(0.04854651167 0.01982322065 0.03195171106)
(0.02644720226 0.007943273882 0.03063773176)
(0.0188461526 0.009637978618 0.004582486911)
(0.02935837544 0.01477777099 0.03279790945)
(0.05295897632 0.01173028964 0.03781650456)
(0.04069370875 0.01966054294 0.03376320127)
(0.0408922762 0.01944223747 0.04680219079)
(0.02206273626 0.0200854704 0.02794050606)
(0.04440669562 0.01445310416 0.01875025502)
(0.003213613897 0.002270691998 0.003244151261)
(0.06145280028 0.00254732191 0.005240083283)
(0.05600276337 0.03075912348 0.01120833498)
(0.04282219391 0.002899953094 0.02370484441)
(0 0.03423 0.061)
(0 0 0.061)
(0 0.027384 0.061)
(0 0.020538 0.061)
(0 0.013692 0.061)
(0 0.006846 0.061)
(0 0.03423 0)
(0 0.03423 0.0061)
(0 0.03423 0.0122)
(0 0.03423 0.0183)
(0 0.03423 0.0244)
(0 0.03423 0.0305)
(0 0.03423 0.0366)
(0 0.03423 0.0427)
(0 0.03423 0.0488)
(0 0.03423 0.0549)
(0 0 0)
(0 0.027384 0)
(0 0.020538 0)
(0 0.013692 0)
(0 0.006846 0)
(0 0 0.0061)
(0 0 0.0122)
(0 0 0.0183)
(0 0 0.0244)
(0 0 0.0305)
(0 0 0.0366)
(0 0 0.0427)
(0 0 0.0488)
(0 0 0.0549)
(0.064845 0 0.061)
(0.0064845 0 0.061)
(0.012969 0 0.061)
(0.0194535 0 0.061)
(0.025938 0 0.061)
(0.0324225 0 0.061)
(0.038907 0 0.061)
(0.0453915 0 0.061)
(0.051876 0 0.061)
(0.0583605 0 0.061)
(0.064845 0 0)
(0.0064845 0 0)
(0.012969 0 0)
(0.0194535 0 0)
(0.025938 0 0)
(0.0324225 0 0)
(0.038907 0 0)
(0.0453915 0 0)
(0.051876 0 0)
(0.0583605 0 0)
(0.064845 0 0.0061)
(0.064845 0 0.0122)
(0.064845 0 0.0183)
(0.064845 0 0.0244)
(0.064845 0 0.0305)
(0.064845 0 0.0366)
(0.064845 0 0.0427)
(0.064845 0 0.0488)
(0.064845 0 0.0549)
(0.064845 0.03423 0.061)
(0.064845 0.006846 0.061)
(0.064845 0.013692 0.061)
(0.064845 0.020538 0.061)
(0.064845 0.027384 0.061)
(0.064845 0.03423 0)
(0.064845 0.006846 0)
(0.064845 0.013692 0)
(0.064845 0.020538 0)
(0.064845 0.027384 0)
(0.064845 0.03423 0.0061)
(0.064845 0.03423 0.0122)
(0.064845 0.03423 0.0183)
(0.064845 0.03423 0.0244)
(0.064845 0.03423 0.0305)
(0.064845 0.03423 0.0366)
(0.064845 0.03423 0.0427)
(0.064845 0.03423 0.0488)
(0.064845 0.03423 0.0549)
(0.0583605 0.03423 0.061)
(0.051876 0.03423 0.061)
(0.0453915 0.03423 0.061)
(0.038907 0.03423 0.061)
(0.0324225 0.03423 0.061)
(0.025938 0.03423 0.061)
(0.0194535 0.03423 0.061)
(0.012969 0.03423 0.061)
(0.0064845 0.03423 0.061)
(0.0583605 0.03423 0)
(0.051876 0.03423 0)
(0.0453915 0.03423 0)
(0.038907 0.03423 0)
(0.0324225 0.03423 0)
(0.025938 0.03423 0)
(0.0194535 0.03423 0)
(0.012969 0.03423 0)
(0.0064845 0.03423 0)
(0.02211539285 0.01684578285 0.061)
(0.04179617634 0.01656326962 0.061)
(0.04868783955 0.01620343273 0.061)
(0.008485155911 0.01415305947 0.061)
(0.01128735092 0.0282918011 0.061)
(0.03762808457 0.02268408786 0.061)
(0.03556850615 0.005462312718 0.061)
(0.01600623879 0.005041855053 0.061)
(0.02896313455 0.01650202541 0.061)
(0.0578049017 0.02197449949 0.061)
(0.05305324614 0.009087250174 0.061)
(0.03209916664 0.02491375583 0.061)
(0.0256959323 0.01100868319 0.061)
(0.0176231409 0.02355191965 0.061)
(0.01479132606 0.01606482764 0.061)
(0.006430645458 0.008241490629 0.061)
(0.05520954078 0.01626290692 0.061)
(0.05464415122 0.02811370521 0.061)
(0.00933063161 0.02148062297 0.061)
(0.03221829658 0.01096692474 0.061)
(0.01894855912 0.01068331274 0.061)
(0.03522798302 0.01638781935 0.061)
(0.04180800316 0.02852863401 0.061)
(0.05953168402 0.01120660035 0.061)
(0.03869261251 0.01089291446 0.061)
(0.01240111089 0.009764938747 0.061)
(0.02636091294 0.02298580594 0.061)
(0.04754762661 0.00501099847 0.061)
(0.02252733619 0.00537080999 0.061)
(0.03532041306 0.02900337588 0.061)
(0.005156040004 0.02803742087 0.061)
(0.05877164863 0.004578558114 0.061)
(0.06046566857 0.0167728869 0.061)
(0.0167544017 0.02989957261 0.061)
(0.05168371218 0.02225988777 0.061)
(0.05971143985 0.02766925031 0.061)
(0.04842835359 0.02831859368 0.061)
(0.03206959357 0.02071769401 0.061)
(0.02251764284 0.02904345651 0.061)
(0.04193829124 0.00533872729 0.061)
(0.02912178694 0.005491008961 0.061)
(0.02910446342 0.02910523374 0.061)
(0.04503043851 0.0224546998 0.061)
(0.009801935911 0.004492465699 0.061)
(0.04531572565 0.01053899067 0.061)
(0.00423205539 0.01746257503 0.061)
(0.004520120329 0.003906509766 0.061)
(0.00380441882 0.01206297205 0.061)
(0.003743745401 0.02298052377 0.061)
(0.02210900302 0.01684834084 0)
(0.04179527571 0.01658346948 0)
(0.04874274739 0.01626606969 0)
(0.008485141902 0.01415306254 0)
(0.01128735092 0.0282918011 0)
(0.03763439351 0.02273312755 0)
(0.03555711433 0.00546409946 0)
(0.01600623879 0.005041855053 0)
(0.02897902164 0.0165623578 0)
(0.0577936475 0.02197063058 0)
(0.05305324614 0.009087250174 0)
(0.03209299843 0.02492207466 0)
(0.02568528616 0.01101263346 0)
(0.01762217304 0.02355217655 0)
(0.01479129962 0.01606483322 0)
(0.006430645458 0.008241490629 0)
(0.05523802627 0.01631739958 0)
(0.05470448982 0.02813962515 0)
(0.009330486532 0.02148066112 0)
(0.03225601483 0.01101980702 0)
(0.01894588033 0.01068422754 0)
(0.0352678632 0.01647327903 0)
(0.04180439426 0.02858046731 0)
(0.05953571188 0.01121556095 0)
(0.0387237885 0.01093384236 0)
(0.01240102999 0.009764957113 0)
(0.02635470598 0.02299420952 0)
(0.04753344618 0.0050102464 0)
(0.02252364955 0.005372019449 0)
(0.03531470767 0.02901954079 0)
(0.005156037421 0.02803742142 0)
(0.05877164863 0.004578558114 0)
(0.06046135025 0.01677215785 0)
(0.0167541775 0.02989963046 0)
(0.05171180184 0.02230194544 0)
(0.05971143985 0.02766925031 0)
(0.04846388134 0.02837806267 0)
(0.03206287567 0.02075435395 0)
(0.02251466429 0.02904477555 0)
(0.04192039065 0.005337546748 0)
(0.02911299203 0.00549340064 0)
(0.02909830934 0.02910914149 0)
(0.04506317304 0.02252436618 0)
(0.009801922318 0.004492468785 0)
(0.04533968861 0.01057013205 0)
(0.004232028445 0.01746258199 0)
(0.004520119679 0.003906509914 0)
(0.003804418303 0.01206297216 0)
(0.00374371048 0.02298053291 0)
(0.03247345308 0.03423 0.04146362101)
(0.04070178318 0.03423 0.01985150078)
(0.0184604963 0.03423 0.02199830974)
(0.01347566886 0.03423 0.03769740497)
(0.04965979333 0.03423 0.03834164266)
(0.05174090606 0.03423 0.01541944448)
(0.04223393277 0.03423 0.05385957831)
(0.02258116418 0.03423 0.055802903)
(0.03644494944 0.03423 0.01365624748)
(0.0240240068 0.03423 0.006895701966)
(0.01596395262 0.03423 0.007484447702)
(0.05079883032 0.03423 0.03001196185)
(0.0504664445 0.03423 0.05274904409)
(0.01521982797 0.03423 0.04522091342)
(0.0223203474 0.03423 0.02792050535)
(0.03503718699 0.03423 0.03367427788)
(0.01181070087 0.03423 0.02480639338)
(0.0287813611 0.03423 0.05518354326)
(0.01018544627 0.03423 0.01213987714)
(0.02832465536 0.03423 0.01999444452)
(0.00688977939 0.03423 0.03528882324)
(0.02422692631 0.03423 0.04437082573)
(0.05805029929 0.03423 0.04742386836)
(0.05503742922 0.03423 0.008596755352)
(0.04823663671 0.03423 0.007499560023)
(0.007090008162 0.03423 0.05049394069)
(0.05785189753 0.03423 0.04073101413)
(0.05791413141 0.03423 0.02712537911)
(0.04056873053 0.03423 0.03991040677)
(0.04551209521 0.03423 0.04622203184)
(0.03784653427 0.03423 0.04736479137)
(0.008474248318 0.03423 0.04231612129)
(0.04413481772 0.03423 0.0138400943)
(0.01663600989 0.03423 0.01498793243)
(0.04318975136 0.03423 0.0322478307)
(0.04511999971 0.03423 0.02518203011)
(0.01370767232 0.03423 0.05200159295)
(0.04131311125 0.03423 0.006840861622)
(0.02602196953 0.03423 0.03517726163)
(0.005795171652 0.03423 0.02153906376)
(0.02623321639 0.03423 0.01373331672)
(0.0379539673 0.03423 0.02636666493)
(0.01224649469 0.03423 0.03110946844)
(0.0348266801 0.03423 0.005903861859)
(0.05869635796 0.03423 0.01427804777)
(0.05797784587 0.03423 0.02076414471)
(0.05169601712 0.03423 0.02299831326)
(0.03103520215 0.03423 0.04831282543)
(0.02974684256 0.03423 0.02661425431)
(0.006164036682 0.03423 0.02793982702)
(0.03522971798 0.03423 0.05440269121)
(0.00765426304 0.03423 0.006232401722)
(0.05760304327 0.03423 0.03393033757)
(0.05805818748 0.03423 0.05435823263)
(0.01137534932 0.03423 0.01846260321)
(0.01842365995 0.03423 0.03313273658)
(0.05229713584 0.03423 0.04510672782)
(0.04662438934 0.03423 0.01948691928)
(0.02250911363 0.03423 0.01761604921)
(0.01665233984 0.03423 0.0277934827)
(0.01025812718 0.03423 0.05621235867)
(0.01959888433 0.03423 0.05069517843)
(0.06050361218 0.03423 0.00930014657)
(0.004786113821 0.03423 0.05674058377)
(0.01949246866 0.03423 0.03911890422)
(0.02525789224 0.03423 0.05085555409)
(0.05917106238 0.03423 0.005083333274)
(0.03035103376 0.03423 0.01010605966)
(0.0295023803 0.03423 0.004525876999)
(0.003908017233 0.03423 0.04492237569)
(0.02106355692 0.03423 0.01216007277)
(0.00389513772 0.03423 0.04034048641)
(0.02427229105 0.03423 0.02282871263)
(0.03404365081 0.03423 0.02037385172)
(0.005085849673 0.03423 0.01531527877)
(0.01645734744 0.03423 0.05608314221)
(0.03106481492 0.03423 0.0156239747)
(0.004585111797 0.03423 0.01039751153)
(0.064845 0.01644659389 0.04241186983)
(0.064845 0.01667425873 0.02124106858)
(0.064845 0.01560689887 0.01418848953)
(0.064845 0.01471656128 0.05359904676)
(0.064845 0.02773298407 0.05120933857)
(0.064845 0.0225533214 0.02400232394)
(0.064845 0.005934832052 0.02736194445)
(0.064845 0.02407585943 0.01435216962)
(0.064845 0.007364328331 0.04892415137)
(0.064845 0.018408083 0.03289309907)
(0.064845 0.02444388662 0.03530673177)
(0.064845 0.007719476113 0.009052253059)
(0.064845 0.02505734643 0.04039628304)
(0.064845 0.02115890351 0.007913999336)
(0.064845 0.02218126496 0.04520969976)
(0.064845 0.01632138904 0.04767177931)
(0.064845 0.01477281584 0.007700706815)
(0.064845 0.02067107303 0.05181843617)
(0.064845 0.01163104484 0.02440672632)
(0.064845 0.02856908138 0.0269234975)
(0.064845 0.007649003583 0.05446324643)
(0.064845 0.02860963308 0.0101194587)
(0.064845 0.01202887134 0.03021119785)
(0.064845 0.02783083553 0.02024457876)
(0.064845 0.005812597204 0.03320998537)
(0.064845 0.01290035036 0.03651083595)
(0.064845 0.01049970129 0.04430316979)
(0.064845 0.02413957234 0.05646960852)
(0.064845 0.01080831564 0.004086854291)
(0.064845 0.02011437895 0.03856231661)
(0.064845 0.02795450042 0.005083333313)
(0.064845 0.00509464382 0.003841664435)
(0.064845 0.02887003249 0.04445254173)
(0.064845 0.02956092469 0.05690910992)
(0.064845 0.02981446729 0.01503071209)
(0.064845 0.005453548587 0.03974700655)
(0.064845 0.006132840509 0.02150821553)
(0.064845 0.007681791827 0.01529124929)
(0.064845 0.02344153562 0.02980422095)
(0.064845 0.02133569463 0.01876690911)
(0.064845 0.01154937434 0.01928937311)
(0.064845 0.01131019671 0.04979227873)
(0.064845 0.003708250045 0.04549583358)
(0.064845 0.02962621652 0.0385205028)
(0.064845 0.003716344155 0.05052599375)
(0.064845 0.0174685225 0.02703366873)
(0.064845 0.01655461695 0.003953837374)
(0.064845 0.01871755944 0.05680830537)
(0.064845 0.02909861212 0.03293076259)
(0.0309218203 0 0.01980119253)
(0.03899754772 0 0.04200202491)
(0.01837597682 0 0.03821246792)
(0.01591124773 0 0.02213038627)
(0.04950628799 0 0.02317585572)
(0.05189006232 0 0.04395189684)
(0.04196691254 0 0.007143084589)
(0.018345053 0 0.01521213039)
(0.02996035097 0 0.05419349925)
(0.0149743267 0 0.05395890837)
(0.051112876 0 0.03275608875)
(0.05037655013 0 0.008301723626)
(0.02293316924 0 0.03316425474)
(0.04098164311 0 0.04841608841)
(0.03454612826 0 0.0278518906)
(0.02986572806 0 0.01196450655)
(0.006418699297 0 0.03311346685)
(0.006442086679 0 0.03924086546)
(0.006399102277 0 0.01368423093)
(0.02538198928 0 0.03982298544)
(0.01926566441 0 0.04612697524)
(0.05801383441 0 0.01359448001)
(0.04935051983 0 0.05452772652)
(0.05520114258 0 0.05019241829)
(0.0578730089 0 0.0205215519)
(0.01720835759 0 0.03252244652)
(0.05900738011 0 0.03421043001)
(0.03999191924 0 0.02144063649)
(0.0228158625 0 0.02123510689)
(0.01028062875 0 0.02312267527)
(0.01705294515 0 0.007088160854)
(0.0451788498 0 0.01491497074)
(0.03436138506 0 0.04779914528)
(0.008195276884 0 0.05133353057)
(0.0427014423 0 0.02950513554)
(0.02326129531 0 0.01035275683)
(0.04412153942 0 0.03691710841)
(0.03714104282 0 0.01357334258)
(0.0228568665 0 0.05390101294)
(0.02981930973 0 0.03398872104)
(0.01303310667 0 0.04210040416)
(0.036635907 0 0.05444584574)
(0.02795822888 0 0.005888082401)
(0.02733268199 0 0.04713088564)
(0.03473652183 0 0.006484604547)
(0.01236837956 0 0.03556973087)
(0.04544974485 0 0.0431140532)
(0.01154558196 0 0.0178277839)
(0.02680070294 0 0.02722078462)
(0.0586911152 0 0.04390844742)
(0.004898113508 0 0.007795251288)
(0.03216983571 0 0.04094169571)
(0.05784835408 0 0.02757129596)
(0.05806060056 0 0.00663850213)
(0.05217957693 0 0.01608767969)
(0.05509165307 0 0.0388257076)
(0.01259574144 0 0.02828133139)
(0.04310661621 0 0.05463688271)
(0.01268464068 0 0.0121449451)
(0.05485495795 0 0.05639908734)
(0.009551333238 0 0.0565570991)
(0.0197108469 0 0.02742571841)
(0.02273279387 0 0.004665800017)
(0.02508936649 0 0.01570993363)
(0.005789566834 0 0.02669419522)
(0.04739324318 0 0.04858366654)
(0.05957634613 0 0.05540833428)
(0.0604721528 0 0.0392203557)
(0.005133562605 0 0.05549305657)
(0.03704157503 0 0.03515487337)
(0.04951347502 0 0.03908708799)
(0.006700770731 0 0.04532793072)
(0.01246307809 0 0.04777603263)
(0.010104374 0 0.006841956688)
(0.005652819351 0 0.02067233543)
(0 0.01902705911 0.01958694154)
(0 0.0157285964 0.04106953052)
(0 0.01962631487 0.05381784948)
(0 0.02038122173 0.01354415029)
(0 0.006378732796 0.05159665487)
(0 0.005170956905 0.03298413533)
(0 0.02850996229 0.0339505899)
(0 0.008872712629 0.01643783718)
(0 0.02690001235 0.04766910483)
(0 0.02693209734 0.01031637833)
(0 0.008175729457 0.0230075965)
(0 0.009566146944 0.04165211194)
(0 0.01200100239 0.008940461927)
(0 0.01129154878 0.04662410759)
(0 0.02852841233 0.04122929746)
(0 0.02017471217 0.008489227432)
(0 0.01748733962 0.04796412568)
(0 0.02875499034 0.02735949077)
(0 0.01340326524 0.05222158749)
(0 0.02243280567 0.0373577809)
(0 0.01049579023 0.03615213192)
(0 0.02655746503 0.05438147039)
(0 0.005704999057 0.01016666663)
(0 0.01087397206 0.02855944983)
(0 0.02973586654 0.0158959253)
(0 0.02362173082 0.02369506938)
(0 0.02227652277 0.0441967997)
(0 0.02290158349 0.03036256035)
(0 0.01005707078 0.05659846795)
(0 0.0232921574 0.004638151576)
(0 0.01328394086 0.02147560435)
(0 0.006275499579 0.005083333313)
(0 0.02915830084 0.004200679962)
(0 0.005379649861 0.04510481924)
(0 0.004656360716 0.05701902456)
(0 0.003761029554 0.01557350518)
(0 0.004227436083 0.02076302209)
(0 0.02910783852 0.02120149548)
(0 0.005102090657 0.03919886641)
(0 0.01506977845 0.01506476495)
(0 0.02425452003 0.01746289205)
(0 0.004717294397 0.02672683448)
(0 0.02257526249 0.0496159649)
(0 0.03089658233 0.04617332888)
(0 0.03056582915 0.05041776767)
(0 0.01703813351 0.01029662176)
(0 0.01768439344 0.0261970361)
(0 0.01665175674 0.03333790747)
(0 0.01776139863 0.005393416569)
(0 0.01546333018 0.05692758099)
)


// ************************************************************************* //
