/*--------------------------------*- C++ -*----------------------------------*\
| =========                 |                                                 |
| \\      /  F ield         | foam-extend: Open Source CFD                    |
|  \\    /   O peration     | Version:     4.0                                |
|   \\  /    A nd           | Web:         http://www.foam-extend.org         |
|    \\/     M anipulation  |                                                 |
\*---------------------------------------------------------------------------*/
FoamFile
{
    version     2.0;
    format      ascii;
    class       faceList;
    location    "constant/polyMesh";
    object      faces;
}
// * * * * * * * * * * * * * * * * * * * * * * * * * * * * * * * * * * * * * //


342
(
4(1 11 111 101)
4(10 110 111 11)
4(2 12 112 102)
4(11 111 112 12)
4(3 13 113 103)
4(12 112 113 13)
4(4 14 114 104)
4(13 113 114 14)
4(5 15 115 105)
4(14 114 115 15)
4(6 16 116 106)
4(15 115 116 16)
4(7 17 117 107)
4(16 116 117 17)
4(8 18 118 108)
4(17 117 118 18)
4(18 118 119 19)
4(11 21 121 111)
4(20 120 121 21)
4(12 22 122 112)
4(21 121 122 22)
4(13 23 123 113)
4(22 122 123 23)
4(14 24 124 114)
4(23 123 124 24)
4(15 25 125 115)
4(24 124 125 25)
4(16 26 126 116)
4(25 125 126 26)
4(17 27 127 117)
4(26 126 127 27)
4(18 28 128 118)
4(27 127 128 28)
4(28 128 129 29)
4(21 31 131 121)
4(30 130 131 31)
4(22 32 132 122)
4(31 131 132 32)
4(23 33 133 123)
4(32 132 133 33)
4(24 34 134 124)
4(33 133 134 34)
4(25 35 135 125)
4(34 134 135 35)
4(26 36 136 126)
4(35 135 136 36)
4(27 37 137 127)
4(36 136 137 37)
4(28 38 138 128)
4(37 137 138 38)
4(38 138 139 39)
4(31 41 141 131)
4(40 140 141 41)
4(32 42 142 132)
4(41 141 142 42)
4(33 43 143 133)
4(42 142 143 43)
4(34 44 144 134)
4(43 143 144 44)
4(35 45 145 135)
4(44 144 145 45)
4(36 46 146 136)
4(45 145 146 46)
4(37 47 147 137)
4(46 146 147 47)
4(38 48 148 138)
4(47 147 148 48)
4(48 148 149 49)
4(41 51 151 141)
4(50 150 151 51)
4(42 52 152 142)
4(51 151 152 52)
4(43 53 153 143)
4(52 152 153 53)
4(44 54 154 144)
4(53 153 154 54)
4(45 55 155 145)
4(54 154 155 55)
4(46 56 156 146)
4(55 155 156 56)
4(47 57 157 147)
4(56 156 157 57)
4(48 58 158 148)
4(57 157 158 58)
4(58 158 159 59)
4(51 61 161 151)
4(60 160 161 61)
4(52 62 162 152)
4(61 161 162 62)
4(53 63 163 153)
4(62 162 163 63)
4(54 64 164 154)
4(63 163 164 64)
4(55 65 165 155)
4(64 164 165 65)
4(56 66 166 156)
4(65 165 166 66)
4(57 67 167 157)
4(66 166 167 67)
4(58 68 168 158)
4(67 167 168 68)
4(68 168 169 69)
4(61 71 171 161)
4(70 170 171 71)
4(62 72 172 162)
4(71 171 172 72)
4(63 73 173 163)
4(72 172 173 73)
4(64 74 174 164)
4(73 173 174 74)
4(65 75 175 165)
4(74 174 175 75)
4(66 76 176 166)
4(75 175 176 76)
4(67 77 177 167)
4(76 176 177 77)
4(68 78 178 168)
4(77 177 178 78)
4(78 178 179 79)
4(71 81 181 171)
4(80 180 181 81)
4(72 82 182 172)
4(81 181 182 82)
4(73 83 183 173)
4(82 182 183 83)
4(74 84 184 174)
4(83 183 184 84)
4(75 85 185 175)
4(84 184 185 85)
4(76 86 186 176)
4(85 185 186 86)
4(77 87 187 177)
4(86 186 187 87)
4(78 88 188 178)
4(87 187 188 88)
4(88 188 189 89)
4(81 91 191 181)
4(82 92 192 182)
4(83 93 193 183)
4(84 94 194 184)
4(85 95 195 185)
4(86 96 196 186)
4(87 97 197 187)
4(88 98 198 188)
4(90 190 191 91)
4(91 191 192 92)
4(92 192 193 93)
4(93 193 194 94)
4(94 194 195 95)
4(95 195 196 96)
4(96 196 197 97)
4(97 197 198 98)
4(98 198 199 99)
4(0 100 110 10)
4(10 110 120 20)
4(20 120 130 30)
4(30 130 140 40)
4(40 140 150 50)
4(50 150 160 60)
4(60 160 170 70)
4(70 170 180 80)
4(80 180 190 90)
4(9 19 119 109)
4(19 29 129 119)
4(29 39 139 129)
4(39 49 149 139)
4(49 59 159 149)
4(59 69 169 159)
4(69 79 179 169)
4(79 89 189 179)
4(89 99 199 189)
4(0 1 101 100)
4(1 2 102 101)
4(2 3 103 102)
4(3 4 104 103)
4(4 5 105 104)
4(5 6 106 105)
4(6 7 107 106)
4(7 8 108 107)
4(8 9 109 108)
4(0 10 11 1)
4(10 20 21 11)
4(20 30 31 21)
4(30 40 41 31)
4(40 50 51 41)
4(50 60 61 51)
4(60 70 71 61)
4(70 80 81 71)
4(80 90 91 81)
4(1 11 12 2)
4(11 21 22 12)
4(21 31 32 22)
4(31 41 42 32)
4(41 51 52 42)
4(51 61 62 52)
4(61 71 72 62)
4(71 81 82 72)
4(81 91 92 82)
4(2 12 13 3)
4(12 22 23 13)
4(22 32 33 23)
4(32 42 43 33)
4(42 52 53 43)
4(52 62 63 53)
4(62 72 73 63)
4(72 82 83 73)
4(82 92 93 83)
4(3 13 14 4)
4(13 23 24 14)
4(23 33 34 24)
4(33 43 44 34)
4(43 53 54 44)
4(53 63 64 54)
4(63 73 74 64)
4(73 83 84 74)
4(83 93 94 84)
4(4 14 15 5)
4(14 24 25 15)
4(24 34 35 25)
4(34 44 45 35)
4(44 54 55 45)
4(54 64 65 55)
4(64 74 75 65)
4(74 84 85 75)
4(84 94 95 85)
4(5 15 16 6)
4(15 25 26 16)
4(25 35 36 26)
4(35 45 46 36)
4(45 55 56 46)
4(55 65 66 56)
4(65 75 76 66)
4(75 85 86 76)
4(85 95 96 86)
4(6 16 17 7)
4(16 26 27 17)
4(26 36 37 27)
4(36 46 47 37)
4(46 56 57 47)
4(56 66 67 57)
4(66 76 77 67)
4(76 86 87 77)
4(86 96 97 87)
4(7 17 18 8)
4(17 27 28 18)
4(27 37 38 28)
4(37 47 48 38)
4(47 57 58 48)
4(57 67 68 58)
4(67 77 78 68)
4(77 87 88 78)
4(87 97 98 88)
4(8 18 19 9)
4(18 28 29 19)
4(28 38 39 29)
4(38 48 49 39)
4(48 58 59 49)
4(58 68 69 59)
4(68 78 79 69)
4(78 88 89 79)
4(88 98 99 89)
4(100 101 111 110)
4(110 111 121 120)
4(120 121 131 130)
4(130 131 141 140)
4(140 141 151 150)
4(150 151 161 160)
4(160 161 171 170)
4(170 171 181 180)
4(180 181 191 190)
4(101 102 112 111)
4(111 112 122 121)
4(121 122 132 131)
4(131 132 142 141)
4(141 142 152 151)
4(151 152 162 161)
4(161 162 172 171)
4(171 172 182 181)
4(181 182 192 191)
4(102 103 113 112)
4(112 113 123 122)
4(122 123 133 132)
4(132 133 143 142)
4(142 143 153 152)
4(152 153 163 162)
4(162 163 173 172)
4(172 173 183 182)
4(182 183 193 192)
4(103 104 114 113)
4(113 114 124 123)
4(123 124 134 133)
4(133 134 144 143)
4(143 144 154 153)
4(153 154 164 163)
4(163 164 174 173)
4(173 174 184 183)
4(183 184 194 193)
4(104 105 115 114)
4(114 115 125 124)
4(124 125 135 134)
4(134 135 145 144)
4(144 145 155 154)
4(154 155 165 164)
4(164 165 175 174)
4(174 175 185 184)
4(184 185 195 194)
4(105 106 116 115)
4(115 116 126 125)
4(125 126 136 135)
4(135 136 146 145)
4(145 146 156 155)
4(155 156 166 165)
4(165 166 176 175)
4(175 176 186 185)
4(185 186 196 195)
4(106 107 117 116)
4(116 117 127 126)
4(126 127 137 136)
4(136 137 147 146)
4(146 147 157 156)
4(156 157 167 166)
4(166 167 177 176)
4(176 177 187 186)
4(186 187 197 196)
4(107 108 118 117)
4(117 118 128 127)
4(127 128 138 137)
4(137 138 148 147)
4(147 148 158 157)
4(157 158 168 167)
4(167 168 178 177)
4(177 178 188 187)
4(187 188 198 197)
4(108 109 119 118)
4(118 119 129 128)
4(128 129 139 138)
4(138 139 149 148)
4(148 149 159 158)
4(158 159 169 168)
4(168 169 179 178)
4(178 179 189 188)
4(188 189 199 198)
)


// ************************************************************************* //
