/*--------------------------------*- C++ -*----------------------------------*\
| =========                 |                                                 |
| \\      /  F ield         | foam-extend: Open Source CFD                    |
|  \\    /   O peration     | Version:     4.0                                |
|   \\  /    A nd           | Web:         http://www.foam-extend.org         |
|    \\/     M anipulation  |                                                 |
\*---------------------------------------------------------------------------*/
FoamFile
{
    version     2.0;
    format      ascii;
    class       labelList;
    note        "nPoints: 200 nCells: 81 nFaces: 342 nInternalFaces: 144";
    location    "constant/polyMesh";
    object      owner;
}
// * * * * * * * * * * * * * * * * * * * * * * * * * * * * * * * * * * * * * //


342
(
0
0
1
1
2
2
3
3
4
4
5
5
6
6
7
7
8
9
9
10
10
11
11
12
12
13
13
14
14
15
15
16
16
17
18
18
19
19
20
20
21
21
22
22
23
23
24
24
25
25
26
27
27
28
28
29
29
30
30
31
31
32
32
33
33
34
34
35
36
36
37
37
38
38
39
39
40
40
41
41
42
42
43
43
44
45
45
46
46
47
47
48
48
49
49
50
50
51
51
52
52
53
54
54
55
55
56
56
57
57
58
58
59
59
60
60
61
61
62
63
63
64
64
65
65
66
66
67
67
68
68
69
69
70
70
71
72
73
74
75
76
77
78
79
72
73
74
75
76
77
78
79
80
0
9
18
27
36
45
54
63
72
8
17
26
35
44
53
62
71
80
0
1
2
3
4
5
6
7
8
0
9
18
27
36
45
54
63
72
1
10
19
28
37
46
55
64
73
2
11
20
29
38
47
56
65
74
3
12
21
30
39
48
57
66
75
4
13
22
31
40
49
58
67
76
5
14
23
32
41
50
59
68
77
6
15
24
33
42
51
60
69
78
7
16
25
34
43
52
61
70
79
8
17
26
35
44
53
62
71
80
0
9
18
27
36
45
54
63
72
1
10
19
28
37
46
55
64
73
2
11
20
29
38
47
56
65
74
3
12
21
30
39
48
57
66
75
4
13
22
31
40
49
58
67
76
5
14
23
32
41
50
59
68
77
6
15
24
33
42
51
60
69
78
7
16
25
34
43
52
61
70
79
8
17
26
35
44
53
62
71
80
)


// ************************************************************************* //
