/*--------------------------------*- C++ -*----------------------------------*\
| =========                 |                                                 |
| \\      /  F ield         | foam-extend: Open Source CFD                    |
|  \\    /   O peration     | Version:     4.0                                |
|   \\  /    A nd           | Web:         http://www.foam-extend.org         |
|    \\/     M anipulation  |                                                 |
\*---------------------------------------------------------------------------*/
FoamFile
{
    version     2.0;
    format      ascii;
    class       vectorField;
    location    "constant/polyMesh";
    object      points;
}
// * * * * * * * * * * * * * * * * * * * * * * * * * * * * * * * * * * * * * //


200
(
(0 0 0)
(0.1111111111 0 0)
(0.2222222222 0 0)
(0.3333333333 0 0)
(0.4444444444 0 0)
(0.5555555556 0 0)
(0.6666666667 0 0)
(0.7777777778 0 0)
(0.8888888889 0 0)
(1 0 0)
(0 0.1111111111 0)
(0.1111111111 0.1111111111 0)
(0.2222222222 0.1111111111 0)
(0.3333333333 0.1111111111 0)
(0.4444444444 0.1111111111 0)
(0.5555555556 0.1111111111 0)
(0.6666666667 0.1111111111 0)
(0.7777777778 0.1111111111 0)
(0.8888888889 0.1111111111 0)
(1 0.1111111111 0)
(0 0.2222222222 0)
(0.1111111111 0.2222222222 0)
(0.2222222222 0.2222222222 0)
(0.3333333333 0.2222222222 0)
(0.4444444444 0.2222222222 0)
(0.5555555556 0.2222222222 0)
(0.6666666667 0.2222222222 0)
(0.7777777778 0.2222222222 0)
(0.8888888889 0.2222222222 0)
(1 0.2222222222 0)
(0 0.3333333333 0)
(0.1111111111 0.3333333333 0)
(0.2222222222 0.3333333333 0)
(0.3333333333 0.3333333333 0)
(0.4444444444 0.3333333333 0)
(0.5555555556 0.3333333333 0)
(0.6666666667 0.3333333333 0)
(0.7777777778 0.3333333333 0)
(0.8888888889 0.3333333333 0)
(1 0.3333333333 0)
(0 0.4444444444 0)
(0.1111111111 0.4444444444 0)
(0.2222222222 0.4444444444 0)
(0.3333333333 0.4444444444 0)
(0.4444444444 0.4444444444 0)
(0.5555555556 0.4444444444 0)
(0.6666666667 0.4444444444 0)
(0.7777777778 0.4444444444 0)
(0.8888888889 0.4444444444 0)
(1 0.4444444444 0)
(0 0.5555555556 0)
(0.1111111111 0.5555555556 0)
(0.2222222222 0.5555555556 0)
(0.3333333333 0.5555555556 0)
(0.4444444444 0.5555555556 0)
(0.5555555556 0.5555555556 0)
(0.6666666667 0.5555555556 0)
(0.7777777778 0.5555555556 0)
(0.8888888889 0.5555555556 0)
(1 0.5555555556 0)
(0 0.6666666667 0)
(0.1111111111 0.6666666667 0)
(0.2222222222 0.6666666667 0)
(0.3333333333 0.6666666667 0)
(0.4444444444 0.6666666667 0)
(0.5555555556 0.6666666667 0)
(0.6666666667 0.6666666667 0)
(0.7777777778 0.6666666667 0)
(0.8888888889 0.6666666667 0)
(1 0.6666666667 0)
(0 0.7777777778 0)
(0.1111111111 0.7777777778 0)
(0.2222222222 0.7777777778 0)
(0.3333333333 0.7777777778 0)
(0.4444444444 0.7777777778 0)
(0.5555555556 0.7777777778 0)
(0.6666666667 0.7777777778 0)
(0.7777777778 0.7777777778 0)
(0.8888888889 0.7777777778 0)
(1 0.7777777778 0)
(0 0.8888888889 0)
(0.1111111111 0.8888888889 0)
(0.2222222222 0.8888888889 0)
(0.3333333333 0.8888888889 0)
(0.4444444444 0.8888888889 0)
(0.5555555556 0.8888888889 0)
(0.6666666667 0.8888888889 0)
(0.7777777778 0.8888888889 0)
(0.8888888889 0.8888888889 0)
(1 0.8888888889 0)
(0 1 0)
(0.1111111111 1 0)
(0.2222222222 1 0)
(0.3333333333 1 0)
(0.4444444444 1 0)
(0.5555555556 1 0)
(0.6666666667 1 0)
(0.7777777778 1 0)
(0.8888888889 1 0)
(1 1 0)
(0 0 1)
(0.1111111111 0 1)
(0.2222222222 0 1)
(0.3333333333 0 1)
(0.4444444444 0 1)
(0.5555555556 0 1)
(0.6666666667 0 1)
(0.7777777778 0 1)
(0.8888888889 0 1)
(1 0 1)
(0 0.1111111111 1)
(0.1111111111 0.1111111111 1)
(0.2222222222 0.1111111111 1)
(0.3333333333 0.1111111111 1)
(0.4444444444 0.1111111111 1)
(0.5555555556 0.1111111111 1)
(0.6666666667 0.1111111111 1)
(0.7777777778 0.1111111111 1)
(0.8888888889 0.1111111111 1)
(1 0.1111111111 1)
(0 0.2222222222 1)
(0.1111111111 0.2222222222 1)
(0.2222222222 0.2222222222 1)
(0.3333333333 0.2222222222 1)
(0.4444444444 0.2222222222 1)
(0.5555555556 0.2222222222 1)
(0.6666666667 0.2222222222 1)
(0.7777777778 0.2222222222 1)
(0.8888888889 0.2222222222 1)
(1 0.2222222222 1)
(0 0.3333333333 1)
(0.1111111111 0.3333333333 1)
(0.2222222222 0.3333333333 1)
(0.3333333333 0.3333333333 1)
(0.4444444444 0.3333333333 1)
(0.5555555556 0.3333333333 1)
(0.6666666667 0.3333333333 1)
(0.7777777778 0.3333333333 1)
(0.8888888889 0.3333333333 1)
(1 0.3333333333 1)
(0 0.4444444444 1)
(0.1111111111 0.4444444444 1)
(0.2222222222 0.4444444444 1)
(0.3333333333 0.4444444444 1)
(0.4444444444 0.4444444444 1)
(0.5555555556 0.4444444444 1)
(0.6666666667 0.4444444444 1)
(0.7777777778 0.4444444444 1)
(0.8888888889 0.4444444444 1)
(1 0.4444444444 1)
(0 0.5555555556 1)
(0.1111111111 0.5555555556 1)
(0.2222222222 0.5555555556 1)
(0.3333333333 0.5555555556 1)
(0.4444444444 0.5555555556 1)
(0.5555555556 0.5555555556 1)
(0.6666666667 0.5555555556 1)
(0.7777777778 0.5555555556 1)
(0.8888888889 0.5555555556 1)
(1 0.5555555556 1)
(0 0.6666666667 1)
(0.1111111111 0.6666666667 1)
(0.2222222222 0.6666666667 1)
(0.3333333333 0.6666666667 1)
(0.4444444444 0.6666666667 1)
(0.5555555556 0.6666666667 1)
(0.6666666667 0.6666666667 1)
(0.7777777778 0.6666666667 1)
(0.8888888889 0.6666666667 1)
(1 0.6666666667 1)
(0 0.7777777778 1)
(0.1111111111 0.7777777778 1)
(0.2222222222 0.7777777778 1)
(0.3333333333 0.7777777778 1)
(0.4444444444 0.7777777778 1)
(0.5555555556 0.7777777778 1)
(0.6666666667 0.7777777778 1)
(0.7777777778 0.7777777778 1)
(0.8888888889 0.7777777778 1)
(1 0.7777777778 1)
(0 0.8888888889 1)
(0.1111111111 0.8888888889 1)
(0.2222222222 0.8888888889 1)
(0.3333333333 0.8888888889 1)
(0.4444444444 0.8888888889 1)
(0.5555555556 0.8888888889 1)
(0.6666666667 0.8888888889 1)
(0.7777777778 0.8888888889 1)
(0.8888888889 0.8888888889 1)
(1 0.8888888889 1)
(0 1 1)
(0.1111111111 1 1)
(0.2222222222 1 1)
(0.3333333333 1 1)
(0.4444444444 1 1)
(0.5555555556 1 1)
(0.6666666667 1 1)
(0.7777777778 1 1)
(0.8888888889 1 1)
(1 1 1)
)


// ************************************************************************* //
