/*--------------------------------*- C++ -*----------------------------------*\
| =========                 |                                                 |
| \\      /  F ield         | foam-extend: Open Source CFD                    |
|  \\    /   O peration     | Version:     4.0                                |
|   \\  /    A nd           | Web:         http://www.foam-extend.org         |
|    \\/     M anipulation  |                                                 |
\*---------------------------------------------------------------------------*/
FoamFile
{
    version     2.0;
    format      ascii;
    class       vectorField;
    location    "constant/polyMesh";
    object      points;
}
// * * * * * * * * * * * * * * * * * * * * * * * * * * * * * * * * * * * * * //


1722
(
(0.5 0 0)
(0.529850932 0 0)
(0.5623406386 0 0)
(0.5977023833 0 0)
(0.6361900497 0 0)
(0.6780799642 0 0)
(0.7236728803 0 0)
(0.7732961371 0 0)
(0.8273060105 0 0)
(0.8860902704 0 0)
(0.9500709648 0 0)
(1.01970745 0 0)
(1.09549969 0 0)
(1.177991842 0 0)
(1.267776168 0 0)
(1.365497286 0 0)
(1.471856794 0 0)
(1.587618312 0 0)
(1.713612963 0 0)
(1.85074534 0 0)
(2 0 0)
(0.4996015997 0.01962871562 0)
(0.5294604601 0.02122815411 0)
(0.561958796 0.02296898041 0)
(0.5973299328 0.02486369297 0)
(0.6358278215 0.02692589509 0)
(0.677728862 0.02917039258 0)
(0.7233338875 0.03161330006 0)
(0.7729703243 0.03427215665 0)
(0.8269945428 0.03716605192 0)
(0.8857944157 0.0403157629 0)
(0.9497921034 0.04374390329 0)
(1.019447084 0.0474750858 0)
(1.095259454 0.05153609889 0)
(1.177773516 0.05595609904 0)
(1.26758169 0.06076682013 0)
(1.365328762 0.06600280127 0)
(1.471716519 0.07170163477 0)
(1.587508783 0.07790423604 0)
(1.713536899 0.08465513735 0)
(1.850705698 0.09200280753 0)
(2 0.1 0)
(0.4984345747 0.03922675767 0)
(0.5283166596 0.04242624508 0)
(0.560840273 0.04590856206 0)
(0.5962389218 0.0496987103 0)
(0.6347667546 0.05382390157 0)
(0.6767003862 0.05831375316 0)
(0.7223408837 0.06320050045 0)
(0.7720159283 0.06851922839 0)
(0.8260821673 0.07430812337 0)
(0.8849277754 0.0806087474 0)
(0.9489752411 0.08746633653 0)
(1.0186844 0.09493012556 0)
(1.094555738 0.1030537016 0)
(1.17713398 0.1118953888 0)
(1.267012007 0.121518667 0)
(1.364835108 0.1319926276 0)
(1.471305614 0.1433924695 0)
(1.587187943 0.1558000393 0)
(1.713314085 0.1693044183 0)
(1.850589575 0.1840025629 0)
(2 0.2 0)
(0.4965007165 0.05876403977 0)
(0.5264212864 0.06356478527 0)
(0.5589867868 0.06878990898 0)
(0.5944310254 0.07447692527 0)
(0.633008478 0.08066666471 0)
(0.6749961156 0.08740356722 0)
(0.7206953933 0.09473600114 0)
(0.7704344141 0.1027166105 0)
(0.8245702847 0.1114026929 0)
(0.8834916798 0.1208566112 0)
(0.9476216319 0.1311462407 0)
(1.017420569 0.142345457 0)
(1.093389621 0.1545346661 0)
(1.176074215 0.1678013818 0)
(1.266067996 0.1822408539 0)
(1.364017082 0.1979567523 0)
(1.470624712 0.215061911 0)
(1.586656285 0.2336791383 0)
(1.712944864 0.2539420988 0)
(1.850397151 0.2759962725 0)
(2 0.3 0)
(0.4938029941 0.07821056885 0)
(0.5237772503 0.08461437846 0)
(0.5564011828 0.0915842746 0)
(0.5919090189 0.09917029841 0)
(0.6305556908 0.1074269146 0)
(0.6726186667 0.1164134024 0)
(0.7183999424 0.1261942814 0)
(0.7682282097 0.1368397745 0)
(0.8224612161 0.1484263121 0)
(0.8814883336 0.1610370812 0)
(0.9457333538 0.174762622 0)
(1.015657531 0.1897014787 0)
(1.091762894 0.2059609064 0)
(1.174595849 0.2236576416 0)
(1.264751105 0.2429187398 0)
(1.362875941 0.2638824883 0)
(1.469674856 0.2866993987 0)
(1.585914624 0.3115332874 0)
(1.712429802 0.3385624522 0)
(1.850128719 0.3679809519 0)
(2 0.4 0)
(0.4903455487 0.09753649111 0)
(0.5203886103 0.105545765 0)
(0.5530874304 0.1142630459 0)
(0.5886767739 0.1237509204 0)
(0.6274121585 0.134077508 0)
(0.6695716892 0.1453169493 0)
(0.7154580549 0.1575499393 0)
(0.765400702 0.170864306 0)
(0.8197581992 0.1853556414 0)
(0.8789208122 0.2011279878 0)
(0.9433133056 0.2182945843 0)
(1.013397992 0.2369786805 0)
(1.089678054 0.2573144209 0)
(1.17270115 0.2794478082 0)
(1.263063355 0.3035377516 0)
(1.361413435 0.3297572075 0)
(1.468457505 0.3582944213 0)
(1.584964099 0.3893542792 0)
(1.71176969 0.4231597788 0)
(1.849784692 0.4599536306 0)
(2 0.5 0)
(0.4861336883 0.1167121379 0)
(0.5162605685 0.1263298667 0)
(0.5490506167 0.1367977872 0)
(0.5847392527 0.1481910552 0)
(0.6235827071 0.1605914699 0)
(0.6658598607 0.1740880614 0)
(0.7118742471 0.18877773 0)
(0.7619562317 0.2047659418 0)
(0.8164653836 0.222167486 0)
(0.8757930574 0.2411072988 0)
(0.9403652026 0.2617213608 0)
(1.010645422 0.284157673 0)
(1.087138301 0.3085773192 0)
(1.170393028 0.3351556231 0)
(1.261007339 0.3640834066 0)
(1.359631811 0.3955683598 0)
(1.466974528 0.4298365326 0)
(1.58380617 0.467133957 0)
(1.710965542 0.5077284142 0)
(1.849365599 0.5519113564 0)
(2 0.6 0)
(0.4811738787 0.1357080714 0)
(0.5113994622 0.1469378314 0)
(0.5442969389 0.1591602842 0)
(0.5801025 0.1724631823 0)
(0.6190732153 0.1869420353 0)
(0.6614888796 0.2027007957 0)
(0.7076540208 0.2198526054 0)
(0.7579000867 0.2385206076 0)
(0.8125878244 0.2588388314 0)
(0.8721098706 0.2809531536 0)
(0.9368935706 0.3050223466 0)
(1.007404046 0.3312192177 0)
(1.084147535 0.3597318503 0)
(1.167675025 0.3907649541 0)
(1.258586212 0.4245413346 0)
(1.357533802 0.4613034931 0)
(1.465228202 0.5013153676 0)
(1.582442613 0.5448642279 0)
(1.710018592 0.5922627378 0)
(1.848872083 0.6438512001 0)
(2 0.7 0)
(0.4754737342 0.1544951295 0)
(0.505812754 0.1673410775 0)
(0.5388336948 0.1813225867 0)
(0.5747736339 0.196540039 0)
(0.6138906061 0.2131026898 0)
(0.6564654561 0.2311294523 0)
(0.7028038548 0.2507497519 0)
(0.7532384937 0.2721044546 0)
(0.8081314742 0.2953468788 0)
(0.8678769063 0.3206438962 0)
(0.932903739 0.3481771294 0)
(1.00367884 0.3781442564 0)
(1.080710346 0.4107604295 0)
(1.164551315 0.4462598202 0)
(1.255803691 0.4848973002 0)
(1.355122631 0.5269502717 0)
(1.463221206 0.5727206586 0)
(1.580875523 0.6225370745 0)
(1.708930293 0.6767571819 0)
(1.848304901 0.7357702601 0)
(2 0.8 0)
(0.4690420053 0.1730444708 0)
(0.4995090206 0.1875113375 0)
(0.5326692713 0.2032570521 0)
(0.5687608352 0.2203946627 0)
(0.6080428355 0.2390472106 0)
(0.6507973019 0.2593486139 0)
(0.6973311948 0.2814446288 0)
(0.7479786093 0.3054938961 0)
(0.8031031743 0.3316690802 0)
(0.8631006627 0.3601581087 0)
(0.9284018331 0.3911655217 0)
(0.9994755226 0.4249139405 0)
(1.076832012 0.4616456655 0)
(1.161026692 0.5016244163 0)
(1.252664047 0.5451372246 0)
(1.352401998 0.5924964957 0)
(1.460956624 0.6440422506 0)
(1.579107305 0.7001445678 0)
(1.707702318 0.7612062401 0)
(1.847664924 0.8276656665 0)
(2 0.9 0)
(0.461888566 0.1913276189 0)
(0.4924979392 0.2074207018 0)
(0.525813132 0.2249363874 0)
(0.5620733346 0.2440004316 0)
(0.6015388811 0.2647497068 0)
(0.6444931188 0.2873331847 0)
(0.6912444424 0.311913006 0)
(0.7421285082 0.3386656442 0)
(0.7975106441 0.3677831729 0)
(0.8577884723 0.3994746444 0)
(0.923394764 0.4339675914 0)
(0.994800547 0.4715096598 0)
(1.072518487 0.5123703869 0)
(1.157106569 0.556843137 0)
(1.249172102 0.6052472071 0)
(1.34937608 0.6579301195 0)
(1.45843793 0.7152701171 0)
(1.577140673 0.7776788789 0)
(1.706336549 0.8456044753 0)
(1.846953134 0.9195345859 0)
(2 1 0)
(0.4540243979 0.2093165061 0)
(0.4847902729 0.227041661 0)
(0.5182758021 0.2463336913 0)
(0.5547213985 0.2673311062 0)
(0.5943887273 0.290184659 0)
(0.6375625846 0.3150584293 0)
(0.6845529417 0.3421310011 0)
(0.7356971714 0.3715967449 0)
(0.7913624691 0.4036672134 0)
(0.8519484901 0.4385726601 0)
(0.9178902184 0.4765636924 0)
(0.9896610901 0.5179130712 0)
(1.067776392 0.5629176689 0)
(1.152796962 0.6119006011 0)
(1.245333214 0.6652135462 0)
(1.346049523 0.7232392704 0)
(1.455668992 0.7863943757 0)
(1.574978648 0.8551322914 0)
(1.704835086 0.9299465289 0)
(1.846170625 1.011374225 0)
(2 1.1 0)
(0.445461574 0.2269835162 0)
(0.4763978546 0.2463471488 0)
(0.5100688528 0.2674224955 0)
(0.5467163135 0.2903608692 0)
(0.586603351 0.3153269584 0)
(0.6300163389 0.34250001 0)
(0.6772669655 0.3720751158 0)
(0.7286944719 0.4042646138 0)
(0.7846680877 0.4392996119 0)
(0.8455896815 0.4774316477 0)
(0.9118966468 0.5189344946 0)
(0.9840650418 0.5641061268 0)
(1.062613008 0.613270859 0)
(1.148104488 0.6667816749 0)
(1.241153278 0.7250227613 0)
(1.342427433 0.7884122667 0)
(1.452654061 0.8574053029 0)
(1.572624546 0.9324972132 0)
(1.703200231 1.014227128 0)
(1.845318597 1.103181837 0)
(2 1.2 0)
(0.4362132397 0.2443015274 0)
(0.4673335678 0.2653105829 0)
(0.5012048832 0.2881768053 0)
(0.5380703687 0.3130643653 0)
(0.5781947041 0.3401519457 0)
(0.6218659666 0.3696340249 0)
(0.6693976989 0.4017222728 0)
(0.7211311603 0.4366470704 0)
(0.7774377769 0.4746591643 0)
(0.8387218084 0.5160314665 0)
(0.9054232503 0.5610610141 0)
(0.978020993 0.6100711017 0)
(1.05703626 0.6634136026 0)
(1.14303635 0.7214714953 0)
(1.236638711 0.7846616129 0)
(1.338515371 0.8534376358 0)
(1.449397764 0.9282933491 0)
(1.570081984 1.009766188 0)
(1.701434496 1.098441095 0)
(1.844398359 1.194954722 0)
(2 1.3 0)
(0.4262935927 0.2612439535 0)
(0.457611328 0.2839059064 0)
(0.4916975009 0.3085711396 0)
(0.5287968371 0.33541674 0)
(0.5691756952 0.3646354486 0)
(0.6131239799 0.3964370442 0)
(0.6609572226 0.4310498501 0)
(0.7130188474 0.4687223726 0)
(0.7696826367 0.5097250859 0)
(0.8313554142 0.5543523734 0)
(0.8984799667 0.6029246418 0)
(0.9715382223 0.6557906211 0)
(1.051054711 0.7133298684 0)
(1.13760033 0.7759554931 0)
(1.231796443 0.8441171229 0)
(1.334319342 0.9183041317 0)
(1.445905101 0.9990491535 0)
(1.567354863 1.086931906 0)
(1.69954059 1.182583353 0)
(1.843411324 1.286690236 0)
(2 1.4 0)
(0.4157178614 0.277784785 0)
(0.4472460603 0.3021076272 0)
(0.4815613016 0.3285805697 0)
(0.5189099552 0.357393678 0)
(0.5595601702 0.3887538189 0)
(0.6038037991 0.4228861462 0)
(0.6519584941 0.4600357166 0)
(0.7043699871 0.5004692497 0)
(0.7614145723 0.5444770424 0)
(0.8235018076 0.5923750536 0)
(0.8910774552 0.6445071724 0)
(0.9646266819 0.7012476871 0)
(1.044677543 0.7630039725 0)
(1.131804772 0.8302194148 0)
(1.226633908 0.9033765948 0)
(1.329845789 0.9830007524 0)
(1.442181434 1.069663558 0)
(1.564447371 1.163987218 0)
(1.697521422 1.266648937 0)
(1.842359006 1.378385789 0)
(2 1.5 0)
(0.4045022814 0.2938986289 0)
(0.4362536773 0.3198908577 0)
(0.4708118458 0.3481807579 0)
(0.5084249012 0.3789714401 0)
(0.5493628905 0.4124839693 0)
(0.5939197325 0.4489589526 0)
(0.6424153282 0.488658266 0)
(0.6951978569 0.5318669352 0)
(0.7526462768 0.5788951817 0)
(0.8151730451 0.6300806499 0)
(0.8832270798 0.6857908317 0)
(0.9572969822 0.7464257045 0)
(1.037914546 0.812420603 0)
(1.125658573 0.8842493451 0)
(1.221159031 0.962427633 0)
(1.325101578 1.047516757 0)
(1.438232479 1.140127623 0)
(1.561363972 1.240925141 0)
(1.695380091 1.350632999 0)
(1.84124302 1.470038856 0)
(2 1.6 0)
(0.3926640705 0.3095607476 0)
(0.4246510542 0.3372313526 0)
(0.459465636 0.3673479949 0)
(0.4973577712 0.4001269002 0)
(0.5385995106 0.4358034082 0)
(0.5834869538 0.4746336625 0)
(0.6323423751 0.5168964492 0)
(0.6855165376 0.5628951987 0)
(0.743391211 0.612960164 0)
(0.8063819129 0.6674507922 0)
(0.8749408922 0.7267583048 0)
(0.9495603756 0.7913085067 0)
(1.030776102 0.8615648432 0)
(1.119171169 0.9380317274 0)
(1.215380218 1.021258162 0)
(1.320093993 1.11184168 0)
(1.434064299 1.210432637 0)
(1.558109397 1.317738876 0)
(1.693119884 1.434530815 0)
(1.840065082 1.561646975 0)
(2 1.7 0)
(0.3802214025 0.3247470971 0)
(0.4124560029 0.3541055465 0)
(0.4475400905 0.3860592358 0)
(0.4857255554 0.4208375802 0)
(0.5272865543 0.4586902746 0)
(0.572521479 0.4998890866 0)
(0.6217550987 0.5447298077 0)
(0.6753408916 0.5935343769 0)
(0.7336635829 0.6466531919 0)
(0.7971419069 0.7044676252 0)
(0.8662316132 0.767392762 0)
(0.9414287391 0.8358803802 0)
(1.023273171 0.9104221944 0)
(1.112352519 0.9915533857 0)
(1.209306339 1.079856445 0)
(1.314830722 1.175965353 0)
(1.429683292 1.280570134 0)
(1.554688645 1.394421812 0)
(1.690744271 1.518337795 0)
(1.838826998 1.653207753 0)
(2 1.8 0)
(0.3671933789 0.3394343637 0)
(0.3996872451 0.3704905895 0)
(0.4350535172 0.404292136 0)
(0.4735461111 0.441081685 0)
(0.5154413888 0.4811233714 0)
(0.561040142 0.5247046789 0)
(0.6106697521 0.5721385042 0)
(0.6646865404 0.6237654038 0)
(0.7234783263 0.6799560388 0)
(0.7874672121 0.741113836 0)
(0.8571126131 0.8076778848 0)
(0.9329145561 0.8801260889 0)
(1.01541727 0.9589785985 0)
(1.105213091 1.044801544 0)
(1.20294672 1.1382111 0)
(1.309319845 1.239877912 0)
(1.425096184 1.350531907 0)
(1.551106966 1.470967539 0)
(1.6882569 1.602049488 0)
(1.837530669 1.744718871 0)
(2 1.9 0)
(0.3536 0.3536 0)
(0.3863643829 0.3863643829 0)
(0.4220250849 0.4220250849 0)
(0.4608381359 0.4608381359 0)
(0.5030821985 0.5030821985 0)
(0.5490605688 0.5490605688 0)
(0.5991033534 0.5991033534 0)
(0.6535698401 0.6535698401 0)
(0.7128510772 0.7128510772 0)
(0.7773726808 0.7773726808 0)
(0.847597891 0.847597891 0)
(0.9240308974 0.9240308974 0)
(1.007220459 1.007220459 0)
(1.097763846 1.097763846 0)
(1.196311122 1.196311122 0)
(1.303569821 1.303569821 0)
(1.420310017 1.420310017 0)
(1.547369859 1.547369859 0)
(1.685661588 1.685661588 0)
(1.836178085 1.836178085 0)
(2 2 0)
(0.5 0 1)
(0.529850932 0 1)
(0.5623406386 0 1)
(0.5977023833 0 1)
(0.6361900497 0 1)
(0.6780799642 0 1)
(0.7236728803 0 1)
(0.7732961371 0 1)
(0.8273060105 0 1)
(0.8860902704 0 1)
(0.9500709648 0 1)
(1.01970745 0 1)
(1.09549969 0 1)
(1.177991842 0 1)
(1.267776168 0 1)
(1.365497286 0 1)
(1.471856794 0 1)
(1.587618312 0 1)
(1.713612963 0 1)
(1.85074534 0 1)
(2 0 1)
(0.4996015997 0.01962871562 1)
(0.5294604601 0.02122815411 1)
(0.561958796 0.02296898041 1)
(0.5973299328 0.02486369297 1)
(0.6358278215 0.02692589509 1)
(0.677728862 0.02917039258 1)
(0.7233338875 0.03161330006 1)
(0.7729703243 0.03427215665 1)
(0.8269945428 0.03716605192 1)
(0.8857944157 0.0403157629 1)
(0.9497921034 0.04374390329 1)
(1.019447084 0.0474750858 1)
(1.095259454 0.05153609889 1)
(1.177773516 0.05595609904 1)
(1.26758169 0.06076682013 1)
(1.365328762 0.06600280127 1)
(1.471716519 0.07170163477 1)
(1.587508783 0.07790423604 1)
(1.713536899 0.08465513735 1)
(1.850705698 0.09200280753 1)
(2 0.1 1)
(0.4984345747 0.03922675767 1)
(0.5283166596 0.04242624508 1)
(0.560840273 0.04590856206 1)
(0.5962389218 0.0496987103 1)
(0.6347667546 0.05382390157 1)
(0.6767003862 0.05831375316 1)
(0.7223408837 0.06320050045 1)
(0.7720159283 0.06851922839 1)
(0.8260821673 0.07430812337 1)
(0.8849277754 0.0806087474 1)
(0.9489752411 0.08746633653 1)
(1.0186844 0.09493012556 1)
(1.094555738 0.1030537016 1)
(1.17713398 0.1118953888 1)
(1.267012007 0.121518667 1)
(1.364835108 0.1319926276 1)
(1.471305614 0.1433924695 1)
(1.587187943 0.1558000393 1)
(1.713314085 0.1693044183 1)
(1.850589575 0.1840025629 1)
(2 0.2 1)
(0.4965007165 0.05876403977 1)
(0.5264212864 0.06356478527 1)
(0.5589867868 0.06878990898 1)
(0.5944310254 0.07447692527 1)
(0.633008478 0.08066666471 1)
(0.6749961156 0.08740356722 1)
(0.7206953933 0.09473600114 1)
(0.7704344141 0.1027166105 1)
(0.8245702847 0.1114026929 1)
(0.8834916798 0.1208566112 1)
(0.9476216319 0.1311462407 1)
(1.017420569 0.142345457 1)
(1.093389621 0.1545346661 1)
(1.176074215 0.1678013818 1)
(1.266067996 0.1822408539 1)
(1.364017082 0.1979567523 1)
(1.470624712 0.215061911 1)
(1.586656285 0.2336791383 1)
(1.712944864 0.2539420988 1)
(1.850397151 0.2759962725 1)
(2 0.3 1)
(0.4938029941 0.07821056885 1)
(0.5237772503 0.08461437846 1)
(0.5564011828 0.0915842746 1)
(0.5919090189 0.09917029841 1)
(0.6305556908 0.1074269146 1)
(0.6726186667 0.1164134024 1)
(0.7183999424 0.1261942814 1)
(0.7682282097 0.1368397745 1)
(0.8224612161 0.1484263121 1)
(0.8814883336 0.1610370812 1)
(0.9457333538 0.174762622 1)
(1.015657531 0.1897014787 1)
(1.091762894 0.2059609064 1)
(1.174595849 0.2236576416 1)
(1.264751105 0.2429187398 1)
(1.362875941 0.2638824883 1)
(1.469674856 0.2866993987 1)
(1.585914624 0.3115332874 1)
(1.712429802 0.3385624522 1)
(1.850128719 0.3679809519 1)
(2 0.4 1)
(0.4903455487 0.09753649111 1)
(0.5203886103 0.105545765 1)
(0.5530874304 0.1142630459 1)
(0.5886767739 0.1237509204 1)
(0.6274121585 0.134077508 1)
(0.6695716892 0.1453169493 1)
(0.7154580549 0.1575499393 1)
(0.765400702 0.170864306 1)
(0.8197581992 0.1853556414 1)
(0.8789208122 0.2011279878 1)
(0.9433133056 0.2182945843 1)
(1.013397992 0.2369786805 1)
(1.089678054 0.2573144209 1)
(1.17270115 0.2794478082 1)
(1.263063355 0.3035377516 1)
(1.361413435 0.3297572075 1)
(1.468457505 0.3582944213 1)
(1.584964099 0.3893542792 1)
(1.71176969 0.4231597788 1)
(1.849784692 0.4599536306 1)
(2 0.5 1)
(0.4861336883 0.1167121379 1)
(0.5162605685 0.1263298667 1)
(0.5490506167 0.1367977872 1)
(0.5847392527 0.1481910552 1)
(0.6235827071 0.1605914699 1)
(0.6658598607 0.1740880614 1)
(0.7118742471 0.18877773 1)
(0.7619562317 0.2047659418 1)
(0.8164653836 0.222167486 1)
(0.8757930574 0.2411072988 1)
(0.9403652026 0.2617213608 1)
(1.010645422 0.284157673 1)
(1.087138301 0.3085773192 1)
(1.170393028 0.3351556231 1)
(1.261007339 0.3640834066 1)
(1.359631811 0.3955683598 1)
(1.466974528 0.4298365326 1)
(1.58380617 0.467133957 1)
(1.710965542 0.5077284142 1)
(1.849365599 0.5519113564 1)
(2 0.6 1)
(0.4811738787 0.1357080714 1)
(0.5113994622 0.1469378314 1)
(0.5442969389 0.1591602842 1)
(0.5801025 0.1724631823 1)
(0.6190732153 0.1869420353 1)
(0.6614888796 0.2027007957 1)
(0.7076540208 0.2198526054 1)
(0.7579000867 0.2385206076 1)
(0.8125878244 0.2588388314 1)
(0.8721098706 0.2809531536 1)
(0.9368935706 0.3050223466 1)
(1.007404046 0.3312192177 1)
(1.084147535 0.3597318503 1)
(1.167675025 0.3907649541 1)
(1.258586212 0.4245413346 1)
(1.357533802 0.4613034931 1)
(1.465228202 0.5013153676 1)
(1.582442613 0.5448642279 1)
(1.710018592 0.5922627378 1)
(1.848872083 0.6438512001 1)
(2 0.7 1)
(0.4754737342 0.1544951295 1)
(0.505812754 0.1673410775 1)
(0.5388336948 0.1813225867 1)
(0.5747736339 0.196540039 1)
(0.6138906061 0.2131026898 1)
(0.6564654561 0.2311294523 1)
(0.7028038548 0.2507497519 1)
(0.7532384937 0.2721044546 1)
(0.8081314742 0.2953468788 1)
(0.8678769063 0.3206438962 1)
(0.932903739 0.3481771294 1)
(1.00367884 0.3781442564 1)
(1.080710346 0.4107604295 1)
(1.164551315 0.4462598202 1)
(1.255803691 0.4848973002 1)
(1.355122631 0.5269502717 1)
(1.463221206 0.5727206586 1)
(1.580875523 0.6225370745 1)
(1.708930293 0.6767571819 1)
(1.848304901 0.7357702601 1)
(2 0.8 1)
(0.4690420053 0.1730444708 1)
(0.4995090206 0.1875113375 1)
(0.5326692713 0.2032570521 1)
(0.5687608352 0.2203946627 1)
(0.6080428355 0.2390472106 1)
(0.6507973019 0.2593486139 1)
(0.6973311948 0.2814446288 1)
(0.7479786093 0.3054938961 1)
(0.8031031743 0.3316690802 1)
(0.8631006627 0.3601581087 1)
(0.9284018331 0.3911655217 1)
(0.9994755226 0.4249139405 1)
(1.076832012 0.4616456655 1)
(1.161026692 0.5016244163 1)
(1.252664047 0.5451372246 1)
(1.352401998 0.5924964957 1)
(1.460956624 0.6440422506 1)
(1.579107305 0.7001445678 1)
(1.707702318 0.7612062401 1)
(1.847664924 0.8276656665 1)
(2 0.9 1)
(0.461888566 0.1913276189 1)
(0.4924979392 0.2074207018 1)
(0.525813132 0.2249363874 1)
(0.5620733346 0.2440004316 1)
(0.6015388811 0.2647497068 1)
(0.6444931188 0.2873331847 1)
(0.6912444424 0.311913006 1)
(0.7421285082 0.3386656442 1)
(0.7975106441 0.3677831729 1)
(0.8577884723 0.3994746444 1)
(0.923394764 0.4339675914 1)
(0.994800547 0.4715096598 1)
(1.072518487 0.5123703869 1)
(1.157106569 0.556843137 1)
(1.249172102 0.6052472071 1)
(1.34937608 0.6579301195 1)
(1.45843793 0.7152701171 1)
(1.577140673 0.7776788789 1)
(1.706336549 0.8456044753 1)
(1.846953134 0.9195345859 1)
(2 1 1)
(0.4540243979 0.2093165061 1)
(0.4847902729 0.227041661 1)
(0.5182758021 0.2463336913 1)
(0.5547213985 0.2673311062 1)
(0.5943887273 0.290184659 1)
(0.6375625846 0.3150584293 1)
(0.6845529417 0.3421310011 1)
(0.7356971714 0.3715967449 1)
(0.7913624691 0.4036672134 1)
(0.8519484901 0.4385726601 1)
(0.9178902184 0.4765636924 1)
(0.9896610901 0.5179130712 1)
(1.067776392 0.5629176689 1)
(1.152796962 0.6119006011 1)
(1.245333214 0.6652135462 1)
(1.346049523 0.7232392704 1)
(1.455668992 0.7863943757 1)
(1.574978648 0.8551322914 1)
(1.704835086 0.9299465289 1)
(1.846170625 1.011374225 1)
(2 1.1 1)
(0.445461574 0.2269835162 1)
(0.4763978546 0.2463471488 1)
(0.5100688528 0.2674224955 1)
(0.5467163135 0.2903608692 1)
(0.586603351 0.3153269584 1)
(0.6300163389 0.34250001 1)
(0.6772669655 0.3720751158 1)
(0.7286944719 0.4042646138 1)
(0.7846680877 0.4392996119 1)
(0.8455896815 0.4774316477 1)
(0.9118966468 0.5189344946 1)
(0.9840650418 0.5641061268 1)
(1.062613008 0.613270859 1)
(1.148104488 0.6667816749 1)
(1.241153278 0.7250227613 1)
(1.342427433 0.7884122667 1)
(1.452654061 0.8574053029 1)
(1.572624546 0.9324972132 1)
(1.703200231 1.014227128 1)
(1.845318597 1.103181837 1)
(2 1.2 1)
(0.4362132397 0.2443015274 1)
(0.4673335678 0.2653105829 1)
(0.5012048832 0.2881768053 1)
(0.5380703687 0.3130643653 1)
(0.5781947041 0.3401519457 1)
(0.6218659666 0.3696340249 1)
(0.6693976989 0.4017222728 1)
(0.7211311603 0.4366470704 1)
(0.7774377769 0.4746591643 1)
(0.8387218084 0.5160314665 1)
(0.9054232503 0.5610610141 1)
(0.978020993 0.6100711017 1)
(1.05703626 0.6634136026 1)
(1.14303635 0.7214714953 1)
(1.236638711 0.7846616129 1)
(1.338515371 0.8534376358 1)
(1.449397764 0.9282933491 1)
(1.570081984 1.009766188 1)
(1.701434496 1.098441095 1)
(1.844398359 1.194954722 1)
(2 1.3 1)
(0.4262935927 0.2612439535 1)
(0.457611328 0.2839059064 1)
(0.4916975009 0.3085711396 1)
(0.5287968371 0.33541674 1)
(0.5691756952 0.3646354486 1)
(0.6131239799 0.3964370442 1)
(0.6609572226 0.4310498501 1)
(0.7130188474 0.4687223726 1)
(0.7696826367 0.5097250859 1)
(0.8313554142 0.5543523734 1)
(0.8984799667 0.6029246418 1)
(0.9715382223 0.6557906211 1)
(1.051054711 0.7133298684 1)
(1.13760033 0.7759554931 1)
(1.231796443 0.8441171229 1)
(1.334319342 0.9183041317 1)
(1.445905101 0.9990491535 1)
(1.567354863 1.086931906 1)
(1.69954059 1.182583353 1)
(1.843411324 1.286690236 1)
(2 1.4 1)
(0.4157178614 0.277784785 1)
(0.4472460603 0.3021076272 1)
(0.4815613016 0.3285805697 1)
(0.5189099552 0.357393678 1)
(0.5595601702 0.3887538189 1)
(0.6038037991 0.4228861462 1)
(0.6519584941 0.4600357166 1)
(0.7043699871 0.5004692497 1)
(0.7614145723 0.5444770424 1)
(0.8235018076 0.5923750536 1)
(0.8910774552 0.6445071724 1)
(0.9646266819 0.7012476871 1)
(1.044677543 0.7630039725 1)
(1.131804772 0.8302194148 1)
(1.226633908 0.9033765948 1)
(1.329845789 0.9830007524 1)
(1.442181434 1.069663558 1)
(1.564447371 1.163987218 1)
(1.697521422 1.266648937 1)
(1.842359006 1.378385789 1)
(2 1.5 1)
(0.4045022814 0.2938986289 1)
(0.4362536773 0.3198908577 1)
(0.4708118458 0.3481807579 1)
(0.5084249012 0.3789714401 1)
(0.5493628905 0.4124839693 1)
(0.5939197325 0.4489589526 1)
(0.6424153282 0.488658266 1)
(0.6951978569 0.5318669352 1)
(0.7526462768 0.5788951817 1)
(0.8151730451 0.6300806499 1)
(0.8832270798 0.6857908317 1)
(0.9572969822 0.7464257045 1)
(1.037914546 0.812420603 1)
(1.125658573 0.8842493451 1)
(1.221159031 0.962427633 1)
(1.325101578 1.047516757 1)
(1.438232479 1.140127623 1)
(1.561363972 1.240925141 1)
(1.695380091 1.350632999 1)
(1.84124302 1.470038856 1)
(2 1.6 1)
(0.3926640705 0.3095607476 1)
(0.4246510542 0.3372313526 1)
(0.459465636 0.3673479949 1)
(0.4973577712 0.4001269002 1)
(0.5385995106 0.4358034082 1)
(0.5834869538 0.4746336625 1)
(0.6323423751 0.5168964492 1)
(0.6855165376 0.5628951987 1)
(0.743391211 0.612960164 1)
(0.8063819129 0.6674507922 1)
(0.8749408922 0.7267583048 1)
(0.9495603756 0.7913085067 1)
(1.030776102 0.8615648432 1)
(1.119171169 0.9380317274 1)
(1.215380218 1.021258162 1)
(1.320093993 1.11184168 1)
(1.434064299 1.210432637 1)
(1.558109397 1.317738876 1)
(1.693119884 1.434530815 1)
(1.840065082 1.561646975 1)
(2 1.7 1)
(0.3802214025 0.3247470971 1)
(0.4124560029 0.3541055465 1)
(0.4475400905 0.3860592358 1)
(0.4857255554 0.4208375802 1)
(0.5272865543 0.4586902746 1)
(0.572521479 0.4998890866 1)
(0.6217550987 0.5447298077 1)
(0.6753408916 0.5935343769 1)
(0.7336635829 0.6466531919 1)
(0.7971419069 0.7044676252 1)
(0.8662316132 0.767392762 1)
(0.9414287391 0.8358803802 1)
(1.023273171 0.9104221944 1)
(1.112352519 0.9915533857 1)
(1.209306339 1.079856445 1)
(1.314830722 1.175965353 1)
(1.429683292 1.280570134 1)
(1.554688645 1.394421812 1)
(1.690744271 1.518337795 1)
(1.838826998 1.653207753 1)
(2 1.8 1)
(0.3671933789 0.3394343637 1)
(0.3996872451 0.3704905895 1)
(0.4350535172 0.404292136 1)
(0.4735461111 0.441081685 1)
(0.5154413888 0.4811233714 1)
(0.561040142 0.5247046789 1)
(0.6106697521 0.5721385042 1)
(0.6646865404 0.6237654038 1)
(0.7234783263 0.6799560388 1)
(0.7874672121 0.741113836 1)
(0.8571126131 0.8076778848 1)
(0.9329145561 0.8801260889 1)
(1.01541727 0.9589785985 1)
(1.105213091 1.044801544 1)
(1.20294672 1.1382111 1)
(1.309319845 1.239877912 1)
(1.425096184 1.350531907 1)
(1.551106966 1.470967539 1)
(1.6882569 1.602049488 1)
(1.837530669 1.744718871 1)
(2 1.9 1)
(0.3536 0.3536 1)
(0.3863643829 0.3863643829 1)
(0.4220250849 0.4220250849 1)
(0.4608381359 0.4608381359 1)
(0.5030821985 0.5030821985 1)
(0.5490605688 0.5490605688 1)
(0.5991033534 0.5991033534 1)
(0.6535698401 0.6535698401 1)
(0.7128510772 0.7128510772 1)
(0.7773726808 0.7773726808 1)
(0.847597891 0.847597891 1)
(0.9240308974 0.9240308974 1)
(1.007220459 1.007220459 1)
(1.097763846 1.097763846 1)
(1.196311122 1.196311122 1)
(1.303569821 1.303569821 1)
(1.420310017 1.420310017 1)
(1.547369859 1.547369859 1)
(1.685661588 1.685661588 1)
(1.836178085 1.836178085 1)
(2 2 1)
(0 0.5 0)
(0.01962871562 0.4996015997 0)
(0.03922675767 0.4984345747 0)
(0.05876403977 0.4965007165 0)
(0.07821056885 0.4938029941 0)
(0.09753649111 0.4903455487 0)
(0.1167121379 0.4861336883 0)
(0.1357080714 0.4811738787 0)
(0.1544951295 0.4754737342 0)
(0.1730444708 0.4690420053 0)
(0.1913276189 0.461888566 0)
(0.2093165061 0.4540243979 0)
(0.2269835162 0.445461574 0)
(0.2443015274 0.4362132397 0)
(0.2612439535 0.4262935927 0)
(0.277784785 0.4157178614 0)
(0.2938986289 0.4045022814 0)
(0.3095607476 0.3926640705 0)
(0.3247470971 0.3802214025 0)
(0.3394343637 0.3671933789 0)
(0 0.529850932 0)
(0.02122815411 0.5294604601 0)
(0.04242624508 0.5283166596 0)
(0.06356478527 0.5264212864 0)
(0.08461437846 0.5237772503 0)
(0.105545765 0.5203886103 0)
(0.1263298667 0.5162605685 0)
(0.1469378314 0.5113994622 0)
(0.1673410775 0.505812754 0)
(0.1875113375 0.4995090206 0)
(0.2074207018 0.4924979392 0)
(0.227041661 0.4847902729 0)
(0.2463471488 0.4763978546 0)
(0.2653105829 0.4673335678 0)
(0.2839059064 0.457611328 0)
(0.3021076272 0.4472460603 0)
(0.3198908577 0.4362536773 0)
(0.3372313526 0.4246510542 0)
(0.3541055465 0.4124560029 0)
(0.3704905895 0.3996872451 0)
(0 0.5623406386 0)
(0.02296898041 0.561958796 0)
(0.04590856206 0.560840273 0)
(0.06878990898 0.5589867868 0)
(0.0915842746 0.5564011828 0)
(0.1142630459 0.5530874304 0)
(0.1367977872 0.5490506167 0)
(0.1591602842 0.5442969389 0)
(0.1813225867 0.5388336948 0)
(0.2032570521 0.5326692713 0)
(0.2249363874 0.525813132 0)
(0.2463336913 0.5182758021 0)
(0.2674224955 0.5100688528 0)
(0.2881768053 0.5012048832 0)
(0.3085711396 0.4916975009 0)
(0.3285805697 0.4815613016 0)
(0.3481807579 0.4708118458 0)
(0.3673479949 0.459465636 0)
(0.3860592358 0.4475400905 0)
(0.404292136 0.4350535172 0)
(0 0.5977023833 0)
(0.02486369297 0.5973299328 0)
(0.0496987103 0.5962389218 0)
(0.07447692527 0.5944310254 0)
(0.09917029841 0.5919090189 0)
(0.1237509204 0.5886767739 0)
(0.1481910552 0.5847392527 0)
(0.1724631823 0.5801025 0)
(0.196540039 0.5747736339 0)
(0.2203946627 0.5687608352 0)
(0.2440004316 0.5620733346 0)
(0.2673311062 0.5547213985 0)
(0.2903608692 0.5467163135 0)
(0.3130643653 0.5380703687 0)
(0.33541674 0.5287968371 0)
(0.357393678 0.5189099552 0)
(0.3789714401 0.5084249012 0)
(0.4001269002 0.4973577712 0)
(0.4208375802 0.4857255554 0)
(0.441081685 0.4735461111 0)
(0 0.6361900497 0)
(0.02692589509 0.6358278215 0)
(0.05382390157 0.6347667546 0)
(0.08066666471 0.633008478 0)
(0.1074269146 0.6305556908 0)
(0.134077508 0.6274121585 0)
(0.1605914699 0.6235827071 0)
(0.1869420353 0.6190732153 0)
(0.2131026898 0.6138906061 0)
(0.2390472106 0.6080428355 0)
(0.2647497068 0.6015388811 0)
(0.290184659 0.5943887273 0)
(0.3153269584 0.586603351 0)
(0.3401519457 0.5781947041 0)
(0.3646354486 0.5691756952 0)
(0.3887538189 0.5595601702 0)
(0.4124839693 0.5493628905 0)
(0.4358034082 0.5385995106 0)
(0.4586902746 0.5272865543 0)
(0.4811233714 0.5154413888 0)
(0 0.6780799642 0)
(0.02917039258 0.677728862 0)
(0.05831375316 0.6767003862 0)
(0.08740356722 0.6749961156 0)
(0.1164134024 0.6726186667 0)
(0.1453169493 0.6695716892 0)
(0.1740880614 0.6658598607 0)
(0.2027007957 0.6614888796 0)
(0.2311294523 0.6564654561 0)
(0.2593486139 0.6507973019 0)
(0.2873331847 0.6444931188 0)
(0.3150584293 0.6375625846 0)
(0.34250001 0.6300163389 0)
(0.3696340249 0.6218659666 0)
(0.3964370442 0.6131239799 0)
(0.4228861462 0.6038037991 0)
(0.4489589526 0.5939197325 0)
(0.4746336625 0.5834869538 0)
(0.4998890866 0.572521479 0)
(0.5247046789 0.561040142 0)
(0 0.7236728803 0)
(0.03161330006 0.7233338875 0)
(0.06320050045 0.7223408837 0)
(0.09473600114 0.7206953933 0)
(0.1261942814 0.7183999424 0)
(0.1575499393 0.7154580549 0)
(0.18877773 0.7118742471 0)
(0.2198526054 0.7076540208 0)
(0.2507497519 0.7028038548 0)
(0.2814446288 0.6973311948 0)
(0.311913006 0.6912444424 0)
(0.3421310011 0.6845529417 0)
(0.3720751158 0.6772669655 0)
(0.4017222728 0.6693976989 0)
(0.4310498501 0.6609572226 0)
(0.4600357166 0.6519584941 0)
(0.488658266 0.6424153282 0)
(0.5168964492 0.6323423751 0)
(0.5447298077 0.6217550987 0)
(0.5721385042 0.6106697521 0)
(0 0.7732961371 0)
(0.03427215665 0.7729703243 0)
(0.06851922839 0.7720159283 0)
(0.1027166105 0.7704344141 0)
(0.1368397745 0.7682282097 0)
(0.170864306 0.765400702 0)
(0.2047659418 0.7619562317 0)
(0.2385206076 0.7579000867 0)
(0.2721044546 0.7532384937 0)
(0.3054938961 0.7479786093 0)
(0.3386656442 0.7421285082 0)
(0.3715967449 0.7356971714 0)
(0.4042646138 0.7286944719 0)
(0.4366470704 0.7211311603 0)
(0.4687223726 0.7130188474 0)
(0.5004692497 0.7043699871 0)
(0.5318669352 0.6951978569 0)
(0.5628951987 0.6855165376 0)
(0.5935343769 0.6753408916 0)
(0.6237654038 0.6646865404 0)
(0 0.8273060105 0)
(0.03716605192 0.8269945428 0)
(0.07430812337 0.8260821673 0)
(0.1114026929 0.8245702847 0)
(0.1484263121 0.8224612161 0)
(0.1853556414 0.8197581992 0)
(0.222167486 0.8164653836 0)
(0.2588388314 0.8125878244 0)
(0.2953468788 0.8081314742 0)
(0.3316690802 0.8031031743 0)
(0.3677831729 0.7975106441 0)
(0.4036672134 0.7913624691 0)
(0.4392996119 0.7846680877 0)
(0.4746591643 0.7774377769 0)
(0.5097250859 0.7696826367 0)
(0.5444770424 0.7614145723 0)
(0.5788951817 0.7526462768 0)
(0.612960164 0.743391211 0)
(0.6466531919 0.7336635829 0)
(0.6799560388 0.7234783263 0)
(0 0.8860902704 0)
(0.0403157629 0.8857944157 0)
(0.0806087474 0.8849277754 0)
(0.1208566112 0.8834916798 0)
(0.1610370812 0.8814883336 0)
(0.2011279878 0.8789208122 0)
(0.2411072988 0.8757930574 0)
(0.2809531536 0.8721098706 0)
(0.3206438962 0.8678769063 0)
(0.3601581087 0.8631006627 0)
(0.3994746444 0.8577884723 0)
(0.4385726601 0.8519484901 0)
(0.4774316477 0.8455896815 0)
(0.5160314665 0.8387218084 0)
(0.5543523734 0.8313554142 0)
(0.5923750536 0.8235018076 0)
(0.6300806499 0.8151730451 0)
(0.6674507922 0.8063819129 0)
(0.7044676252 0.7971419069 0)
(0.741113836 0.7874672121 0)
(0 0.9500709648 0)
(0.04374390329 0.9497921034 0)
(0.08746633653 0.9489752411 0)
(0.1311462407 0.9476216319 0)
(0.174762622 0.9457333538 0)
(0.2182945843 0.9433133056 0)
(0.2617213608 0.9403652026 0)
(0.3050223466 0.9368935706 0)
(0.3481771294 0.932903739 0)
(0.3911655217 0.9284018331 0)
(0.4339675914 0.923394764 0)
(0.4765636924 0.9178902184 0)
(0.5189344946 0.9118966468 0)
(0.5610610141 0.9054232503 0)
(0.6029246418 0.8984799667 0)
(0.6445071724 0.8910774552 0)
(0.6857908317 0.8832270798 0)
(0.7267583048 0.8749408922 0)
(0.767392762 0.8662316132 0)
(0.8076778848 0.8571126131 0)
(0 1.01970745 0)
(0.0474750858 1.019447084 0)
(0.09493012556 1.0186844 0)
(0.142345457 1.017420569 0)
(0.1897014787 1.015657531 0)
(0.2369786805 1.013397992 0)
(0.284157673 1.010645422 0)
(0.3312192177 1.007404046 0)
(0.3781442564 1.00367884 0)
(0.4249139405 0.9994755226 0)
(0.4715096598 0.994800547 0)
(0.5179130712 0.9896610901 0)
(0.5641061268 0.9840650418 0)
(0.6100711017 0.978020993 0)
(0.6557906211 0.9715382223 0)
(0.7012476871 0.9646266819 0)
(0.7464257045 0.9572969822 0)
(0.7913085067 0.9495603756 0)
(0.8358803802 0.9414287391 0)
(0.8801260889 0.9329145561 0)
(0 1.09549969 0)
(0.05153609889 1.095259454 0)
(0.1030537016 1.094555738 0)
(0.1545346661 1.093389621 0)
(0.2059609064 1.091762894 0)
(0.2573144209 1.089678054 0)
(0.3085773192 1.087138301 0)
(0.3597318503 1.084147535 0)
(0.4107604295 1.080710346 0)
(0.4616456655 1.076832012 0)
(0.5123703869 1.072518487 0)
(0.5629176689 1.067776392 0)
(0.613270859 1.062613008 0)
(0.6634136026 1.05703626 0)
(0.7133298684 1.051054711 0)
(0.7630039725 1.044677543 0)
(0.812420603 1.037914546 0)
(0.8615648432 1.030776102 0)
(0.9104221944 1.023273171 0)
(0.9589785985 1.01541727 0)
(0 1.177991842 0)
(0.05595609904 1.177773516 0)
(0.1118953888 1.17713398 0)
(0.1678013818 1.176074215 0)
(0.2236576416 1.174595849 0)
(0.2794478082 1.17270115 0)
(0.3351556231 1.170393028 0)
(0.3907649541 1.167675025 0)
(0.4462598202 1.164551315 0)
(0.5016244163 1.161026692 0)
(0.556843137 1.157106569 0)
(0.6119006011 1.152796962 0)
(0.6667816749 1.148104488 0)
(0.7214714953 1.14303635 0)
(0.7759554931 1.13760033 0)
(0.8302194148 1.131804772 0)
(0.8842493451 1.125658573 0)
(0.9380317274 1.119171169 0)
(0.9915533857 1.112352519 0)
(1.044801544 1.105213091 0)
(0 1.267776168 0)
(0.06076682013 1.26758169 0)
(0.121518667 1.267012007 0)
(0.1822408539 1.266067996 0)
(0.2429187398 1.264751105 0)
(0.3035377516 1.263063355 0)
(0.3640834066 1.261007339 0)
(0.4245413346 1.258586212 0)
(0.4848973002 1.255803691 0)
(0.5451372246 1.252664047 0)
(0.6052472071 1.249172102 0)
(0.6652135462 1.245333214 0)
(0.7250227613 1.241153278 0)
(0.7846616129 1.236638711 0)
(0.8441171229 1.231796443 0)
(0.9033765948 1.226633908 0)
(0.962427633 1.221159031 0)
(1.021258162 1.215380218 0)
(1.079856445 1.209306339 0)
(1.1382111 1.20294672 0)
(0 1.365497286 0)
(0.06600280127 1.365328762 0)
(0.1319926276 1.364835108 0)
(0.1979567523 1.364017082 0)
(0.2638824883 1.362875941 0)
(0.3297572075 1.361413435 0)
(0.3955683598 1.359631811 0)
(0.4613034931 1.357533802 0)
(0.5269502717 1.355122631 0)
(0.5924964957 1.352401998 0)
(0.6579301195 1.34937608 0)
(0.7232392704 1.346049523 0)
(0.7884122667 1.342427433 0)
(0.8534376358 1.338515371 0)
(0.9183041317 1.334319342 0)
(0.9830007524 1.329845789 0)
(1.047516757 1.325101578 0)
(1.11184168 1.320093993 0)
(1.175965353 1.314830722 0)
(1.239877912 1.309319845 0)
(0 1.471856794 0)
(0.07170163477 1.471716519 0)
(0.1433924695 1.471305614 0)
(0.215061911 1.470624712 0)
(0.2866993987 1.469674856 0)
(0.3582944213 1.468457505 0)
(0.4298365326 1.466974528 0)
(0.5013153676 1.465228202 0)
(0.5727206586 1.463221206 0)
(0.6440422506 1.460956624 0)
(0.7152701171 1.45843793 0)
(0.7863943757 1.455668992 0)
(0.8574053029 1.452654061 0)
(0.9282933491 1.449397764 0)
(0.9990491535 1.445905101 0)
(1.069663558 1.442181434 0)
(1.140127623 1.438232479 0)
(1.210432637 1.434064299 0)
(1.280570134 1.429683292 0)
(1.350531907 1.425096184 0)
(0 1.587618312 0)
(0.07790423604 1.587508783 0)
(0.1558000393 1.587187943 0)
(0.2336791383 1.586656285 0)
(0.3115332874 1.585914624 0)
(0.3893542792 1.584964099 0)
(0.467133957 1.58380617 0)
(0.5448642279 1.582442613 0)
(0.6225370745 1.580875523 0)
(0.7001445678 1.579107305 0)
(0.7776788789 1.577140673 0)
(0.8551322914 1.574978648 0)
(0.9324972132 1.572624546 0)
(1.009766188 1.570081984 0)
(1.086931906 1.567354863 0)
(1.163987218 1.564447371 0)
(1.240925141 1.561363972 0)
(1.317738876 1.558109397 0)
(1.394421812 1.554688645 0)
(1.470967539 1.551106966 0)
(0 1.713612963 0)
(0.08465513735 1.713536899 0)
(0.1693044183 1.713314085 0)
(0.2539420988 1.712944864 0)
(0.3385624522 1.712429802 0)
(0.4231597788 1.71176969 0)
(0.5077284142 1.710965542 0)
(0.5922627378 1.710018592 0)
(0.6767571819 1.708930293 0)
(0.7612062401 1.707702318 0)
(0.8456044753 1.706336549 0)
(0.9299465289 1.704835086 0)
(1.014227128 1.703200231 0)
(1.098441095 1.701434496 0)
(1.182583353 1.69954059 0)
(1.266648937 1.697521422 0)
(1.350632999 1.695380091 0)
(1.434530815 1.693119884 0)
(1.518337795 1.690744271 0)
(1.602049488 1.6882569 0)
(0 1.85074534 0)
(0.09200280753 1.850705698 0)
(0.1840025629 1.850589575 0)
(0.2759962725 1.850397151 0)
(0.3679809519 1.850128719 0)
(0.4599536306 1.849784692 0)
(0.5519113564 1.849365599 0)
(0.6438512001 1.848872083 0)
(0.7357702601 1.848304901 0)
(0.8276656665 1.847664924 0)
(0.9195345859 1.846953134 0)
(1.011374225 1.846170625 0)
(1.103181837 1.845318597 0)
(1.194954722 1.844398359 0)
(1.286690236 1.843411324 0)
(1.378385789 1.842359006 0)
(1.470038856 1.84124302 0)
(1.561646975 1.840065082 0)
(1.653207753 1.838826998 0)
(1.744718871 1.837530669 0)
(0 2 0)
(0.1 2 0)
(0.2 2 0)
(0.3 2 0)
(0.4 2 0)
(0.5 2 0)
(0.6 2 0)
(0.7 2 0)
(0.8 2 0)
(0.9 2 0)
(1 2 0)
(1.1 2 0)
(1.2 2 0)
(1.3 2 0)
(1.4 2 0)
(1.5 2 0)
(1.6 2 0)
(1.7 2 0)
(1.8 2 0)
(1.9 2 0)
(0 0.5 1)
(0.01962871562 0.4996015997 1)
(0.03922675767 0.4984345747 1)
(0.05876403977 0.4965007165 1)
(0.07821056885 0.4938029941 1)
(0.09753649111 0.4903455487 1)
(0.1167121379 0.4861336883 1)
(0.1357080714 0.4811738787 1)
(0.1544951295 0.4754737342 1)
(0.1730444708 0.4690420053 1)
(0.1913276189 0.461888566 1)
(0.2093165061 0.4540243979 1)
(0.2269835162 0.445461574 1)
(0.2443015274 0.4362132397 1)
(0.2612439535 0.4262935927 1)
(0.277784785 0.4157178614 1)
(0.2938986289 0.4045022814 1)
(0.3095607476 0.3926640705 1)
(0.3247470971 0.3802214025 1)
(0.3394343637 0.3671933789 1)
(0 0.529850932 1)
(0.02122815411 0.5294604601 1)
(0.04242624508 0.5283166596 1)
(0.06356478527 0.5264212864 1)
(0.08461437846 0.5237772503 1)
(0.105545765 0.5203886103 1)
(0.1263298667 0.5162605685 1)
(0.1469378314 0.5113994622 1)
(0.1673410775 0.505812754 1)
(0.1875113375 0.4995090206 1)
(0.2074207018 0.4924979392 1)
(0.227041661 0.4847902729 1)
(0.2463471488 0.4763978546 1)
(0.2653105829 0.4673335678 1)
(0.2839059064 0.457611328 1)
(0.3021076272 0.4472460603 1)
(0.3198908577 0.4362536773 1)
(0.3372313526 0.4246510542 1)
(0.3541055465 0.4124560029 1)
(0.3704905895 0.3996872451 1)
(0 0.5623406386 1)
(0.02296898041 0.561958796 1)
(0.04590856206 0.560840273 1)
(0.06878990898 0.5589867868 1)
(0.0915842746 0.5564011828 1)
(0.1142630459 0.5530874304 1)
(0.1367977872 0.5490506167 1)
(0.1591602842 0.5442969389 1)
(0.1813225867 0.5388336948 1)
(0.2032570521 0.5326692713 1)
(0.2249363874 0.525813132 1)
(0.2463336913 0.5182758021 1)
(0.2674224955 0.5100688528 1)
(0.2881768053 0.5012048832 1)
(0.3085711396 0.4916975009 1)
(0.3285805697 0.4815613016 1)
(0.3481807579 0.4708118458 1)
(0.3673479949 0.459465636 1)
(0.3860592358 0.4475400905 1)
(0.404292136 0.4350535172 1)
(0 0.5977023833 1)
(0.02486369297 0.5973299328 1)
(0.0496987103 0.5962389218 1)
(0.07447692527 0.5944310254 1)
(0.09917029841 0.5919090189 1)
(0.1237509204 0.5886767739 1)
(0.1481910552 0.5847392527 1)
(0.1724631823 0.5801025 1)
(0.196540039 0.5747736339 1)
(0.2203946627 0.5687608352 1)
(0.2440004316 0.5620733346 1)
(0.2673311062 0.5547213985 1)
(0.2903608692 0.5467163135 1)
(0.3130643653 0.5380703687 1)
(0.33541674 0.5287968371 1)
(0.357393678 0.5189099552 1)
(0.3789714401 0.5084249012 1)
(0.4001269002 0.4973577712 1)
(0.4208375802 0.4857255554 1)
(0.441081685 0.4735461111 1)
(0 0.6361900497 1)
(0.02692589509 0.6358278215 1)
(0.05382390157 0.6347667546 1)
(0.08066666471 0.633008478 1)
(0.1074269146 0.6305556908 1)
(0.134077508 0.6274121585 1)
(0.1605914699 0.6235827071 1)
(0.1869420353 0.6190732153 1)
(0.2131026898 0.6138906061 1)
(0.2390472106 0.6080428355 1)
(0.2647497068 0.6015388811 1)
(0.290184659 0.5943887273 1)
(0.3153269584 0.586603351 1)
(0.3401519457 0.5781947041 1)
(0.3646354486 0.5691756952 1)
(0.3887538189 0.5595601702 1)
(0.4124839693 0.5493628905 1)
(0.4358034082 0.5385995106 1)
(0.4586902746 0.5272865543 1)
(0.4811233714 0.5154413888 1)
(0 0.6780799642 1)
(0.02917039258 0.677728862 1)
(0.05831375316 0.6767003862 1)
(0.08740356722 0.6749961156 1)
(0.1164134024 0.6726186667 1)
(0.1453169493 0.6695716892 1)
(0.1740880614 0.6658598607 1)
(0.2027007957 0.6614888796 1)
(0.2311294523 0.6564654561 1)
(0.2593486139 0.6507973019 1)
(0.2873331847 0.6444931188 1)
(0.3150584293 0.6375625846 1)
(0.34250001 0.6300163389 1)
(0.3696340249 0.6218659666 1)
(0.3964370442 0.6131239799 1)
(0.4228861462 0.6038037991 1)
(0.4489589526 0.5939197325 1)
(0.4746336625 0.5834869538 1)
(0.4998890866 0.572521479 1)
(0.5247046789 0.561040142 1)
(0 0.7236728803 1)
(0.03161330006 0.7233338875 1)
(0.06320050045 0.7223408837 1)
(0.09473600114 0.7206953933 1)
(0.1261942814 0.7183999424 1)
(0.1575499393 0.7154580549 1)
(0.18877773 0.7118742471 1)
(0.2198526054 0.7076540208 1)
(0.2507497519 0.7028038548 1)
(0.2814446288 0.6973311948 1)
(0.311913006 0.6912444424 1)
(0.3421310011 0.6845529417 1)
(0.3720751158 0.6772669655 1)
(0.4017222728 0.6693976989 1)
(0.4310498501 0.6609572226 1)
(0.4600357166 0.6519584941 1)
(0.488658266 0.6424153282 1)
(0.5168964492 0.6323423751 1)
(0.5447298077 0.6217550987 1)
(0.5721385042 0.6106697521 1)
(0 0.7732961371 1)
(0.03427215665 0.7729703243 1)
(0.06851922839 0.7720159283 1)
(0.1027166105 0.7704344141 1)
(0.1368397745 0.7682282097 1)
(0.170864306 0.765400702 1)
(0.2047659418 0.7619562317 1)
(0.2385206076 0.7579000867 1)
(0.2721044546 0.7532384937 1)
(0.3054938961 0.7479786093 1)
(0.3386656442 0.7421285082 1)
(0.3715967449 0.7356971714 1)
(0.4042646138 0.7286944719 1)
(0.4366470704 0.7211311603 1)
(0.4687223726 0.7130188474 1)
(0.5004692497 0.7043699871 1)
(0.5318669352 0.6951978569 1)
(0.5628951987 0.6855165376 1)
(0.5935343769 0.6753408916 1)
(0.6237654038 0.6646865404 1)
(0 0.8273060105 1)
(0.03716605192 0.8269945428 1)
(0.07430812337 0.8260821673 1)
(0.1114026929 0.8245702847 1)
(0.1484263121 0.8224612161 1)
(0.1853556414 0.8197581992 1)
(0.222167486 0.8164653836 1)
(0.2588388314 0.8125878244 1)
(0.2953468788 0.8081314742 1)
(0.3316690802 0.8031031743 1)
(0.3677831729 0.7975106441 1)
(0.4036672134 0.7913624691 1)
(0.4392996119 0.7846680877 1)
(0.4746591643 0.7774377769 1)
(0.5097250859 0.7696826367 1)
(0.5444770424 0.7614145723 1)
(0.5788951817 0.7526462768 1)
(0.612960164 0.743391211 1)
(0.6466531919 0.7336635829 1)
(0.6799560388 0.7234783263 1)
(0 0.8860902704 1)
(0.0403157629 0.8857944157 1)
(0.0806087474 0.8849277754 1)
(0.1208566112 0.8834916798 1)
(0.1610370812 0.8814883336 1)
(0.2011279878 0.8789208122 1)
(0.2411072988 0.8757930574 1)
(0.2809531536 0.8721098706 1)
(0.3206438962 0.8678769063 1)
(0.3601581087 0.8631006627 1)
(0.3994746444 0.8577884723 1)
(0.4385726601 0.8519484901 1)
(0.4774316477 0.8455896815 1)
(0.5160314665 0.8387218084 1)
(0.5543523734 0.8313554142 1)
(0.5923750536 0.8235018076 1)
(0.6300806499 0.8151730451 1)
(0.6674507922 0.8063819129 1)
(0.7044676252 0.7971419069 1)
(0.741113836 0.7874672121 1)
(0 0.9500709648 1)
(0.04374390329 0.9497921034 1)
(0.08746633653 0.9489752411 1)
(0.1311462407 0.9476216319 1)
(0.174762622 0.9457333538 1)
(0.2182945843 0.9433133056 1)
(0.2617213608 0.9403652026 1)
(0.3050223466 0.9368935706 1)
(0.3481771294 0.932903739 1)
(0.3911655217 0.9284018331 1)
(0.4339675914 0.923394764 1)
(0.4765636924 0.9178902184 1)
(0.5189344946 0.9118966468 1)
(0.5610610141 0.9054232503 1)
(0.6029246418 0.8984799667 1)
(0.6445071724 0.8910774552 1)
(0.6857908317 0.8832270798 1)
(0.7267583048 0.8749408922 1)
(0.767392762 0.8662316132 1)
(0.8076778848 0.8571126131 1)
(0 1.01970745 1)
(0.0474750858 1.019447084 1)
(0.09493012556 1.0186844 1)
(0.142345457 1.017420569 1)
(0.1897014787 1.015657531 1)
(0.2369786805 1.013397992 1)
(0.284157673 1.010645422 1)
(0.3312192177 1.007404046 1)
(0.3781442564 1.00367884 1)
(0.4249139405 0.9994755226 1)
(0.4715096598 0.994800547 1)
(0.5179130712 0.9896610901 1)
(0.5641061268 0.9840650418 1)
(0.6100711017 0.978020993 1)
(0.6557906211 0.9715382223 1)
(0.7012476871 0.9646266819 1)
(0.7464257045 0.9572969822 1)
(0.7913085067 0.9495603756 1)
(0.8358803802 0.9414287391 1)
(0.8801260889 0.9329145561 1)
(0 1.09549969 1)
(0.05153609889 1.095259454 1)
(0.1030537016 1.094555738 1)
(0.1545346661 1.093389621 1)
(0.2059609064 1.091762894 1)
(0.2573144209 1.089678054 1)
(0.3085773192 1.087138301 1)
(0.3597318503 1.084147535 1)
(0.4107604295 1.080710346 1)
(0.4616456655 1.076832012 1)
(0.5123703869 1.072518487 1)
(0.5629176689 1.067776392 1)
(0.613270859 1.062613008 1)
(0.6634136026 1.05703626 1)
(0.7133298684 1.051054711 1)
(0.7630039725 1.044677543 1)
(0.812420603 1.037914546 1)
(0.8615648432 1.030776102 1)
(0.9104221944 1.023273171 1)
(0.9589785985 1.01541727 1)
(0 1.177991842 1)
(0.05595609904 1.177773516 1)
(0.1118953888 1.17713398 1)
(0.1678013818 1.176074215 1)
(0.2236576416 1.174595849 1)
(0.2794478082 1.17270115 1)
(0.3351556231 1.170393028 1)
(0.3907649541 1.167675025 1)
(0.4462598202 1.164551315 1)
(0.5016244163 1.161026692 1)
(0.556843137 1.157106569 1)
(0.6119006011 1.152796962 1)
(0.6667816749 1.148104488 1)
(0.7214714953 1.14303635 1)
(0.7759554931 1.13760033 1)
(0.8302194148 1.131804772 1)
(0.8842493451 1.125658573 1)
(0.9380317274 1.119171169 1)
(0.9915533857 1.112352519 1)
(1.044801544 1.105213091 1)
(0 1.267776168 1)
(0.06076682013 1.26758169 1)
(0.121518667 1.267012007 1)
(0.1822408539 1.266067996 1)
(0.2429187398 1.264751105 1)
(0.3035377516 1.263063355 1)
(0.3640834066 1.261007339 1)
(0.4245413346 1.258586212 1)
(0.4848973002 1.255803691 1)
(0.5451372246 1.252664047 1)
(0.6052472071 1.249172102 1)
(0.6652135462 1.245333214 1)
(0.7250227613 1.241153278 1)
(0.7846616129 1.236638711 1)
(0.8441171229 1.231796443 1)
(0.9033765948 1.226633908 1)
(0.962427633 1.221159031 1)
(1.021258162 1.215380218 1)
(1.079856445 1.209306339 1)
(1.1382111 1.20294672 1)
(0 1.365497286 1)
(0.06600280127 1.365328762 1)
(0.1319926276 1.364835108 1)
(0.1979567523 1.364017082 1)
(0.2638824883 1.362875941 1)
(0.3297572075 1.361413435 1)
(0.3955683598 1.359631811 1)
(0.4613034931 1.357533802 1)
(0.5269502717 1.355122631 1)
(0.5924964957 1.352401998 1)
(0.6579301195 1.34937608 1)
(0.7232392704 1.346049523 1)
(0.7884122667 1.342427433 1)
(0.8534376358 1.338515371 1)
(0.9183041317 1.334319342 1)
(0.9830007524 1.329845789 1)
(1.047516757 1.325101578 1)
(1.11184168 1.320093993 1)
(1.175965353 1.314830722 1)
(1.239877912 1.309319845 1)
(0 1.471856794 1)
(0.07170163477 1.471716519 1)
(0.1433924695 1.471305614 1)
(0.215061911 1.470624712 1)
(0.2866993987 1.469674856 1)
(0.3582944213 1.468457505 1)
(0.4298365326 1.466974528 1)
(0.5013153676 1.465228202 1)
(0.5727206586 1.463221206 1)
(0.6440422506 1.460956624 1)
(0.7152701171 1.45843793 1)
(0.7863943757 1.455668992 1)
(0.8574053029 1.452654061 1)
(0.9282933491 1.449397764 1)
(0.9990491535 1.445905101 1)
(1.069663558 1.442181434 1)
(1.140127623 1.438232479 1)
(1.210432637 1.434064299 1)
(1.280570134 1.429683292 1)
(1.350531907 1.425096184 1)
(0 1.587618312 1)
(0.07790423604 1.587508783 1)
(0.1558000393 1.587187943 1)
(0.2336791383 1.586656285 1)
(0.3115332874 1.585914624 1)
(0.3893542792 1.584964099 1)
(0.467133957 1.58380617 1)
(0.5448642279 1.582442613 1)
(0.6225370745 1.580875523 1)
(0.7001445678 1.579107305 1)
(0.7776788789 1.577140673 1)
(0.8551322914 1.574978648 1)
(0.9324972132 1.572624546 1)
(1.009766188 1.570081984 1)
(1.086931906 1.567354863 1)
(1.163987218 1.564447371 1)
(1.240925141 1.561363972 1)
(1.317738876 1.558109397 1)
(1.394421812 1.554688645 1)
(1.470967539 1.551106966 1)
(0 1.713612963 1)
(0.08465513735 1.713536899 1)
(0.1693044183 1.713314085 1)
(0.2539420988 1.712944864 1)
(0.3385624522 1.712429802 1)
(0.4231597788 1.71176969 1)
(0.5077284142 1.710965542 1)
(0.5922627378 1.710018592 1)
(0.6767571819 1.708930293 1)
(0.7612062401 1.707702318 1)
(0.8456044753 1.706336549 1)
(0.9299465289 1.704835086 1)
(1.014227128 1.703200231 1)
(1.098441095 1.701434496 1)
(1.182583353 1.69954059 1)
(1.266648937 1.697521422 1)
(1.350632999 1.695380091 1)
(1.434530815 1.693119884 1)
(1.518337795 1.690744271 1)
(1.602049488 1.6882569 1)
(0 1.85074534 1)
(0.09200280753 1.850705698 1)
(0.1840025629 1.850589575 1)
(0.2759962725 1.850397151 1)
(0.3679809519 1.850128719 1)
(0.4599536306 1.849784692 1)
(0.5519113564 1.849365599 1)
(0.6438512001 1.848872083 1)
(0.7357702601 1.848304901 1)
(0.8276656665 1.847664924 1)
(0.9195345859 1.846953134 1)
(1.011374225 1.846170625 1)
(1.103181837 1.845318597 1)
(1.194954722 1.844398359 1)
(1.286690236 1.843411324 1)
(1.378385789 1.842359006 1)
(1.470038856 1.84124302 1)
(1.561646975 1.840065082 1)
(1.653207753 1.838826998 1)
(1.744718871 1.837530669 1)
(0 2 1)
(0.1 2 1)
(0.2 2 1)
(0.3 2 1)
(0.4 2 1)
(0.5 2 1)
(0.6 2 1)
(0.7 2 1)
(0.8 2 1)
(0.9 2 1)
(1 2 1)
(1.1 2 1)
(1.2 2 1)
(1.3 2 1)
(1.4 2 1)
(1.5 2 1)
(1.6 2 1)
(1.7 2 1)
(1.8 2 1)
(1.9 2 1)
)


// ************************************************************************* //
