/*--------------------------------*- C++ -*----------------------------------*\
| =========                 |                                                 |
| \\      /  F ield         | foam-extend: Open Source CFD                    |
|  \\    /   O peration     | Version:     4.0                                |
|   \\  /    A nd           | Web:         http://www.foam-extend.org         |
|    \\/     M anipulation  |                                                 |
\*---------------------------------------------------------------------------*/
FoamFile
{
    version     2.0;
    format      ascii;
    class       faceList;
    location    "constant/polyMesh";
    object      faces;
}
// * * * * * * * * * * * * * * * * * * * * * * * * * * * * * * * * * * * * * //


1035
(
4(1 7 43 37)
4(6 42 43 7)
4(0 1 37 36)
4(2 8 44 38)
4(7 43 44 8)
4(1 2 38 37)
4(3 9 45 39)
4(8 44 45 9)
4(2 3 39 38)
4(4 10 46 40)
4(9 45 46 10)
4(3 4 40 39)
4(10 46 47 11)
4(4 5 41 40)
4(5 11 47 41)
4(7 13 49 43)
4(12 48 49 13)
4(8 14 50 44)
4(13 49 50 14)
4(9 15 51 45)
4(14 50 51 15)
4(10 16 52 46)
4(15 51 52 16)
4(16 52 53 17)
4(11 17 53 47)
4(13 19 55 49)
4(18 54 55 19)
4(14 20 56 50)
4(19 55 56 20)
4(15 21 57 51)
4(20 56 57 21)
4(16 22 58 52)
4(21 57 58 22)
4(22 58 59 23)
4(17 23 59 53)
4(19 25 61 55)
4(24 60 61 25)
4(20 26 62 56)
4(25 61 62 26)
4(21 27 63 57)
4(26 62 63 27)
4(22 28 64 58)
4(27 63 64 28)
4(28 64 65 29)
4(23 29 65 59)
4(25 31 67 61)
4(26 32 68 62)
4(27 33 69 63)
4(28 34 70 64)
4(29 35 71 65)
4(73 79 109 103)
4(78 108 109 79)
4(74 80 110 104)
4(79 109 110 80)
4(75 81 111 105)
4(80 110 111 81)
4(76 82 112 106)
4(81 111 112 82)
4(82 112 113 83)
4(77 83 113 107)
4(79 85 115 109)
4(84 114 115 85)
4(80 86 116 110)
4(85 115 116 86)
4(81 87 117 111)
4(86 116 117 87)
4(82 88 118 112)
4(87 117 118 88)
4(88 118 119 89)
4(83 89 119 113)
4(85 91 121 115)
4(90 120 121 91)
4(86 92 122 116)
4(91 121 122 92)
4(87 93 123 117)
4(92 122 123 93)
4(88 94 124 118)
4(93 123 124 94)
4(94 124 125 95)
4(89 95 125 119)
4(91 97 127 121)
4(96 126 127 97)
4(92 98 128 122)
4(97 127 128 98)
4(93 99 129 123)
4(98 128 129 99)
4(94 100 130 124)
4(99 129 130 100)
4(100 130 131 101)
4(95 101 131 125)
4(97 1 37 127)
4(98 2 38 128)
4(99 3 39 129)
4(100 4 40 130)
4(101 5 41 131)
4(132 142 202 192)
4(83 113 202 142)
4(133 143 203 193)
4(142 202 203 143)
4(134 144 204 194)
4(143 203 204 144)
4(135 145 205 195)
4(144 204 205 145)
4(136 146 206 196)
4(145 205 206 146)
4(137 147 207 197)
4(146 206 207 147)
4(138 148 208 198)
4(147 207 208 148)
4(139 149 209 199)
4(148 208 209 149)
4(140 150 210 200)
4(149 209 210 150)
4(150 210 211 151)
4(142 152 212 202)
4(89 119 212 152)
4(143 153 213 203)
4(152 212 213 153)
4(144 154 214 204)
4(153 213 214 154)
4(145 155 215 205)
4(154 214 215 155)
4(146 156 216 206)
4(155 215 216 156)
4(147 157 217 207)
4(156 216 217 157)
4(148 158 218 208)
4(157 217 218 158)
4(149 159 219 209)
4(158 218 219 159)
4(150 160 220 210)
4(159 219 220 160)
4(160 220 221 161)
4(152 162 222 212)
4(95 125 222 162)
4(153 163 223 213)
4(162 222 223 163)
4(154 164 224 214)
4(163 223 224 164)
4(155 165 225 215)
4(164 224 225 165)
4(156 166 226 216)
4(165 225 226 166)
4(157 167 227 217)
4(166 226 227 167)
4(158 168 228 218)
4(167 227 228 168)
4(159 169 229 219)
4(168 228 229 169)
4(160 170 230 220)
4(169 229 230 170)
4(170 230 231 171)
4(162 172 232 222)
4(101 131 232 172)
4(163 173 233 223)
4(172 232 233 173)
4(164 174 234 224)
4(173 233 234 174)
4(165 175 235 225)
4(174 234 235 175)
4(166 176 236 226)
4(175 235 236 176)
4(167 177 237 227)
4(176 236 237 177)
4(168 178 238 228)
4(177 237 238 178)
4(169 179 239 229)
4(178 238 239 179)
4(170 180 240 230)
4(179 239 240 180)
4(180 240 241 181)
4(172 182 242 232)
4(5 41 242 182)
4(173 183 243 233)
4(182 242 243 183)
4(174 184 244 234)
4(183 243 244 184)
4(175 185 245 235)
4(184 244 245 185)
4(176 186 246 236)
4(185 245 246 186)
4(177 187 247 237)
4(186 246 247 187)
4(178 188 248 238)
4(187 247 248 188)
4(179 189 249 239)
4(188 248 249 189)
4(180 190 250 240)
4(189 249 250 190)
4(190 250 251 191)
4(182 253 363 242)
4(252 362 363 253)
4(5 41 362 252)
4(183 254 364 243)
4(253 363 364 254)
4(184 255 365 244)
4(254 364 365 255)
4(185 256 366 245)
4(255 365 366 256)
4(186 257 367 246)
4(256 366 367 257)
4(187 258 368 247)
4(257 367 368 258)
4(188 259 369 248)
4(258 368 369 259)
4(189 260 370 249)
4(259 369 370 260)
4(190 261 371 250)
4(260 370 371 261)
4(261 371 372 262)
4(253 264 374 363)
4(263 373 374 264)
4(252 362 373 263)
4(254 265 375 364)
4(264 374 375 265)
4(255 266 376 365)
4(265 375 376 266)
4(256 267 377 366)
4(266 376 377 267)
4(257 268 378 367)
4(267 377 378 268)
4(258 269 379 368)
4(268 378 379 269)
4(259 270 380 369)
4(269 379 380 270)
4(260 271 381 370)
4(270 380 381 271)
4(261 272 382 371)
4(271 381 382 272)
4(272 382 383 273)
4(264 275 385 374)
4(274 384 385 275)
4(263 373 384 274)
4(265 276 386 375)
4(275 385 386 276)
4(266 277 387 376)
4(276 386 387 277)
4(267 278 388 377)
4(277 387 388 278)
4(268 279 389 378)
4(278 388 389 279)
4(269 280 390 379)
4(279 389 390 280)
4(270 281 391 380)
4(280 390 391 281)
4(271 282 392 381)
4(281 391 392 282)
4(272 283 393 382)
4(282 392 393 283)
4(283 393 394 284)
4(275 286 396 385)
4(285 395 396 286)
4(274 384 395 285)
4(276 287 397 386)
4(286 396 397 287)
4(277 288 398 387)
4(287 397 398 288)
4(278 289 399 388)
4(288 398 399 289)
4(279 290 400 389)
4(289 399 400 290)
4(280 291 401 390)
4(290 400 401 291)
4(281 292 402 391)
4(291 401 402 292)
4(282 293 403 392)
4(292 402 403 293)
4(283 294 404 393)
4(293 403 404 294)
4(294 404 405 295)
4(286 297 407 396)
4(296 406 407 297)
4(285 395 406 296)
4(287 298 408 397)
4(297 407 408 298)
4(288 299 409 398)
4(298 408 409 299)
4(289 300 410 399)
4(299 409 410 300)
4(290 301 411 400)
4(300 410 411 301)
4(291 302 412 401)
4(301 411 412 302)
4(292 303 413 402)
4(302 412 413 303)
4(293 304 414 403)
4(303 413 414 304)
4(294 305 415 404)
4(304 414 415 305)
4(305 415 416 306)
4(297 308 418 407)
4(307 417 418 308)
4(296 406 417 307)
4(298 309 419 408)
4(308 418 419 309)
4(299 310 420 409)
4(309 419 420 310)
4(300 311 421 410)
4(310 420 421 311)
4(301 312 422 411)
4(311 421 422 312)
4(302 313 423 412)
4(312 422 423 313)
4(303 314 424 413)
4(313 423 424 314)
4(304 315 425 414)
4(314 424 425 315)
4(305 316 426 415)
4(315 425 426 316)
4(316 426 427 317)
4(308 319 429 418)
4(318 428 429 319)
4(307 417 428 318)
4(309 320 430 419)
4(319 429 430 320)
4(310 321 431 420)
4(320 430 431 321)
4(311 322 432 421)
4(321 431 432 322)
4(312 323 433 422)
4(322 432 433 323)
4(313 324 434 423)
4(323 433 434 324)
4(314 325 435 424)
4(324 434 435 325)
4(315 326 436 425)
4(325 435 436 326)
4(316 327 437 426)
4(326 436 437 327)
4(327 437 438 328)
4(319 330 440 429)
4(329 439 440 330)
4(318 428 439 329)
4(320 331 441 430)
4(330 440 441 331)
4(321 332 442 431)
4(331 441 442 332)
4(322 333 443 432)
4(332 442 443 333)
4(323 334 444 433)
4(333 443 444 334)
4(324 335 445 434)
4(334 444 445 335)
4(325 336 446 435)
4(335 445 446 336)
4(326 337 447 436)
4(336 446 447 337)
4(327 338 448 437)
4(337 447 448 338)
4(338 448 449 339)
4(330 341 451 440)
4(340 450 451 341)
4(329 439 450 340)
4(331 342 452 441)
4(341 451 452 342)
4(332 343 453 442)
4(342 452 453 343)
4(333 344 454 443)
4(343 453 454 344)
4(334 345 455 444)
4(344 454 455 345)
4(335 346 456 445)
4(345 455 456 346)
4(336 347 457 446)
4(346 456 457 347)
4(337 348 458 447)
4(347 457 458 348)
4(338 349 459 448)
4(348 458 459 349)
4(349 459 460 350)
4(341 352 462 451)
4(340 450 461 351)
4(342 353 463 452)
4(343 354 464 453)
4(344 355 465 454)
4(345 356 466 455)
4(346 357 467 456)
4(347 358 468 457)
4(348 359 469 458)
4(349 360 470 459)
4(29 473 523 65)
4(472 522 523 473)
4(23 474 524 59)
4(473 523 524 474)
4(17 475 525 53)
4(474 524 525 475)
4(11 476 526 47)
4(475 525 526 476)
4(476 526 362 252)
4(473 478 528 523)
4(477 527 528 478)
4(474 479 529 524)
4(478 528 529 479)
4(475 480 530 525)
4(479 529 530 480)
4(476 481 531 526)
4(480 530 531 481)
4(481 531 373 263)
4(478 483 533 528)
4(482 532 533 483)
4(479 484 534 529)
4(483 533 534 484)
4(480 485 535 530)
4(484 534 535 485)
4(481 486 536 531)
4(485 535 536 486)
4(486 536 384 274)
4(483 488 538 533)
4(487 537 538 488)
4(484 489 539 534)
4(488 538 539 489)
4(485 490 540 535)
4(489 539 540 490)
4(486 491 541 536)
4(490 540 541 491)
4(491 541 395 285)
4(488 493 543 538)
4(492 542 543 493)
4(489 494 544 539)
4(493 543 544 494)
4(490 495 545 540)
4(494 544 545 495)
4(491 496 546 541)
4(495 545 546 496)
4(496 546 406 296)
4(493 498 548 543)
4(497 547 548 498)
4(494 499 549 544)
4(498 548 549 499)
4(495 500 550 545)
4(499 549 550 500)
4(496 501 551 546)
4(500 550 551 501)
4(501 551 417 307)
4(498 503 553 548)
4(502 552 553 503)
4(499 504 554 549)
4(503 553 554 504)
4(500 505 555 550)
4(504 554 555 505)
4(501 506 556 551)
4(505 555 556 506)
4(506 556 428 318)
4(503 508 558 553)
4(507 557 558 508)
4(504 509 559 554)
4(508 558 559 509)
4(505 510 560 555)
4(509 559 560 510)
4(506 511 561 556)
4(510 560 561 511)
4(511 561 439 329)
4(508 513 563 558)
4(512 562 563 513)
4(509 514 564 559)
4(513 563 564 514)
4(510 515 565 560)
4(514 564 565 515)
4(511 516 566 561)
4(515 565 566 516)
4(516 566 450 340)
4(513 518 568 563)
4(514 519 569 564)
4(515 520 570 565)
4(516 521 571 566)
4(35 71 522 472)
4(472 522 527 477)
4(477 527 532 482)
4(482 532 537 487)
4(487 537 542 492)
4(492 542 547 497)
4(497 547 552 502)
4(502 552 557 507)
4(507 557 562 512)
4(512 562 567 517)
4(30 66 67 31)
4(31 67 68 32)
4(32 68 69 33)
4(33 69 70 34)
4(34 70 71 35)
4(141 151 211 201)
4(151 161 221 211)
4(161 171 231 221)
4(171 181 241 231)
4(181 191 251 241)
4(191 262 372 251)
4(262 273 383 372)
4(273 284 394 383)
4(284 295 405 394)
4(295 306 416 405)
4(306 317 427 416)
4(317 328 438 427)
4(328 339 449 438)
4(339 350 460 449)
4(350 361 471 460)
4(72 73 103 102)
4(73 74 104 103)
4(74 75 105 104)
4(75 76 106 105)
4(76 77 107 106)
4(77 132 192 107)
4(132 133 193 192)
4(133 134 194 193)
4(134 135 195 194)
4(135 136 196 195)
4(136 137 197 196)
4(137 138 198 197)
4(138 139 199 198)
4(139 140 200 199)
4(140 141 201 200)
4(517 567 568 518)
4(518 568 569 519)
4(519 569 570 520)
4(520 570 571 521)
4(521 571 461 351)
4(351 461 462 352)
4(352 462 463 353)
4(353 463 464 354)
4(354 464 465 355)
4(355 465 466 356)
4(356 466 467 357)
4(357 467 468 358)
4(358 468 469 359)
4(359 469 470 360)
4(360 470 471 361)
4(0 36 42 6)
4(6 42 48 12)
4(12 48 54 18)
4(18 54 60 24)
4(24 60 66 30)
4(72 102 108 78)
4(78 108 114 84)
4(84 114 120 90)
4(90 120 126 96)
4(96 126 36 0)
4(0 6 7 1)
4(6 12 13 7)
4(12 18 19 13)
4(18 24 25 19)
4(24 30 31 25)
4(1 7 8 2)
4(7 13 14 8)
4(13 19 20 14)
4(19 25 26 20)
4(25 31 32 26)
4(2 8 9 3)
4(8 14 15 9)
4(14 20 21 15)
4(20 26 27 21)
4(26 32 33 27)
4(3 9 10 4)
4(9 15 16 10)
4(15 21 22 16)
4(21 27 28 22)
4(27 33 34 28)
4(4 10 11 5)
4(10 16 17 11)
4(16 22 23 17)
4(22 28 29 23)
4(28 34 35 29)
4(72 78 79 73)
4(78 84 85 79)
4(84 90 91 85)
4(90 96 97 91)
4(96 0 1 97)
4(73 79 80 74)
4(79 85 86 80)
4(85 91 92 86)
4(91 97 98 92)
4(97 1 2 98)
4(74 80 81 75)
4(80 86 87 81)
4(86 92 93 87)
4(92 98 99 93)
4(98 2 3 99)
4(75 81 82 76)
4(81 87 88 82)
4(87 93 94 88)
4(93 99 100 94)
4(99 3 4 100)
4(76 82 83 77)
4(82 88 89 83)
4(88 94 95 89)
4(94 100 101 95)
4(100 4 5 101)
4(77 83 142 132)
4(83 89 152 142)
4(89 95 162 152)
4(95 101 172 162)
4(101 5 182 172)
4(132 142 143 133)
4(142 152 153 143)
4(152 162 163 153)
4(162 172 173 163)
4(172 182 183 173)
4(133 143 144 134)
4(143 153 154 144)
4(153 163 164 154)
4(163 173 174 164)
4(173 183 184 174)
4(134 144 145 135)
4(144 154 155 145)
4(154 164 165 155)
4(164 174 175 165)
4(174 184 185 175)
4(135 145 146 136)
4(145 155 156 146)
4(155 165 166 156)
4(165 175 176 166)
4(175 185 186 176)
4(136 146 147 137)
4(146 156 157 147)
4(156 166 167 157)
4(166 176 177 167)
4(176 186 187 177)
4(137 147 148 138)
4(147 157 158 148)
4(157 167 168 158)
4(167 177 178 168)
4(177 187 188 178)
4(138 148 149 139)
4(148 158 159 149)
4(158 168 169 159)
4(168 178 179 169)
4(178 188 189 179)
4(139 149 150 140)
4(149 159 160 150)
4(159 169 170 160)
4(169 179 180 170)
4(179 189 190 180)
4(140 150 151 141)
4(150 160 161 151)
4(160 170 171 161)
4(170 180 181 171)
4(180 190 191 181)
4(5 252 253 182)
4(252 263 264 253)
4(263 274 275 264)
4(274 285 286 275)
4(285 296 297 286)
4(296 307 308 297)
4(307 318 319 308)
4(318 329 330 319)
4(329 340 341 330)
4(340 351 352 341)
4(182 253 254 183)
4(253 264 265 254)
4(264 275 276 265)
4(275 286 287 276)
4(286 297 298 287)
4(297 308 309 298)
4(308 319 320 309)
4(319 330 331 320)
4(330 341 342 331)
4(341 352 353 342)
4(183 254 255 184)
4(254 265 266 255)
4(265 276 277 266)
4(276 287 288 277)
4(287 298 299 288)
4(298 309 310 299)
4(309 320 321 310)
4(320 331 332 321)
4(331 342 343 332)
4(342 353 354 343)
4(184 255 256 185)
4(255 266 267 256)
4(266 277 278 267)
4(277 288 289 278)
4(288 299 300 289)
4(299 310 311 300)
4(310 321 322 311)
4(321 332 333 322)
4(332 343 344 333)
4(343 354 355 344)
4(185 256 257 186)
4(256 267 268 257)
4(267 278 279 268)
4(278 289 290 279)
4(289 300 301 290)
4(300 311 312 301)
4(311 322 323 312)
4(322 333 334 323)
4(333 344 345 334)
4(344 355 356 345)
4(186 257 258 187)
4(257 268 269 258)
4(268 279 280 269)
4(279 290 291 280)
4(290 301 302 291)
4(301 312 313 302)
4(312 323 324 313)
4(323 334 335 324)
4(334 345 346 335)
4(345 356 357 346)
4(187 258 259 188)
4(258 269 270 259)
4(269 280 281 270)
4(280 291 292 281)
4(291 302 303 292)
4(302 313 314 303)
4(313 324 325 314)
4(324 335 336 325)
4(335 346 347 336)
4(346 357 358 347)
4(188 259 260 189)
4(259 270 271 260)
4(270 281 282 271)
4(281 292 293 282)
4(292 303 304 293)
4(303 314 315 304)
4(314 325 326 315)
4(325 336 337 326)
4(336 347 348 337)
4(347 358 359 348)
4(189 260 261 190)
4(260 271 272 261)
4(271 282 283 272)
4(282 293 294 283)
4(293 304 305 294)
4(304 315 316 305)
4(315 326 327 316)
4(326 337 338 327)
4(337 348 349 338)
4(348 359 360 349)
4(190 261 262 191)
4(261 272 273 262)
4(272 283 284 273)
4(283 294 295 284)
4(294 305 306 295)
4(305 316 317 306)
4(316 327 328 317)
4(327 338 339 328)
4(338 349 350 339)
4(349 360 361 350)
4(35 472 473 29)
4(472 477 478 473)
4(477 482 483 478)
4(482 487 488 483)
4(487 492 493 488)
4(492 497 498 493)
4(497 502 503 498)
4(502 507 508 503)
4(507 512 513 508)
4(512 517 518 513)
4(29 473 474 23)
4(473 478 479 474)
4(478 483 484 479)
4(483 488 489 484)
4(488 493 494 489)
4(493 498 499 494)
4(498 503 504 499)
4(503 508 509 504)
4(508 513 514 509)
4(513 518 519 514)
4(23 474 475 17)
4(474 479 480 475)
4(479 484 485 480)
4(484 489 490 485)
4(489 494 495 490)
4(494 499 500 495)
4(499 504 505 500)
4(504 509 510 505)
4(509 514 515 510)
4(514 519 520 515)
4(17 475 476 11)
4(475 480 481 476)
4(480 485 486 481)
4(485 490 491 486)
4(490 495 496 491)
4(495 500 501 496)
4(500 505 506 501)
4(505 510 511 506)
4(510 515 516 511)
4(515 520 521 516)
4(11 476 252 5)
4(476 481 263 252)
4(481 486 274 263)
4(486 491 285 274)
4(491 496 296 285)
4(496 501 307 296)
4(501 506 318 307)
4(506 511 329 318)
4(511 516 340 329)
4(516 521 351 340)
4(36 37 43 42)
4(42 43 49 48)
4(48 49 55 54)
4(54 55 61 60)
4(60 61 67 66)
4(37 38 44 43)
4(43 44 50 49)
4(49 50 56 55)
4(55 56 62 61)
4(61 62 68 67)
4(38 39 45 44)
4(44 45 51 50)
4(50 51 57 56)
4(56 57 63 62)
4(62 63 69 68)
4(39 40 46 45)
4(45 46 52 51)
4(51 52 58 57)
4(57 58 64 63)
4(63 64 70 69)
4(40 41 47 46)
4(46 47 53 52)
4(52 53 59 58)
4(58 59 65 64)
4(64 65 71 70)
4(102 103 109 108)
4(108 109 115 114)
4(114 115 121 120)
4(120 121 127 126)
4(126 127 37 36)
4(103 104 110 109)
4(109 110 116 115)
4(115 116 122 121)
4(121 122 128 127)
4(127 128 38 37)
4(104 105 111 110)
4(110 111 117 116)
4(116 117 123 122)
4(122 123 129 128)
4(128 129 39 38)
4(105 106 112 111)
4(111 112 118 117)
4(117 118 124 123)
4(123 124 130 129)
4(129 130 40 39)
4(106 107 113 112)
4(112 113 119 118)
4(118 119 125 124)
4(124 125 131 130)
4(130 131 41 40)
4(107 192 202 113)
4(113 202 212 119)
4(119 212 222 125)
4(125 222 232 131)
4(131 232 242 41)
4(192 193 203 202)
4(202 203 213 212)
4(212 213 223 222)
4(222 223 233 232)
4(232 233 243 242)
4(193 194 204 203)
4(203 204 214 213)
4(213 214 224 223)
4(223 224 234 233)
4(233 234 244 243)
4(194 195 205 204)
4(204 205 215 214)
4(214 215 225 224)
4(224 225 235 234)
4(234 235 245 244)
4(195 196 206 205)
4(205 206 216 215)
4(215 216 226 225)
4(225 226 236 235)
4(235 236 246 245)
4(196 197 207 206)
4(206 207 217 216)
4(216 217 227 226)
4(226 227 237 236)
4(236 237 247 246)
4(197 198 208 207)
4(207 208 218 217)
4(217 218 228 227)
4(227 228 238 237)
4(237 238 248 247)
4(198 199 209 208)
4(208 209 219 218)
4(218 219 229 228)
4(228 229 239 238)
4(238 239 249 248)
4(199 200 210 209)
4(209 210 220 219)
4(219 220 230 229)
4(229 230 240 239)
4(239 240 250 249)
4(200 201 211 210)
4(210 211 221 220)
4(220 221 231 230)
4(230 231 241 240)
4(240 241 251 250)
4(41 242 363 362)
4(362 363 374 373)
4(373 374 385 384)
4(384 385 396 395)
4(395 396 407 406)
4(406 407 418 417)
4(417 418 429 428)
4(428 429 440 439)
4(439 440 451 450)
4(450 451 462 461)
4(242 243 364 363)
4(363 364 375 374)
4(374 375 386 385)
4(385 386 397 396)
4(396 397 408 407)
4(407 408 419 418)
4(418 419 430 429)
4(429 430 441 440)
4(440 441 452 451)
4(451 452 463 462)
4(243 244 365 364)
4(364 365 376 375)
4(375 376 387 386)
4(386 387 398 397)
4(397 398 409 408)
4(408 409 420 419)
4(419 420 431 430)
4(430 431 442 441)
4(441 442 453 452)
4(452 453 464 463)
4(244 245 366 365)
4(365 366 377 376)
4(376 377 388 387)
4(387 388 399 398)
4(398 399 410 409)
4(409 410 421 420)
4(420 421 432 431)
4(431 432 443 442)
4(442 443 454 453)
4(453 454 465 464)
4(245 246 367 366)
4(366 367 378 377)
4(377 378 389 388)
4(388 389 400 399)
4(399 400 411 410)
4(410 411 422 421)
4(421 422 433 432)
4(432 433 444 443)
4(443 444 455 454)
4(454 455 466 465)
4(246 247 368 367)
4(367 368 379 378)
4(378 379 390 389)
4(389 390 401 400)
4(400 401 412 411)
4(411 412 423 422)
4(422 423 434 433)
4(433 434 445 444)
4(444 445 456 455)
4(455 456 467 466)
4(247 248 369 368)
4(368 369 380 379)
4(379 380 391 390)
4(390 391 402 401)
4(401 402 413 412)
4(412 413 424 423)
4(423 424 435 434)
4(434 435 446 445)
4(445 446 457 456)
4(456 457 468 467)
4(248 249 370 369)
4(369 370 381 380)
4(380 381 392 391)
4(391 392 403 402)
4(402 403 414 413)
4(413 414 425 424)
4(424 425 436 435)
4(435 436 447 446)
4(446 447 458 457)
4(457 458 469 468)
4(249 250 371 370)
4(370 371 382 381)
4(381 382 393 392)
4(392 393 404 403)
4(403 404 415 414)
4(414 415 426 425)
4(425 426 437 436)
4(436 437 448 447)
4(447 448 459 458)
4(458 459 470 469)
4(250 251 372 371)
4(371 372 383 382)
4(382 383 394 393)
4(393 394 405 404)
4(404 405 416 415)
4(415 416 427 426)
4(426 427 438 437)
4(437 438 449 448)
4(448 449 460 459)
4(459 460 471 470)
4(71 65 523 522)
4(522 523 528 527)
4(527 528 533 532)
4(532 533 538 537)
4(537 538 543 542)
4(542 543 548 547)
4(547 548 553 552)
4(552 553 558 557)
4(557 558 563 562)
4(562 563 568 567)
4(65 59 524 523)
4(523 524 529 528)
4(528 529 534 533)
4(533 534 539 538)
4(538 539 544 543)
4(543 544 549 548)
4(548 549 554 553)
4(553 554 559 558)
4(558 559 564 563)
4(563 564 569 568)
4(59 53 525 524)
4(524 525 530 529)
4(529 530 535 534)
4(534 535 540 539)
4(539 540 545 544)
4(544 545 550 549)
4(549 550 555 554)
4(554 555 560 559)
4(559 560 565 564)
4(564 565 570 569)
4(53 47 526 525)
4(525 526 531 530)
4(530 531 536 535)
4(535 536 541 540)
4(540 541 546 545)
4(545 546 551 550)
4(550 551 556 555)
4(555 556 561 560)
4(560 561 566 565)
4(565 566 571 570)
4(47 41 362 526)
4(526 362 373 531)
4(531 373 384 536)
4(536 384 395 541)
4(541 395 406 546)
4(546 406 417 551)
4(551 417 428 556)
4(556 428 439 561)
4(561 439 450 566)
4(566 450 461 571)
)


// ************************************************************************* //
