/*--------------------------------*- C++ -*----------------------------------*\
| =========                 |                                                 |
| \\      /  F ield         | foam-extend: Open Source CFD                    |
|  \\    /   O peration     | Version:     4.0                                |
|   \\  /    A nd           | Web:         http://www.foam-extend.org         |
|    \\/     M anipulation  |                                                 |
\*---------------------------------------------------------------------------*/
FoamFile
{
    version     2.0;
    format      ascii;
    class       labelList;
    note        "nPoints: 572 nCells: 250 nFaces: 1035 nInternalFaces: 465";
    location    "constant/polyMesh";
    object      neighbour;
}
// * * * * * * * * * * * * * * * * * * * * * * * * * * * * * * * * * * * * * //


465
(
1
5
45
2
6
46
3
7
47
4
8
48
9
49
204
6
10
7
11
8
12
9
13
14
203
11
15
12
16
13
17
14
18
19
202
16
20
17
21
18
22
19
23
24
201
21
22
23
24
200
26
30
27
31
28
32
29
33
34
50
31
35
32
36
33
37
34
38
39
60
36
40
37
41
38
42
39
43
44
70
41
45
42
46
43
47
44
48
49
80
46
47
48
49
90
51
60
52
61
53
62
54
63
55
64
56
65
57
66
58
67
59
68
69
61
70
62
71
63
72
64
73
65
74
66
75
67
76
68
77
69
78
79
71
80
72
81
73
82
74
83
75
84
76
85
77
86
78
87
79
88
89
81
90
82
91
83
92
84
93
85
94
86
95
87
96
88
97
89
98
99
91
100
92
101
93
102
94
103
95
104
96
105
97
106
98
107
99
108
109
101
110
204
102
111
103
112
104
113
105
114
106
115
107
116
108
117
109
118
119
111
120
209
112
121
113
122
114
123
115
124
116
125
117
126
118
127
119
128
129
121
130
214
122
131
123
132
124
133
125
134
126
135
127
136
128
137
129
138
139
131
140
219
132
141
133
142
134
143
135
144
136
145
137
146
138
147
139
148
149
141
150
224
142
151
143
152
144
153
145
154
146
155
147
156
148
157
149
158
159
151
160
229
152
161
153
162
154
163
155
164
156
165
157
166
158
167
159
168
169
161
170
234
162
171
163
172
164
173
165
174
166
175
167
176
168
177
169
178
179
171
180
239
172
181
173
182
174
183
175
184
176
185
177
186
178
187
179
188
189
181
190
244
182
191
183
192
184
193
185
194
186
195
187
196
188
197
189
198
199
191
249
192
193
194
195
196
197
198
199
201
205
202
206
203
207
204
208
209
206
210
207
211
208
212
209
213
214
211
215
212
216
213
217
214
218
219
216
220
217
221
218
222
219
223
224
221
225
222
226
223
227
224
228
229
226
230
227
231
228
232
229
233
234
231
235
232
236
233
237
234
238
239
236
240
237
241
238
242
239
243
244
241
245
242
246
243
247
244
248
249
246
247
248
249
)


// ************************************************************************* //
