/*--------------------------------*- C++ -*----------------------------------*\
| =========                 |                                                 |
| \\      /  F ield         | foam-extend: Open Source CFD                    |
|  \\    /   O peration     | Version:     4.0                                |
|   \\  /    A nd           | Web:         http://www.foam-extend.org         |
|    \\/     M anipulation  |                                                 |
\*---------------------------------------------------------------------------*/
FoamFile
{
    version     2.0;
    format      ascii;
    class       labelList;
    note        "nPoints: 572 nCells: 250 nFaces: 1035 nInternalFaces: 465";
    location    "constant/polyMesh";
    object      owner;
}
// * * * * * * * * * * * * * * * * * * * * * * * * * * * * * * * * * * * * * //


1035
(
0
0
0
1
1
1
2
2
2
3
3
3
4
4
4
5
5
6
6
7
7
8
8
9
9
10
10
11
11
12
12
13
13
14
14
15
15
16
16
17
17
18
18
19
19
20
21
22
23
24
25
25
26
26
27
27
28
28
29
29
30
30
31
31
32
32
33
33
34
34
35
35
36
36
37
37
38
38
39
39
40
40
41
41
42
42
43
43
44
44
45
46
47
48
49
50
50
51
51
52
52
53
53
54
54
55
55
56
56
57
57
58
58
59
60
60
61
61
62
62
63
63
64
64
65
65
66
66
67
67
68
68
69
70
70
71
71
72
72
73
73
74
74
75
75
76
76
77
77
78
78
79
80
80
81
81
82
82
83
83
84
84
85
85
86
86
87
87
88
88
89
90
90
91
91
92
92
93
93
94
94
95
95
96
96
97
97
98
98
99
100
100
100
101
101
102
102
103
103
104
104
105
105
106
106
107
107
108
108
109
110
110
110
111
111
112
112
113
113
114
114
115
115
116
116
117
117
118
118
119
120
120
120
121
121
122
122
123
123
124
124
125
125
126
126
127
127
128
128
129
130
130
130
131
131
132
132
133
133
134
134
135
135
136
136
137
137
138
138
139
140
140
140
141
141
142
142
143
143
144
144
145
145
146
146
147
147
148
148
149
150
150
150
151
151
152
152
153
153
154
154
155
155
156
156
157
157
158
158
159
160
160
160
161
161
162
162
163
163
164
164
165
165
166
166
167
167
168
168
169
170
170
170
171
171
172
172
173
173
174
174
175
175
176
176
177
177
178
178
179
180
180
180
181
181
182
182
183
183
184
184
185
185
186
186
187
187
188
188
189
190
190
191
192
193
194
195
196
197
198
200
200
201
201
202
202
203
203
204
205
205
206
206
207
207
208
208
209
210
210
211
211
212
212
213
213
214
215
215
216
216
217
217
218
218
219
220
220
221
221
222
222
223
223
224
225
225
226
226
227
227
228
228
229
230
230
231
231
232
232
233
233
234
235
235
236
236
237
237
238
238
239
240
240
241
241
242
242
243
243
244
245
246
247
248
200
205
210
215
220
225
230
235
240
245
20
21
22
23
24
59
69
79
89
99
109
119
129
139
149
159
169
179
189
199
25
26
27
28
29
50
51
52
53
54
55
56
57
58
59
245
246
247
248
249
190
191
192
193
194
195
196
197
198
199
0
5
10
15
20
25
30
35
40
45
0
5
10
15
20
1
6
11
16
21
2
7
12
17
22
3
8
13
18
23
4
9
14
19
24
25
30
35
40
45
26
31
36
41
46
27
32
37
42
47
28
33
38
43
48
29
34
39
44
49
50
60
70
80
90
51
61
71
81
91
52
62
72
82
92
53
63
73
83
93
54
64
74
84
94
55
65
75
85
95
56
66
76
86
96
57
67
77
87
97
58
68
78
88
98
59
69
79
89
99
100
110
120
130
140
150
160
170
180
190
101
111
121
131
141
151
161
171
181
191
102
112
122
132
142
152
162
172
182
192
103
113
123
133
143
153
163
173
183
193
104
114
124
134
144
154
164
174
184
194
105
115
125
135
145
155
165
175
185
195
106
116
126
136
146
156
166
176
186
196
107
117
127
137
147
157
167
177
187
197
108
118
128
138
148
158
168
178
188
198
109
119
129
139
149
159
169
179
189
199
200
205
210
215
220
225
230
235
240
245
201
206
211
216
221
226
231
236
241
246
202
207
212
217
222
227
232
237
242
247
203
208
213
218
223
228
233
238
243
248
204
209
214
219
224
229
234
239
244
249
0
5
10
15
20
1
6
11
16
21
2
7
12
17
22
3
8
13
18
23
4
9
14
19
24
25
30
35
40
45
26
31
36
41
46
27
32
37
42
47
28
33
38
43
48
29
34
39
44
49
50
60
70
80
90
51
61
71
81
91
52
62
72
82
92
53
63
73
83
93
54
64
74
84
94
55
65
75
85
95
56
66
76
86
96
57
67
77
87
97
58
68
78
88
98
59
69
79
89
99
100
110
120
130
140
150
160
170
180
190
101
111
121
131
141
151
161
171
181
191
102
112
122
132
142
152
162
172
182
192
103
113
123
133
143
153
163
173
183
193
104
114
124
134
144
154
164
174
184
194
105
115
125
135
145
155
165
175
185
195
106
116
126
136
146
156
166
176
186
196
107
117
127
137
147
157
167
177
187
197
108
118
128
138
148
158
168
178
188
198
109
119
129
139
149
159
169
179
189
199
200
205
210
215
220
225
230
235
240
245
201
206
211
216
221
226
231
236
241
246
202
207
212
217
222
227
232
237
242
247
203
208
213
218
223
228
233
238
243
248
204
209
214
219
224
229
234
239
244
249
)


// ************************************************************************* //
