/*--------------------------------*- C++ -*----------------------------------*\
| =========                 |                                                 |
| \\      /  F ield         | foam-extend: Open Source CFD                    |
|  \\    /   O peration     | Version:     4.0                                |
|   \\  /    A nd           | Web:         http://www.foam-extend.org         |
|    \\/     M anipulation  |                                                 |
\*---------------------------------------------------------------------------*/
FoamFile
{
    version     2.0;
    format      ascii;
    class       vectorField;
    location    "constant/polyMesh";
    object      points;
}
// * * * * * * * * * * * * * * * * * * * * * * * * * * * * * * * * * * * * * //


572
(
(0.353553 0.353553 0)
(0.4242638 0.4242638 0)
(0.4949746 0.4949746 0)
(0.5656854 0.5656854 0)
(0.6363962 0.6363962 0)
(0.707107 0.707107 0)
(0.2938923123 0.4045081186 0)
(0.3526709443 0.4854099505 0)
(0.4114495762 0.5663117825 0)
(0.4702282082 0.6472136144 0)
(0.5290068401 0.7281154464 0)
(0.5877854721 0.8090172783 0)
(0.2269950219 0.4455029268 0)
(0.2723941539 0.5346037067 0)
(0.3177932859 0.6237044866 0)
(0.3631924179 0.7128052665 0)
(0.4085915499 0.8019060464 0)
(0.4539906819 0.8910068263 0)
(0.154508356 0.4755280001 0)
(0.1854101079 0.5706337561 0)
(0.2163118599 0.6657395121 0)
(0.2472136118 0.7608452681 0)
(0.2781153638 0.8559510241 0)
(0.3090171157 0.9510567801 0)
(0.07821717029 0.4938440244 0)
(0.09386064015 0.5926129204 0)
(0.10950411 0.6913818163 0)
(0.1251475799 0.7901507123 0)
(0.1407910497 0.8889196083 0)
(0.1564345196 0.9876885042 0)
(0 0.5 0)
(0 0.6 0)
(0 0.7 0)
(0 0.8 0)
(0 0.9 0)
(0 1 0)
(0.353553 0.353553 1)
(0.4242638 0.4242638 1)
(0.4949746 0.4949746 1)
(0.5656854 0.5656854 1)
(0.6363962 0.6363962 1)
(0.707107 0.707107 1)
(0.2938923123 0.4045081186 1)
(0.3526709443 0.4854099505 1)
(0.4114495762 0.5663117825 1)
(0.4702282082 0.6472136144 1)
(0.5290068401 0.7281154464 1)
(0.5877854721 0.8090172783 1)
(0.2269950219 0.4455029268 1)
(0.2723941539 0.5346037067 1)
(0.3177932859 0.6237044866 1)
(0.3631924179 0.7128052665 1)
(0.4085915499 0.8019060464 1)
(0.4539906819 0.8910068263 1)
(0.154508356 0.4755280001 1)
(0.1854101079 0.5706337561 1)
(0.2163118599 0.6657395121 1)
(0.2472136118 0.7608452681 1)
(0.2781153638 0.8559510241 1)
(0.3090171157 0.9510567801 1)
(0.07821717029 0.4938440244 1)
(0.09386064015 0.5926129204 1)
(0.10950411 0.6913818163 1)
(0.1251475799 0.7901507123 1)
(0.1407910497 0.8889196083 1)
(0.1564345196 0.9876885042 1)
(0 0.5 1)
(0 0.6 1)
(0 0.7 1)
(0 0.8 1)
(0 0.9 1)
(0 1 1)
(0.5 0 0)
(0.6 0 0)
(0.7 0 0)
(0.8 0 0)
(0.9 0 0)
(1 0 0)
(0.4938440244 0.07821717029 0)
(0.5926129204 0.09386064015 0)
(0.6913818163 0.10950411 0)
(0.7901507123 0.1251475799 0)
(0.8889196083 0.1407910497 0)
(0.9876885042 0.1564345196 0)
(0.4755280001 0.154508356 0)
(0.5706337561 0.1854101079 0)
(0.6657395121 0.2163118599 0)
(0.7608452681 0.2472136118 0)
(0.8559510241 0.2781153638 0)
(0.9510567801 0.3090171157 0)
(0.4455029268 0.2269950219 0)
(0.5346037067 0.2723941539 0)
(0.6237044866 0.3177932859 0)
(0.7128052665 0.3631924179 0)
(0.8019060464 0.4085915499 0)
(0.8910068263 0.4539906819 0)
(0.4045081186 0.2938923123 0)
(0.4854099505 0.3526709443 0)
(0.5663117825 0.4114495762 0)
(0.6472136144 0.4702282082 0)
(0.7281154464 0.5290068401 0)
(0.8090172783 0.5877854721 0)
(0.5 0 1)
(0.6 0 1)
(0.7 0 1)
(0.8 0 1)
(0.9 0 1)
(1 0 1)
(0.4938440244 0.07821717029 1)
(0.5926129204 0.09386064015 1)
(0.6913818163 0.10950411 1)
(0.7901507123 0.1251475799 1)
(0.8889196083 0.1407910497 1)
(0.9876885042 0.1564345196 1)
(0.4755280001 0.154508356 1)
(0.5706337561 0.1854101079 1)
(0.6657395121 0.2163118599 1)
(0.7608452681 0.2472136118 1)
(0.8559510241 0.2781153638 1)
(0.9510567801 0.3090171157 1)
(0.4455029268 0.2269950219 1)
(0.5346037067 0.2723941539 1)
(0.6237044866 0.3177932859 1)
(0.7128052665 0.3631924179 1)
(0.8019060464 0.4085915499 1)
(0.8910068263 0.4539906819 1)
(0.4045081186 0.2938923123 1)
(0.4854099505 0.3526709443 1)
(0.5663117825 0.4114495762 1)
(0.6472136144 0.4702282082 1)
(0.7281154464 0.5290068401 1)
(0.8090172783 0.5877854721 1)
(1.1 0 0)
(1.2 0 0)
(1.3 0 0)
(1.4 0 0)
(1.5 0 0)
(1.6 0 0)
(1.7 0 0)
(1.8 0 0)
(1.9 0 0)
(2 0 0)
(1.088919654 0.1549332076 0)
(1.190150803 0.1534318957 0)
(1.291381953 0.1519305837 0)
(1.392613103 0.1504292718 0)
(1.493844252 0.1489279598 0)
(1.595075402 0.1474266478 0)
(1.696306551 0.1459253359 0)
(1.797537701 0.1444240239 0)
(1.89876885 0.142922712 0)
(2 0.1414214 0)
(1.055951102 0.3063996842 0)
(1.160845424 0.3037822526 0)
(1.265739746 0.301164821 0)
(1.370634068 0.2985473894 0)
(1.47552839 0.2959299579 0)
(1.580422712 0.2933125263 0)
(1.685317034 0.2906950947 0)
(1.790211356 0.2880776631 0)
(1.895105678 0.2854602316 0)
(2 0.2828428 0)
(1.001906144 0.4510180337 0)
(1.112805461 0.4480453855 0)
(1.223704778 0.4450727373 0)
(1.334604096 0.4421000891 0)
(1.445503413 0.439127441 0)
(1.556402731 0.4361547928 0)
(1.667302048 0.4331821446 0)
(1.778201365 0.4302094964 0)
(1.889100683 0.4272368482 0)
(2 0.4242642 0)
(0.9281155505 0.5855754849 0)
(1.047213823 0.5833654977 0)
(1.166312095 0.5811555105 0)
(1.285410367 0.5789455233 0)
(1.404508639 0.576735536 0)
(1.523606911 0.5745255488 0)
(1.642705184 0.5723155616 0)
(1.761803456 0.5701055744 0)
(1.880901728 0.5678955872 0)
(2 0.5656856 0)
(0.8363963 0.707107 0)
(0.9656856 0.707107 0)
(1.0949749 0.707107 0)
(1.2242642 0.707107 0)
(1.3535535 0.707107 0)
(1.4828428 0.707107 0)
(1.6121321 0.707107 0)
(1.7414214 0.707107 0)
(1.8707107 0.707107 0)
(2 0.707107 0)
(1.1 0 1)
(1.2 0 1)
(1.3 0 1)
(1.4 0 1)
(1.5 0 1)
(1.6 0 1)
(1.7 0 1)
(1.8 0 1)
(1.9 0 1)
(2 0 1)
(1.088919654 0.1549332076 1)
(1.190150803 0.1534318957 1)
(1.291381953 0.1519305837 1)
(1.392613103 0.1504292718 1)
(1.493844252 0.1489279598 1)
(1.595075402 0.1474266478 1)
(1.696306551 0.1459253359 1)
(1.797537701 0.1444240239 1)
(1.89876885 0.142922712 1)
(2 0.1414214 1)
(1.055951102 0.3063996842 1)
(1.160845424 0.3037822526 1)
(1.265739746 0.301164821 1)
(1.370634068 0.2985473894 1)
(1.47552839 0.2959299579 1)
(1.580422712 0.2933125263 1)
(1.685317034 0.2906950947 1)
(1.790211356 0.2880776631 1)
(1.895105678 0.2854602316 1)
(2 0.2828428 1)
(1.001906144 0.4510180337 1)
(1.112805461 0.4480453855 1)
(1.223704778 0.4450727373 1)
(1.334604096 0.4421000891 1)
(1.445503413 0.439127441 1)
(1.556402731 0.4361547928 1)
(1.667302048 0.4331821446 1)
(1.778201365 0.4302094964 1)
(1.889100683 0.4272368482 1)
(2 0.4242642 1)
(0.9281155505 0.5855754849 1)
(1.047213823 0.5833654977 1)
(1.166312095 0.5811555105 1)
(1.285410367 0.5789455233 1)
(1.404508639 0.576735536 1)
(1.523606911 0.5745255488 1)
(1.642705184 0.5723155616 1)
(1.761803456 0.5701055744 1)
(1.880901728 0.5678955872 1)
(2 0.5656856 1)
(0.8363963 0.707107 1)
(0.9656856 0.707107 1)
(1.0949749 0.707107 1)
(1.2242642 0.707107 1)
(1.3535535 0.707107 1)
(1.4828428 0.707107 1)
(1.6121321 0.707107 1)
(1.7414214 0.707107 1)
(1.8707107 0.707107 1)
(2 0.707107 1)
(0.707107 0.8363963 0)
(0.8363963 0.8363963 0)
(0.9656856 0.8363963 0)
(1.0949749 0.8363963 0)
(1.2242642 0.8363963 0)
(1.3535535 0.8363963 0)
(1.4828428 0.8363963 0)
(1.6121321 0.8363963 0)
(1.7414214 0.8363963 0)
(1.8707107 0.8363963 0)
(2 0.8363963 0)
(0.707107 0.9656856 0)
(0.8363963 0.9656856 0)
(0.9656856 0.9656856 0)
(1.0949749 0.9656856 0)
(1.2242642 0.9656856 0)
(1.3535535 0.9656856 0)
(1.4828428 0.9656856 0)
(1.6121321 0.9656856 0)
(1.7414214 0.9656856 0)
(1.8707107 0.9656856 0)
(2 0.9656856 0)
(0.707107 1.0949749 0)
(0.8363963 1.0949749 0)
(0.9656856 1.0949749 0)
(1.0949749 1.0949749 0)
(1.2242642 1.0949749 0)
(1.3535535 1.0949749 0)
(1.4828428 1.0949749 0)
(1.6121321 1.0949749 0)
(1.7414214 1.0949749 0)
(1.8707107 1.0949749 0)
(2 1.0949749 0)
(0.707107 1.2242642 0)
(0.8363963 1.2242642 0)
(0.9656856 1.2242642 0)
(1.0949749 1.2242642 0)
(1.2242642 1.2242642 0)
(1.3535535 1.2242642 0)
(1.4828428 1.2242642 0)
(1.6121321 1.2242642 0)
(1.7414214 1.2242642 0)
(1.8707107 1.2242642 0)
(2 1.2242642 0)
(0.707107 1.3535535 0)
(0.8363963 1.3535535 0)
(0.9656856 1.3535535 0)
(1.0949749 1.3535535 0)
(1.2242642 1.3535535 0)
(1.3535535 1.3535535 0)
(1.4828428 1.3535535 0)
(1.6121321 1.3535535 0)
(1.7414214 1.3535535 0)
(1.8707107 1.3535535 0)
(2 1.3535535 0)
(0.707107 1.4828428 0)
(0.8363963 1.4828428 0)
(0.9656856 1.4828428 0)
(1.0949749 1.4828428 0)
(1.2242642 1.4828428 0)
(1.3535535 1.4828428 0)
(1.4828428 1.4828428 0)
(1.6121321 1.4828428 0)
(1.7414214 1.4828428 0)
(1.8707107 1.4828428 0)
(2 1.4828428 0)
(0.707107 1.6121321 0)
(0.8363963 1.6121321 0)
(0.9656856 1.6121321 0)
(1.0949749 1.6121321 0)
(1.2242642 1.6121321 0)
(1.3535535 1.6121321 0)
(1.4828428 1.6121321 0)
(1.6121321 1.6121321 0)
(1.7414214 1.6121321 0)
(1.8707107 1.6121321 0)
(2 1.6121321 0)
(0.707107 1.7414214 0)
(0.8363963 1.7414214 0)
(0.9656856 1.7414214 0)
(1.0949749 1.7414214 0)
(1.2242642 1.7414214 0)
(1.3535535 1.7414214 0)
(1.4828428 1.7414214 0)
(1.6121321 1.7414214 0)
(1.7414214 1.7414214 0)
(1.8707107 1.7414214 0)
(2 1.7414214 0)
(0.707107 1.8707107 0)
(0.8363963 1.8707107 0)
(0.9656856 1.8707107 0)
(1.0949749 1.8707107 0)
(1.2242642 1.8707107 0)
(1.3535535 1.8707107 0)
(1.4828428 1.8707107 0)
(1.6121321 1.8707107 0)
(1.7414214 1.8707107 0)
(1.8707107 1.8707107 0)
(2 1.8707107 0)
(0.707107 2 0)
(0.8363963 2 0)
(0.9656856 2 0)
(1.0949749 2 0)
(1.2242642 2 0)
(1.3535535 2 0)
(1.4828428 2 0)
(1.6121321 2 0)
(1.7414214 2 0)
(1.8707107 2 0)
(2 2 0)
(0.707107 0.8363963 1)
(0.8363963 0.8363963 1)
(0.9656856 0.8363963 1)
(1.0949749 0.8363963 1)
(1.2242642 0.8363963 1)
(1.3535535 0.8363963 1)
(1.4828428 0.8363963 1)
(1.6121321 0.8363963 1)
(1.7414214 0.8363963 1)
(1.8707107 0.8363963 1)
(2 0.8363963 1)
(0.707107 0.9656856 1)
(0.8363963 0.9656856 1)
(0.9656856 0.9656856 1)
(1.0949749 0.9656856 1)
(1.2242642 0.9656856 1)
(1.3535535 0.9656856 1)
(1.4828428 0.9656856 1)
(1.6121321 0.9656856 1)
(1.7414214 0.9656856 1)
(1.8707107 0.9656856 1)
(2 0.9656856 1)
(0.707107 1.0949749 1)
(0.8363963 1.0949749 1)
(0.9656856 1.0949749 1)
(1.0949749 1.0949749 1)
(1.2242642 1.0949749 1)
(1.3535535 1.0949749 1)
(1.4828428 1.0949749 1)
(1.6121321 1.0949749 1)
(1.7414214 1.0949749 1)
(1.8707107 1.0949749 1)
(2 1.0949749 1)
(0.707107 1.2242642 1)
(0.8363963 1.2242642 1)
(0.9656856 1.2242642 1)
(1.0949749 1.2242642 1)
(1.2242642 1.2242642 1)
(1.3535535 1.2242642 1)
(1.4828428 1.2242642 1)
(1.6121321 1.2242642 1)
(1.7414214 1.2242642 1)
(1.8707107 1.2242642 1)
(2 1.2242642 1)
(0.707107 1.3535535 1)
(0.8363963 1.3535535 1)
(0.9656856 1.3535535 1)
(1.0949749 1.3535535 1)
(1.2242642 1.3535535 1)
(1.3535535 1.3535535 1)
(1.4828428 1.3535535 1)
(1.6121321 1.3535535 1)
(1.7414214 1.3535535 1)
(1.8707107 1.3535535 1)
(2 1.3535535 1)
(0.707107 1.4828428 1)
(0.8363963 1.4828428 1)
(0.9656856 1.4828428 1)
(1.0949749 1.4828428 1)
(1.2242642 1.4828428 1)
(1.3535535 1.4828428 1)
(1.4828428 1.4828428 1)
(1.6121321 1.4828428 1)
(1.7414214 1.4828428 1)
(1.8707107 1.4828428 1)
(2 1.4828428 1)
(0.707107 1.6121321 1)
(0.8363963 1.6121321 1)
(0.9656856 1.6121321 1)
(1.0949749 1.6121321 1)
(1.2242642 1.6121321 1)
(1.3535535 1.6121321 1)
(1.4828428 1.6121321 1)
(1.6121321 1.6121321 1)
(1.7414214 1.6121321 1)
(1.8707107 1.6121321 1)
(2 1.6121321 1)
(0.707107 1.7414214 1)
(0.8363963 1.7414214 1)
(0.9656856 1.7414214 1)
(1.0949749 1.7414214 1)
(1.2242642 1.7414214 1)
(1.3535535 1.7414214 1)
(1.4828428 1.7414214 1)
(1.6121321 1.7414214 1)
(1.7414214 1.7414214 1)
(1.8707107 1.7414214 1)
(2 1.7414214 1)
(0.707107 1.8707107 1)
(0.8363963 1.8707107 1)
(0.9656856 1.8707107 1)
(1.0949749 1.8707107 1)
(1.2242642 1.8707107 1)
(1.3535535 1.8707107 1)
(1.4828428 1.8707107 1)
(1.6121321 1.8707107 1)
(1.7414214 1.8707107 1)
(1.8707107 1.8707107 1)
(2 1.8707107 1)
(0.707107 2 1)
(0.8363963 2 1)
(0.9656856 2 1)
(1.0949749 2 1)
(1.2242642 2 1)
(1.3535535 2 1)
(1.4828428 2 1)
(1.6121321 2 1)
(1.7414214 2 1)
(1.8707107 2 1)
(2 2 1)
(0 1.1 0)
(0.1549332076 1.088919654 0)
(0.3063996842 1.055951102 0)
(0.4510180337 1.001906144 0)
(0.5855754849 0.9281155505 0)
(0 1.2 0)
(0.1534318957 1.190150803 0)
(0.3037822526 1.160845424 0)
(0.4480453855 1.112805461 0)
(0.5833654977 1.047213823 0)
(0 1.3 0)
(0.1519305837 1.291381953 0)
(0.301164821 1.265739746 0)
(0.4450727373 1.223704778 0)
(0.5811555105 1.166312095 0)
(0 1.4 0)
(0.1504292718 1.392613103 0)
(0.2985473894 1.370634068 0)
(0.4421000891 1.334604096 0)
(0.5789455233 1.285410367 0)
(0 1.5 0)
(0.1489279598 1.493844252 0)
(0.2959299579 1.47552839 0)
(0.439127441 1.445503413 0)
(0.576735536 1.404508639 0)
(0 1.6 0)
(0.1474266478 1.595075402 0)
(0.2933125263 1.580422712 0)
(0.4361547928 1.556402731 0)
(0.5745255488 1.523606911 0)
(0 1.7 0)
(0.1459253359 1.696306551 0)
(0.2906950947 1.685317034 0)
(0.4331821446 1.667302048 0)
(0.5723155616 1.642705184 0)
(0 1.8 0)
(0.1444240239 1.797537701 0)
(0.2880776631 1.790211356 0)
(0.4302094964 1.778201365 0)
(0.5701055744 1.761803456 0)
(0 1.9 0)
(0.142922712 1.89876885 0)
(0.2854602316 1.895105678 0)
(0.4272368482 1.889100683 0)
(0.5678955872 1.880901728 0)
(0 2 0)
(0.1414214 2 0)
(0.2828428 2 0)
(0.4242642 2 0)
(0.5656856 2 0)
(0 1.1 1)
(0.1549332076 1.088919654 1)
(0.3063996842 1.055951102 1)
(0.4510180337 1.001906144 1)
(0.5855754849 0.9281155505 1)
(0 1.2 1)
(0.1534318957 1.190150803 1)
(0.3037822526 1.160845424 1)
(0.4480453855 1.112805461 1)
(0.5833654977 1.047213823 1)
(0 1.3 1)
(0.1519305837 1.291381953 1)
(0.301164821 1.265739746 1)
(0.4450727373 1.223704778 1)
(0.5811555105 1.166312095 1)
(0 1.4 1)
(0.1504292718 1.392613103 1)
(0.2985473894 1.370634068 1)
(0.4421000891 1.334604096 1)
(0.5789455233 1.285410367 1)
(0 1.5 1)
(0.1489279598 1.493844252 1)
(0.2959299579 1.47552839 1)
(0.439127441 1.445503413 1)
(0.576735536 1.404508639 1)
(0 1.6 1)
(0.1474266478 1.595075402 1)
(0.2933125263 1.580422712 1)
(0.4361547928 1.556402731 1)
(0.5745255488 1.523606911 1)
(0 1.7 1)
(0.1459253359 1.696306551 1)
(0.2906950947 1.685317034 1)
(0.4331821446 1.667302048 1)
(0.5723155616 1.642705184 1)
(0 1.8 1)
(0.1444240239 1.797537701 1)
(0.2880776631 1.790211356 1)
(0.4302094964 1.778201365 1)
(0.5701055744 1.761803456 1)
(0 1.9 1)
(0.142922712 1.89876885 1)
(0.2854602316 1.895105678 1)
(0.4272368482 1.889100683 1)
(0.5678955872 1.880901728 1)
(0 2 1)
(0.1414214 2 1)
(0.2828428 2 1)
(0.4242642 2 1)
(0.5656856 2 1)
)


// ************************************************************************* //
