/*--------------------------------*- C++ -*----------------------------------*\
| =========                 |                                                 |
| \\      /  F ield         | foam-extend: Open Source CFD                    |
|  \\    /   O peration     | Version:     4.0                                |
|   \\  /    A nd           | Web:         http://www.foam-extend.org         |
|    \\/     M anipulation  |                                                 |
\*---------------------------------------------------------------------------*/
FoamFile
{
    version     2.0;
    format      ascii;
    class       labelList;
    note        "nPoints: 100 nAllPoints: 100 nInternalFaces: 620 nFaces: 748 nAllFaces: 748 nCells: 342";
    location    "constant/polyMesh";
    object      owner;
}
// * * * * * * * * * * * * * * * * * * * * * * * * * * * * * * * * * * * * * //


748
(
0
0
0
1
1
1
1
2
2
2
3
3
3
4
4
4
4
5
5
5
5
6
6
6
7
7
7
7
8
8
8
8
9
9
9
10
10
10
10
11
11
11
11
12
12
13
13
13
13
14
14
14
14
15
15
15
15
16
16
16
16
17
17
17
17
18
18
18
18
19
19
19
20
20
20
20
21
21
22
22
22
23
23
23
23
24
24
24
24
25
25
25
26
26
27
27
27
28
28
28
28
29
29
29
30
30
30
31
31
31
32
32
33
33
34
34
34
35
35
35
36
36
36
37
37
38
38
38
38
39
39
39
40
40
40
40
41
41
41
42
42
42
43
43
43
44
44
44
45
45
45
45
46
46
46
46
47
47
48
49
49
49
50
50
50
50
51
51
51
52
52
53
53
53
54
54
54
55
55
55
56
56
56
57
57
57
58
58
58
59
59
60
60
61
61
61
63
63
63
64
64
64
65
65
65
66
66
67
67
67
67
68
68
68
69
69
70
70
70
71
71
72
72
72
73
74
74
75
75
76
76
77
77
77
79
79
79
80
80
80
81
81
82
82
83
83
83
84
84
84
85
85
86
86
87
87
87
87
88
88
88
89
89
89
89
90
90
90
91
91
91
92
92
92
93
93
94
95
96
97
98
100
100
101
101
101
102
102
103
103
103
104
105
105
106
106
106
107
107
107
108
108
108
108
109
110
110
110
111
111
112
112
113
114
114
114
115
115
115
115
116
116
116
117
117
118
118
119
119
119
120
120
120
121
121
122
122
122
123
123
123
123
124
124
125
125
125
126
126
126
126
127
127
127
127
128
128
129
130
130
130
131
131
132
132
133
133
134
134
134
135
135
136
137
137
137
138
138
139
139
140
140
141
142
142
142
142
144
144
145
145
146
146
147
148
149
150
151
151
152
152
153
153
154
154
154
155
155
156
156
157
157
158
158
158
158
159
159
159
160
160
161
161
161
162
163
164
164
167
167
169
169
170
173
174
174
175
175
176
176
176
179
179
180
180
181
182
182
182
183
184
185
186
186
186
187
187
189
189
190
190
191
191
193
193
193
194
195
195
195
196
197
198
198
199
200
201
201
201
202
203
204
204
205
206
206
206
207
208
208
208
209
209
209
210
211
213
213
213
214
216
217
217
218
218
219
220
222
222
222
223
224
225
226
226
226
227
229
230
230
230
233
233
235
235
236
237
238
238
240
240
244
245
245
247
248
248
250
252
252
253
253
254
255
255
258
258
259
261
262
262
263
266
266
268
268
268
268
270
271
272
273
273
274
274
276
276
278
278
278
279
280
281
281
282
284
284
284
285
285
285
285
286
286
287
288
288
289
291
292
293
293
295
295
298
300
302
303
303
305
307
309
309
310
311
314
316
318
321
322
324
324
328
329
330
331
332
334
334
340
6
21
26
35
42
59
137
146
148
149
152
162
165
174
203
214
234
238
240
245
266
273
274
283
34
63
65
69
76
81
96
97
117
132
143
170
175
178
180
205
218
219
224
242
278
281
289
300
19
30
43
62
71
78
83
92
104
140
147
172
180
184
192
225
244
249
251
291
0
36
47
49
54
80
111
112
113
157
164
173
207
208
212
233
241
255
264
308
3
12
22
48
60
62
73
82
95
99
139
145
163
168
177
183
200
227
256
308
2
25
32
33
70
84
90
94
98
118
125
129
133
143
217
220
239
258
269
271
)


// ************************************************************************* //
