/*--------------------------------*- C++ -*----------------------------------*\
| =========                 |                                                 |
| \\      /  F ield         | foam-extend: Open Source CFD                    |
|  \\    /   O peration     | Version:     4.0                                |
|   \\  /    A nd           | Web:         http://www.foam-extend.org         |
|    \\/     M anipulation  |                                                 |
\*---------------------------------------------------------------------------*/
FoamFile
{
    version     2.0;
    format      ascii;
    class       vectorField;
    location    "constant/polyMesh";
    object      points;
}
// * * * * * * * * * * * * * * * * * * * * * * * * * * * * * * * * * * * * * //


100
(
(0.1875409157 0.7831789378 0.8388575871)
(0.4905633695 0.7784082426 0.7607138318)
(0.1944444403 0.755051016 0.5555555605)
(0.1379126462 0.5032988788 0.8273967514)
(0.8175875707 0.8243147158 0.8201917834)
(0.2345027823 0.2483887913 0.764432317)
(0.3611111037 0.755051016 0.2222222239)
(0.7113585153 0.7901868988 0.5288498895)
(0.7601223222 0.5668584097 0.7725138969)
(0.1554783678 0.8094511894 0.1703615252)
(0.2125696195 0.3868932783 0.2581468525)
(0.6470768687 0.7402708199 0.2714178753)
(0.5016190366 0.1763040619 0.8224737745)
(0.8416609116 0.835473351 0.1661069068)
(0.755051016 0.2222222255 0.7777777778)
(0.3784236792 0.2339758603 0.2522856943)
(0.1952514268 0.1983579306 0.4688702734)
(0.7877953121 0.3647338358 0.2324214387)
(0.1661474084 0.1720767071 0.1987439833)
(0.8101962828 0.1890459763 0.4692206424)
(0.8598880977 0.1401119023 0.1932214338)
(0.4996474106 0.5141214824 0.2269884949)
(0.4925869641 0.2260515627 0.5537884719)
(0.5129501725 0.4536125847 0.7898536178)
(0.7625241505 0.4736350691 0.4827208493)
(0.4460390262 0.7966534081 0.4464702389)
(0.2193994174 0.4486084175 0.5527268315)
(0.2985043234 0.5922715484 0.7681955417)
(0.2413836811 0.624999988 0.3749737401)
(0.8088752466 0.5850048154 0.189994263)
(0.6097610084 0.2807417694 0.3409026487)
(0.4814432542 0.5610804666 0.5299519381)
(0.3650468327 0.3845719808 0.3997121522)
(0.5476001737 0.8539428514 0.2161073914)
(0 1 1)
(0 0 1)
(0 0.6666666667 1)
(0 0.3333333333 1)
(0 1 0)
(0 1 0.3333333333)
(0 1 0.6666666667)
(0 0 0)
(0 0.6666666667 0)
(0 0.3333333333 0)
(0 0 0.3333333333)
(0 0 0.6666666667)
(1 0 1)
(0.3333333333 0 1)
(0.6666666667 0 1)
(1 0 0)
(0.3333333333 0 0)
(0.6666666667 0 0)
(1 0 0.3333333333)
(1 0 0.6666666667)
(1 1 1)
(1 0.3333333333 1)
(1 0.6666666667 1)
(1 1 0)
(1 0.3333333333 0)
(1 0.6666666667 0)
(1 1 0.3333333333)
(1 1 0.6666666667)
(0.6666666667 1 1)
(0.3333333333 1 1)
(0.6666666667 1 0)
(0.3333333333 1 0)
(0.3650981276 0.3697660219 1)
(0.6836052076 0.5049404231 1)
(0.4031997647 0.6598765017 1)
(0.6666666766 0.2500000075 1)
(0.6666666766 0.7500000075 1)
(0.1889931242 0.5605937202 1)
(0.1842318765 0.7768343211 1)
(0.3650981276 0.3697660219 0)
(0.6836052076 0.5049404231 0)
(0.4031997647 0.6598765017 0)
(0.6666666766 0.2500000075 0)
(0.6666666766 0.7500000075 0)
(0.1889931242 0.5605937202 0)
(0.1842318765 0.7768343211 0)
(0.6666666567 1 0.6666666667)
(0.4999999851 1 0.3333333333)
(0.3333333284 1 0.6666666766)
(0.7499999925 1 0.3333333383)
(0.2499999925 1 0.3333333383)
(1 0.3333333433 0.6666666667)
(1 0.5000000149 0.3333333333)
(1 0.6666666716 0.6666666766)
(1 0.2500000075 0.3333333383)
(1 0.7500000075 0.3333333383)
(0.3333333433 0 0.6666666667)
(0.5000000149 0 0.3333333333)
(0.6666666716 0 0.6666666766)
(0.2500000075 0 0.3333333383)
(0.7500000075 0 0.3333333383)
(0 0.6666666567 0.6666666667)
(0 0.4999999851 0.3333333333)
(0 0.3333333284 0.6666666766)
(0 0.7499999925 0.3333333383)
(0 0.2499999925 0.3333333383)
)


// ************************************************************************* //
