/*--------------------------------*- C++ -*----------------------------------*\
| =========                 |                                                 |
| \\      /  F ield         | foam-extend: Open Source CFD                    |
|  \\    /   O peration     | Version:     4.0                                |
|   \\  /    A nd           | Web:         http://www.foam-extend.org         |
|    \\/     M anipulation  |                                                 |
\*---------------------------------------------------------------------------*/
FoamFile
{
    version     2.0;
    format      ascii;
    class       labelList;
    note        "nPoints: 8712 nCells: 4225 nFaces: 17030 nInternalFaces: 8320";
    location    "constant/polyMesh";
    object      neighbour;
}
// * * * * * * * * * * * * * * * * * * * * * * * * * * * * * * * * * * * * * //


8320
(
1
65
2
66
3
67
4
68
5
69
6
70
7
71
8
72
9
73
10
74
11
75
12
76
13
77
14
78
15
79
16
80
17
81
18
82
19
83
20
84
21
85
22
86
23
87
24
88
25
89
26
90
27
91
28
92
29
93
30
94
31
95
32
96
33
97
34
98
35
99
36
100
37
101
38
102
39
103
40
104
41
105
42
106
43
107
44
108
45
109
46
110
47
111
48
112
49
113
50
114
51
115
52
116
53
117
54
118
55
119
56
120
57
121
58
122
59
123
60
124
61
125
62
126
63
127
64
128
129
66
130
67
131
68
132
69
133
70
134
71
135
72
136
73
137
74
138
75
139
76
140
77
141
78
142
79
143
80
144
81
145
82
146
83
147
84
148
85
149
86
150
87
151
88
152
89
153
90
154
91
155
92
156
93
157
94
158
95
159
96
160
97
161
98
162
99
163
100
164
101
165
102
166
103
167
104
168
105
169
106
170
107
171
108
172
109
173
110
174
111
175
112
176
113
177
114
178
115
179
116
180
117
181
118
182
119
183
120
184
121
185
122
186
123
187
124
188
125
189
126
190
127
191
128
192
129
193
194
131
195
132
196
133
197
134
198
135
199
136
200
137
201
138
202
139
203
140
204
141
205
142
206
143
207
144
208
145
209
146
210
147
211
148
212
149
213
150
214
151
215
152
216
153
217
154
218
155
219
156
220
157
221
158
222
159
223
160
224
161
225
162
226
163
227
164
228
165
229
166
230
167
231
168
232
169
233
170
234
171
235
172
236
173
237
174
238
175
239
176
240
177
241
178
242
179
243
180
244
181
245
182
246
183
247
184
248
185
249
186
250
187
251
188
252
189
253
190
254
191
255
192
256
193
257
194
258
259
196
260
197
261
198
262
199
263
200
264
201
265
202
266
203
267
204
268
205
269
206
270
207
271
208
272
209
273
210
274
211
275
212
276
213
277
214
278
215
279
216
280
217
281
218
282
219
283
220
284
221
285
222
286
223
287
224
288
225
289
226
290
227
291
228
292
229
293
230
294
231
295
232
296
233
297
234
298
235
299
236
300
237
301
238
302
239
303
240
304
241
305
242
306
243
307
244
308
245
309
246
310
247
311
248
312
249
313
250
314
251
315
252
316
253
317
254
318
255
319
256
320
257
321
258
322
259
323
324
261
325
262
326
263
327
264
328
265
329
266
330
267
331
268
332
269
333
270
334
271
335
272
336
273
337
274
338
275
339
276
340
277
341
278
342
279
343
280
344
281
345
282
346
283
347
284
348
285
349
286
350
287
351
288
352
289
353
290
354
291
355
292
356
293
357
294
358
295
359
296
360
297
361
298
362
299
363
300
364
301
365
302
366
303
367
304
368
305
369
306
370
307
371
308
372
309
373
310
374
311
375
312
376
313
377
314
378
315
379
316
380
317
381
318
382
319
383
320
384
321
385
322
386
323
387
324
388
389
326
390
327
391
328
392
329
393
330
394
331
395
332
396
333
397
334
398
335
399
336
400
337
401
338
402
339
403
340
404
341
405
342
406
343
407
344
408
345
409
346
410
347
411
348
412
349
413
350
414
351
415
352
416
353
417
354
418
355
419
356
420
357
421
358
422
359
423
360
424
361
425
362
426
363
427
364
428
365
429
366
430
367
431
368
432
369
433
370
434
371
435
372
436
373
437
374
438
375
439
376
440
377
441
378
442
379
443
380
444
381
445
382
446
383
447
384
448
385
449
386
450
387
451
388
452
389
453
454
391
455
392
456
393
457
394
458
395
459
396
460
397
461
398
462
399
463
400
464
401
465
402
466
403
467
404
468
405
469
406
470
407
471
408
472
409
473
410
474
411
475
412
476
413
477
414
478
415
479
416
480
417
481
418
482
419
483
420
484
421
485
422
486
423
487
424
488
425
489
426
490
427
491
428
492
429
493
430
494
431
495
432
496
433
497
434
498
435
499
436
500
437
501
438
502
439
503
440
504
441
505
442
506
443
507
444
508
445
509
446
510
447
511
448
512
449
513
450
514
451
515
452
516
453
517
454
518
519
456
520
457
521
458
522
459
523
460
524
461
525
462
526
463
527
464
528
465
529
466
530
467
531
468
532
469
533
470
534
471
535
472
536
473
537
474
538
475
539
476
540
477
541
478
542
479
543
480
544
481
545
482
546
483
547
484
548
485
549
486
550
487
551
488
552
489
553
490
554
491
555
492
556
493
557
494
558
495
559
496
560
497
561
498
562
499
563
500
564
501
565
502
566
503
567
504
568
505
569
506
570
507
571
508
572
509
573
510
574
511
575
512
576
513
577
514
578
515
579
516
580
517
581
518
582
519
583
584
521
585
522
586
523
587
524
588
525
589
526
590
527
591
528
592
529
593
530
594
531
595
532
596
533
597
534
598
535
599
536
600
537
601
538
602
539
603
540
604
541
605
542
606
543
607
544
608
545
609
546
610
547
611
548
612
549
613
550
614
551
615
552
616
553
617
554
618
555
619
556
620
557
621
558
622
559
623
560
624
561
625
562
626
563
627
564
628
565
629
566
630
567
631
568
632
569
633
570
634
571
635
572
636
573
637
574
638
575
639
576
640
577
641
578
642
579
643
580
644
581
645
582
646
583
647
584
648
649
586
650
587
651
588
652
589
653
590
654
591
655
592
656
593
657
594
658
595
659
596
660
597
661
598
662
599
663
600
664
601
665
602
666
603
667
604
668
605
669
606
670
607
671
608
672
609
673
610
674
611
675
612
676
613
677
614
678
615
679
616
680
617
681
618
682
619
683
620
684
621
685
622
686
623
687
624
688
625
689
626
690
627
691
628
692
629
693
630
694
631
695
632
696
633
697
634
698
635
699
636
700
637
701
638
702
639
703
640
704
641
705
642
706
643
707
644
708
645
709
646
710
647
711
648
712
649
713
714
651
715
652
716
653
717
654
718
655
719
656
720
657
721
658
722
659
723
660
724
661
725
662
726
663
727
664
728
665
729
666
730
667
731
668
732
669
733
670
734
671
735
672
736
673
737
674
738
675
739
676
740
677
741
678
742
679
743
680
744
681
745
682
746
683
747
684
748
685
749
686
750
687
751
688
752
689
753
690
754
691
755
692
756
693
757
694
758
695
759
696
760
697
761
698
762
699
763
700
764
701
765
702
766
703
767
704
768
705
769
706
770
707
771
708
772
709
773
710
774
711
775
712
776
713
777
714
778
779
716
780
717
781
718
782
719
783
720
784
721
785
722
786
723
787
724
788
725
789
726
790
727
791
728
792
729
793
730
794
731
795
732
796
733
797
734
798
735
799
736
800
737
801
738
802
739
803
740
804
741
805
742
806
743
807
744
808
745
809
746
810
747
811
748
812
749
813
750
814
751
815
752
816
753
817
754
818
755
819
756
820
757
821
758
822
759
823
760
824
761
825
762
826
763
827
764
828
765
829
766
830
767
831
768
832
769
833
770
834
771
835
772
836
773
837
774
838
775
839
776
840
777
841
778
842
779
843
844
781
845
782
846
783
847
784
848
785
849
786
850
787
851
788
852
789
853
790
854
791
855
792
856
793
857
794
858
795
859
796
860
797
861
798
862
799
863
800
864
801
865
802
866
803
867
804
868
805
869
806
870
807
871
808
872
809
873
810
874
811
875
812
876
813
877
814
878
815
879
816
880
817
881
818
882
819
883
820
884
821
885
822
886
823
887
824
888
825
889
826
890
827
891
828
892
829
893
830
894
831
895
832
896
833
897
834
898
835
899
836
900
837
901
838
902
839
903
840
904
841
905
842
906
843
907
844
908
909
846
910
847
911
848
912
849
913
850
914
851
915
852
916
853
917
854
918
855
919
856
920
857
921
858
922
859
923
860
924
861
925
862
926
863
927
864
928
865
929
866
930
867
931
868
932
869
933
870
934
871
935
872
936
873
937
874
938
875
939
876
940
877
941
878
942
879
943
880
944
881
945
882
946
883
947
884
948
885
949
886
950
887
951
888
952
889
953
890
954
891
955
892
956
893
957
894
958
895
959
896
960
897
961
898
962
899
963
900
964
901
965
902
966
903
967
904
968
905
969
906
970
907
971
908
972
909
973
974
911
975
912
976
913
977
914
978
915
979
916
980
917
981
918
982
919
983
920
984
921
985
922
986
923
987
924
988
925
989
926
990
927
991
928
992
929
993
930
994
931
995
932
996
933
997
934
998
935
999
936
1000
937
1001
938
1002
939
1003
940
1004
941
1005
942
1006
943
1007
944
1008
945
1009
946
1010
947
1011
948
1012
949
1013
950
1014
951
1015
952
1016
953
1017
954
1018
955
1019
956
1020
957
1021
958
1022
959
1023
960
1024
961
1025
962
1026
963
1027
964
1028
965
1029
966
1030
967
1031
968
1032
969
1033
970
1034
971
1035
972
1036
973
1037
974
1038
1039
976
1040
977
1041
978
1042
979
1043
980
1044
981
1045
982
1046
983
1047
984
1048
985
1049
986
1050
987
1051
988
1052
989
1053
990
1054
991
1055
992
1056
993
1057
994
1058
995
1059
996
1060
997
1061
998
1062
999
1063
1000
1064
1001
1065
1002
1066
1003
1067
1004
1068
1005
1069
1006
1070
1007
1071
1008
1072
1009
1073
1010
1074
1011
1075
1012
1076
1013
1077
1014
1078
1015
1079
1016
1080
1017
1081
1018
1082
1019
1083
1020
1084
1021
1085
1022
1086
1023
1087
1024
1088
1025
1089
1026
1090
1027
1091
1028
1092
1029
1093
1030
1094
1031
1095
1032
1096
1033
1097
1034
1098
1035
1099
1036
1100
1037
1101
1038
1102
1039
1103
1104
1041
1105
1042
1106
1043
1107
1044
1108
1045
1109
1046
1110
1047
1111
1048
1112
1049
1113
1050
1114
1051
1115
1052
1116
1053
1117
1054
1118
1055
1119
1056
1120
1057
1121
1058
1122
1059
1123
1060
1124
1061
1125
1062
1126
1063
1127
1064
1128
1065
1129
1066
1130
1067
1131
1068
1132
1069
1133
1070
1134
1071
1135
1072
1136
1073
1137
1074
1138
1075
1139
1076
1140
1077
1141
1078
1142
1079
1143
1080
1144
1081
1145
1082
1146
1083
1147
1084
1148
1085
1149
1086
1150
1087
1151
1088
1152
1089
1153
1090
1154
1091
1155
1092
1156
1093
1157
1094
1158
1095
1159
1096
1160
1097
1161
1098
1162
1099
1163
1100
1164
1101
1165
1102
1166
1103
1167
1104
1168
1169
1106
1170
1107
1171
1108
1172
1109
1173
1110
1174
1111
1175
1112
1176
1113
1177
1114
1178
1115
1179
1116
1180
1117
1181
1118
1182
1119
1183
1120
1184
1121
1185
1122
1186
1123
1187
1124
1188
1125
1189
1126
1190
1127
1191
1128
1192
1129
1193
1130
1194
1131
1195
1132
1196
1133
1197
1134
1198
1135
1199
1136
1200
1137
1201
1138
1202
1139
1203
1140
1204
1141
1205
1142
1206
1143
1207
1144
1208
1145
1209
1146
1210
1147
1211
1148
1212
1149
1213
1150
1214
1151
1215
1152
1216
1153
1217
1154
1218
1155
1219
1156
1220
1157
1221
1158
1222
1159
1223
1160
1224
1161
1225
1162
1226
1163
1227
1164
1228
1165
1229
1166
1230
1167
1231
1168
1232
1169
1233
1234
1171
1235
1172
1236
1173
1237
1174
1238
1175
1239
1176
1240
1177
1241
1178
1242
1179
1243
1180
1244
1181
1245
1182
1246
1183
1247
1184
1248
1185
1249
1186
1250
1187
1251
1188
1252
1189
1253
1190
1254
1191
1255
1192
1256
1193
1257
1194
1258
1195
1259
1196
1260
1197
1261
1198
1262
1199
1263
1200
1264
1201
1265
1202
1266
1203
1267
1204
1268
1205
1269
1206
1270
1207
1271
1208
1272
1209
1273
1210
1274
1211
1275
1212
1276
1213
1277
1214
1278
1215
1279
1216
1280
1217
1281
1218
1282
1219
1283
1220
1284
1221
1285
1222
1286
1223
1287
1224
1288
1225
1289
1226
1290
1227
1291
1228
1292
1229
1293
1230
1294
1231
1295
1232
1296
1233
1297
1234
1298
1299
1236
1300
1237
1301
1238
1302
1239
1303
1240
1304
1241
1305
1242
1306
1243
1307
1244
1308
1245
1309
1246
1310
1247
1311
1248
1312
1249
1313
1250
1314
1251
1315
1252
1316
1253
1317
1254
1318
1255
1319
1256
1320
1257
1321
1258
1322
1259
1323
1260
1324
1261
1325
1262
1326
1263
1327
1264
1328
1265
1329
1266
1330
1267
1331
1268
1332
1269
1333
1270
1334
1271
1335
1272
1336
1273
1337
1274
1338
1275
1339
1276
1340
1277
1341
1278
1342
1279
1343
1280
1344
1281
1345
1282
1346
1283
1347
1284
1348
1285
1349
1286
1350
1287
1351
1288
1352
1289
1353
1290
1354
1291
1355
1292
1356
1293
1357
1294
1358
1295
1359
1296
1360
1297
1361
1298
1362
1299
1363
1364
1301
1365
1302
1366
1303
1367
1304
1368
1305
1369
1306
1370
1307
1371
1308
1372
1309
1373
1310
1374
1311
1375
1312
1376
1313
1377
1314
1378
1315
1379
1316
1380
1317
1381
1318
1382
1319
1383
1320
1384
1321
1385
1322
1386
1323
1387
1324
1388
1325
1389
1326
1390
1327
1391
1328
1392
1329
1393
1330
1394
1331
1395
1332
1396
1333
1397
1334
1398
1335
1399
1336
1400
1337
1401
1338
1402
1339
1403
1340
1404
1341
1405
1342
1406
1343
1407
1344
1408
1345
1409
1346
1410
1347
1411
1348
1412
1349
1413
1350
1414
1351
1415
1352
1416
1353
1417
1354
1418
1355
1419
1356
1420
1357
1421
1358
1422
1359
1423
1360
1424
1361
1425
1362
1426
1363
1427
1364
1428
1429
1366
1430
1367
1431
1368
1432
1369
1433
1370
1434
1371
1435
1372
1436
1373
1437
1374
1438
1375
1439
1376
1440
1377
1441
1378
1442
1379
1443
1380
1444
1381
1445
1382
1446
1383
1447
1384
1448
1385
1449
1386
1450
1387
1451
1388
1452
1389
1453
1390
1454
1391
1455
1392
1456
1393
1457
1394
1458
1395
1459
1396
1460
1397
1461
1398
1462
1399
1463
1400
1464
1401
1465
1402
1466
1403
1467
1404
1468
1405
1469
1406
1470
1407
1471
1408
1472
1409
1473
1410
1474
1411
1475
1412
1476
1413
1477
1414
1478
1415
1479
1416
1480
1417
1481
1418
1482
1419
1483
1420
1484
1421
1485
1422
1486
1423
1487
1424
1488
1425
1489
1426
1490
1427
1491
1428
1492
1429
1493
1494
1431
1495
1432
1496
1433
1497
1434
1498
1435
1499
1436
1500
1437
1501
1438
1502
1439
1503
1440
1504
1441
1505
1442
1506
1443
1507
1444
1508
1445
1509
1446
1510
1447
1511
1448
1512
1449
1513
1450
1514
1451
1515
1452
1516
1453
1517
1454
1518
1455
1519
1456
1520
1457
1521
1458
1522
1459
1523
1460
1524
1461
1525
1462
1526
1463
1527
1464
1528
1465
1529
1466
1530
1467
1531
1468
1532
1469
1533
1470
1534
1471
1535
1472
1536
1473
1537
1474
1538
1475
1539
1476
1540
1477
1541
1478
1542
1479
1543
1480
1544
1481
1545
1482
1546
1483
1547
1484
1548
1485
1549
1486
1550
1487
1551
1488
1552
1489
1553
1490
1554
1491
1555
1492
1556
1493
1557
1494
1558
1559
1496
1560
1497
1561
1498
1562
1499
1563
1500
1564
1501
1565
1502
1566
1503
1567
1504
1568
1505
1569
1506
1570
1507
1571
1508
1572
1509
1573
1510
1574
1511
1575
1512
1576
1513
1577
1514
1578
1515
1579
1516
1580
1517
1581
1518
1582
1519
1583
1520
1584
1521
1585
1522
1586
1523
1587
1524
1588
1525
1589
1526
1590
1527
1591
1528
1592
1529
1593
1530
1594
1531
1595
1532
1596
1533
1597
1534
1598
1535
1599
1536
1600
1537
1601
1538
1602
1539
1603
1540
1604
1541
1605
1542
1606
1543
1607
1544
1608
1545
1609
1546
1610
1547
1611
1548
1612
1549
1613
1550
1614
1551
1615
1552
1616
1553
1617
1554
1618
1555
1619
1556
1620
1557
1621
1558
1622
1559
1623
1624
1561
1625
1562
1626
1563
1627
1564
1628
1565
1629
1566
1630
1567
1631
1568
1632
1569
1633
1570
1634
1571
1635
1572
1636
1573
1637
1574
1638
1575
1639
1576
1640
1577
1641
1578
1642
1579
1643
1580
1644
1581
1645
1582
1646
1583
1647
1584
1648
1585
1649
1586
1650
1587
1651
1588
1652
1589
1653
1590
1654
1591
1655
1592
1656
1593
1657
1594
1658
1595
1659
1596
1660
1597
1661
1598
1662
1599
1663
1600
1664
1601
1665
1602
1666
1603
1667
1604
1668
1605
1669
1606
1670
1607
1671
1608
1672
1609
1673
1610
1674
1611
1675
1612
1676
1613
1677
1614
1678
1615
1679
1616
1680
1617
1681
1618
1682
1619
1683
1620
1684
1621
1685
1622
1686
1623
1687
1624
1688
1689
1626
1690
1627
1691
1628
1692
1629
1693
1630
1694
1631
1695
1632
1696
1633
1697
1634
1698
1635
1699
1636
1700
1637
1701
1638
1702
1639
1703
1640
1704
1641
1705
1642
1706
1643
1707
1644
1708
1645
1709
1646
1710
1647
1711
1648
1712
1649
1713
1650
1714
1651
1715
1652
1716
1653
1717
1654
1718
1655
1719
1656
1720
1657
1721
1658
1722
1659
1723
1660
1724
1661
1725
1662
1726
1663
1727
1664
1728
1665
1729
1666
1730
1667
1731
1668
1732
1669
1733
1670
1734
1671
1735
1672
1736
1673
1737
1674
1738
1675
1739
1676
1740
1677
1741
1678
1742
1679
1743
1680
1744
1681
1745
1682
1746
1683
1747
1684
1748
1685
1749
1686
1750
1687
1751
1688
1752
1689
1753
1754
1691
1755
1692
1756
1693
1757
1694
1758
1695
1759
1696
1760
1697
1761
1698
1762
1699
1763
1700
1764
1701
1765
1702
1766
1703
1767
1704
1768
1705
1769
1706
1770
1707
1771
1708
1772
1709
1773
1710
1774
1711
1775
1712
1776
1713
1777
1714
1778
1715
1779
1716
1780
1717
1781
1718
1782
1719
1783
1720
1784
1721
1785
1722
1786
1723
1787
1724
1788
1725
1789
1726
1790
1727
1791
1728
1792
1729
1793
1730
1794
1731
1795
1732
1796
1733
1797
1734
1798
1735
1799
1736
1800
1737
1801
1738
1802
1739
1803
1740
1804
1741
1805
1742
1806
1743
1807
1744
1808
1745
1809
1746
1810
1747
1811
1748
1812
1749
1813
1750
1814
1751
1815
1752
1816
1753
1817
1754
1818
1819
1756
1820
1757
1821
1758
1822
1759
1823
1760
1824
1761
1825
1762
1826
1763
1827
1764
1828
1765
1829
1766
1830
1767
1831
1768
1832
1769
1833
1770
1834
1771
1835
1772
1836
1773
1837
1774
1838
1775
1839
1776
1840
1777
1841
1778
1842
1779
1843
1780
1844
1781
1845
1782
1846
1783
1847
1784
1848
1785
1849
1786
1850
1787
1851
1788
1852
1789
1853
1790
1854
1791
1855
1792
1856
1793
1857
1794
1858
1795
1859
1796
1860
1797
1861
1798
1862
1799
1863
1800
1864
1801
1865
1802
1866
1803
1867
1804
1868
1805
1869
1806
1870
1807
1871
1808
1872
1809
1873
1810
1874
1811
1875
1812
1876
1813
1877
1814
1878
1815
1879
1816
1880
1817
1881
1818
1882
1819
1883
1884
1821
1885
1822
1886
1823
1887
1824
1888
1825
1889
1826
1890
1827
1891
1828
1892
1829
1893
1830
1894
1831
1895
1832
1896
1833
1897
1834
1898
1835
1899
1836
1900
1837
1901
1838
1902
1839
1903
1840
1904
1841
1905
1842
1906
1843
1907
1844
1908
1845
1909
1846
1910
1847
1911
1848
1912
1849
1913
1850
1914
1851
1915
1852
1916
1853
1917
1854
1918
1855
1919
1856
1920
1857
1921
1858
1922
1859
1923
1860
1924
1861
1925
1862
1926
1863
1927
1864
1928
1865
1929
1866
1930
1867
1931
1868
1932
1869
1933
1870
1934
1871
1935
1872
1936
1873
1937
1874
1938
1875
1939
1876
1940
1877
1941
1878
1942
1879
1943
1880
1944
1881
1945
1882
1946
1883
1947
1884
1948
1949
1886
1950
1887
1951
1888
1952
1889
1953
1890
1954
1891
1955
1892
1956
1893
1957
1894
1958
1895
1959
1896
1960
1897
1961
1898
1962
1899
1963
1900
1964
1901
1965
1902
1966
1903
1967
1904
1968
1905
1969
1906
1970
1907
1971
1908
1972
1909
1973
1910
1974
1911
1975
1912
1976
1913
1977
1914
1978
1915
1979
1916
1980
1917
1981
1918
1982
1919
1983
1920
1984
1921
1985
1922
1986
1923
1987
1924
1988
1925
1989
1926
1990
1927
1991
1928
1992
1929
1993
1930
1994
1931
1995
1932
1996
1933
1997
1934
1998
1935
1999
1936
2000
1937
2001
1938
2002
1939
2003
1940
2004
1941
2005
1942
2006
1943
2007
1944
2008
1945
2009
1946
2010
1947
2011
1948
2012
1949
2013
2014
1951
2015
1952
2016
1953
2017
1954
2018
1955
2019
1956
2020
1957
2021
1958
2022
1959
2023
1960
2024
1961
2025
1962
2026
1963
2027
1964
2028
1965
2029
1966
2030
1967
2031
1968
2032
1969
2033
1970
2034
1971
2035
1972
2036
1973
2037
1974
2038
1975
2039
1976
2040
1977
2041
1978
2042
1979
2043
1980
2044
1981
2045
1982
2046
1983
2047
1984
2048
1985
2049
1986
2050
1987
2051
1988
2052
1989
2053
1990
2054
1991
2055
1992
2056
1993
2057
1994
2058
1995
2059
1996
2060
1997
2061
1998
2062
1999
2063
2000
2064
2001
2065
2002
2066
2003
2067
2004
2068
2005
2069
2006
2070
2007
2071
2008
2072
2009
2073
2010
2074
2011
2075
2012
2076
2013
2077
2014
2078
2079
2016
2080
2017
2081
2018
2082
2019
2083
2020
2084
2021
2085
2022
2086
2023
2087
2024
2088
2025
2089
2026
2090
2027
2091
2028
2092
2029
2093
2030
2094
2031
2095
2032
2096
2033
2097
2034
2098
2035
2099
2036
2100
2037
2101
2038
2102
2039
2103
2040
2104
2041
2105
2042
2106
2043
2107
2044
2108
2045
2109
2046
2110
2047
2111
2048
2112
2049
2113
2050
2114
2051
2115
2052
2116
2053
2117
2054
2118
2055
2119
2056
2120
2057
2121
2058
2122
2059
2123
2060
2124
2061
2125
2062
2126
2063
2127
2064
2128
2065
2129
2066
2130
2067
2131
2068
2132
2069
2133
2070
2134
2071
2135
2072
2136
2073
2137
2074
2138
2075
2139
2076
2140
2077
2141
2078
2142
2079
2143
2144
2081
2145
2082
2146
2083
2147
2084
2148
2085
2149
2086
2150
2087
2151
2088
2152
2089
2153
2090
2154
2091
2155
2092
2156
2093
2157
2094
2158
2095
2159
2096
2160
2097
2161
2098
2162
2099
2163
2100
2164
2101
2165
2102
2166
2103
2167
2104
2168
2105
2169
2106
2170
2107
2171
2108
2172
2109
2173
2110
2174
2111
2175
2112
2176
2113
2177
2114
2178
2115
2179
2116
2180
2117
2181
2118
2182
2119
2183
2120
2184
2121
2185
2122
2186
2123
2187
2124
2188
2125
2189
2126
2190
2127
2191
2128
2192
2129
2193
2130
2194
2131
2195
2132
2196
2133
2197
2134
2198
2135
2199
2136
2200
2137
2201
2138
2202
2139
2203
2140
2204
2141
2205
2142
2206
2143
2207
2144
2208
2209
2146
2210
2147
2211
2148
2212
2149
2213
2150
2214
2151
2215
2152
2216
2153
2217
2154
2218
2155
2219
2156
2220
2157
2221
2158
2222
2159
2223
2160
2224
2161
2225
2162
2226
2163
2227
2164
2228
2165
2229
2166
2230
2167
2231
2168
2232
2169
2233
2170
2234
2171
2235
2172
2236
2173
2237
2174
2238
2175
2239
2176
2240
2177
2241
2178
2242
2179
2243
2180
2244
2181
2245
2182
2246
2183
2247
2184
2248
2185
2249
2186
2250
2187
2251
2188
2252
2189
2253
2190
2254
2191
2255
2192
2256
2193
2257
2194
2258
2195
2259
2196
2260
2197
2261
2198
2262
2199
2263
2200
2264
2201
2265
2202
2266
2203
2267
2204
2268
2205
2269
2206
2270
2207
2271
2208
2272
2209
2273
2274
2211
2275
2212
2276
2213
2277
2214
2278
2215
2279
2216
2280
2217
2281
2218
2282
2219
2283
2220
2284
2221
2285
2222
2286
2223
2287
2224
2288
2225
2289
2226
2290
2227
2291
2228
2292
2229
2293
2230
2294
2231
2295
2232
2296
2233
2297
2234
2298
2235
2299
2236
2300
2237
2301
2238
2302
2239
2303
2240
2304
2241
2305
2242
2306
2243
2307
2244
2308
2245
2309
2246
2310
2247
2311
2248
2312
2249
2313
2250
2314
2251
2315
2252
2316
2253
2317
2254
2318
2255
2319
2256
2320
2257
2321
2258
2322
2259
2323
2260
2324
2261
2325
2262
2326
2263
2327
2264
2328
2265
2329
2266
2330
2267
2331
2268
2332
2269
2333
2270
2334
2271
2335
2272
2336
2273
2337
2274
2338
2339
2276
2340
2277
2341
2278
2342
2279
2343
2280
2344
2281
2345
2282
2346
2283
2347
2284
2348
2285
2349
2286
2350
2287
2351
2288
2352
2289
2353
2290
2354
2291
2355
2292
2356
2293
2357
2294
2358
2295
2359
2296
2360
2297
2361
2298
2362
2299
2363
2300
2364
2301
2365
2302
2366
2303
2367
2304
2368
2305
2369
2306
2370
2307
2371
2308
2372
2309
2373
2310
2374
2311
2375
2312
2376
2313
2377
2314
2378
2315
2379
2316
2380
2317
2381
2318
2382
2319
2383
2320
2384
2321
2385
2322
2386
2323
2387
2324
2388
2325
2389
2326
2390
2327
2391
2328
2392
2329
2393
2330
2394
2331
2395
2332
2396
2333
2397
2334
2398
2335
2399
2336
2400
2337
2401
2338
2402
2339
2403
2404
2341
2405
2342
2406
2343
2407
2344
2408
2345
2409
2346
2410
2347
2411
2348
2412
2349
2413
2350
2414
2351
2415
2352
2416
2353
2417
2354
2418
2355
2419
2356
2420
2357
2421
2358
2422
2359
2423
2360
2424
2361
2425
2362
2426
2363
2427
2364
2428
2365
2429
2366
2430
2367
2431
2368
2432
2369
2433
2370
2434
2371
2435
2372
2436
2373
2437
2374
2438
2375
2439
2376
2440
2377
2441
2378
2442
2379
2443
2380
2444
2381
2445
2382
2446
2383
2447
2384
2448
2385
2449
2386
2450
2387
2451
2388
2452
2389
2453
2390
2454
2391
2455
2392
2456
2393
2457
2394
2458
2395
2459
2396
2460
2397
2461
2398
2462
2399
2463
2400
2464
2401
2465
2402
2466
2403
2467
2404
2468
2469
2406
2470
2407
2471
2408
2472
2409
2473
2410
2474
2411
2475
2412
2476
2413
2477
2414
2478
2415
2479
2416
2480
2417
2481
2418
2482
2419
2483
2420
2484
2421
2485
2422
2486
2423
2487
2424
2488
2425
2489
2426
2490
2427
2491
2428
2492
2429
2493
2430
2494
2431
2495
2432
2496
2433
2497
2434
2498
2435
2499
2436
2500
2437
2501
2438
2502
2439
2503
2440
2504
2441
2505
2442
2506
2443
2507
2444
2508
2445
2509
2446
2510
2447
2511
2448
2512
2449
2513
2450
2514
2451
2515
2452
2516
2453
2517
2454
2518
2455
2519
2456
2520
2457
2521
2458
2522
2459
2523
2460
2524
2461
2525
2462
2526
2463
2527
2464
2528
2465
2529
2466
2530
2467
2531
2468
2532
2469
2533
2534
2471
2535
2472
2536
2473
2537
2474
2538
2475
2539
2476
2540
2477
2541
2478
2542
2479
2543
2480
2544
2481
2545
2482
2546
2483
2547
2484
2548
2485
2549
2486
2550
2487
2551
2488
2552
2489
2553
2490
2554
2491
2555
2492
2556
2493
2557
2494
2558
2495
2559
2496
2560
2497
2561
2498
2562
2499
2563
2500
2564
2501
2565
2502
2566
2503
2567
2504
2568
2505
2569
2506
2570
2507
2571
2508
2572
2509
2573
2510
2574
2511
2575
2512
2576
2513
2577
2514
2578
2515
2579
2516
2580
2517
2581
2518
2582
2519
2583
2520
2584
2521
2585
2522
2586
2523
2587
2524
2588
2525
2589
2526
2590
2527
2591
2528
2592
2529
2593
2530
2594
2531
2595
2532
2596
2533
2597
2534
2598
2599
2536
2600
2537
2601
2538
2602
2539
2603
2540
2604
2541
2605
2542
2606
2543
2607
2544
2608
2545
2609
2546
2610
2547
2611
2548
2612
2549
2613
2550
2614
2551
2615
2552
2616
2553
2617
2554
2618
2555
2619
2556
2620
2557
2621
2558
2622
2559
2623
2560
2624
2561
2625
2562
2626
2563
2627
2564
2628
2565
2629
2566
2630
2567
2631
2568
2632
2569
2633
2570
2634
2571
2635
2572
2636
2573
2637
2574
2638
2575
2639
2576
2640
2577
2641
2578
2642
2579
2643
2580
2644
2581
2645
2582
2646
2583
2647
2584
2648
2585
2649
2586
2650
2587
2651
2588
2652
2589
2653
2590
2654
2591
2655
2592
2656
2593
2657
2594
2658
2595
2659
2596
2660
2597
2661
2598
2662
2599
2663
2664
2601
2665
2602
2666
2603
2667
2604
2668
2605
2669
2606
2670
2607
2671
2608
2672
2609
2673
2610
2674
2611
2675
2612
2676
2613
2677
2614
2678
2615
2679
2616
2680
2617
2681
2618
2682
2619
2683
2620
2684
2621
2685
2622
2686
2623
2687
2624
2688
2625
2689
2626
2690
2627
2691
2628
2692
2629
2693
2630
2694
2631
2695
2632
2696
2633
2697
2634
2698
2635
2699
2636
2700
2637
2701
2638
2702
2639
2703
2640
2704
2641
2705
2642
2706
2643
2707
2644
2708
2645
2709
2646
2710
2647
2711
2648
2712
2649
2713
2650
2714
2651
2715
2652
2716
2653
2717
2654
2718
2655
2719
2656
2720
2657
2721
2658
2722
2659
2723
2660
2724
2661
2725
2662
2726
2663
2727
2664
2728
2729
2666
2730
2667
2731
2668
2732
2669
2733
2670
2734
2671
2735
2672
2736
2673
2737
2674
2738
2675
2739
2676
2740
2677
2741
2678
2742
2679
2743
2680
2744
2681
2745
2682
2746
2683
2747
2684
2748
2685
2749
2686
2750
2687
2751
2688
2752
2689
2753
2690
2754
2691
2755
2692
2756
2693
2757
2694
2758
2695
2759
2696
2760
2697
2761
2698
2762
2699
2763
2700
2764
2701
2765
2702
2766
2703
2767
2704
2768
2705
2769
2706
2770
2707
2771
2708
2772
2709
2773
2710
2774
2711
2775
2712
2776
2713
2777
2714
2778
2715
2779
2716
2780
2717
2781
2718
2782
2719
2783
2720
2784
2721
2785
2722
2786
2723
2787
2724
2788
2725
2789
2726
2790
2727
2791
2728
2792
2729
2793
2794
2731
2795
2732
2796
2733
2797
2734
2798
2735
2799
2736
2800
2737
2801
2738
2802
2739
2803
2740
2804
2741
2805
2742
2806
2743
2807
2744
2808
2745
2809
2746
2810
2747
2811
2748
2812
2749
2813
2750
2814
2751
2815
2752
2816
2753
2817
2754
2818
2755
2819
2756
2820
2757
2821
2758
2822
2759
2823
2760
2824
2761
2825
2762
2826
2763
2827
2764
2828
2765
2829
2766
2830
2767
2831
2768
2832
2769
2833
2770
2834
2771
2835
2772
2836
2773
2837
2774
2838
2775
2839
2776
2840
2777
2841
2778
2842
2779
2843
2780
2844
2781
2845
2782
2846
2783
2847
2784
2848
2785
2849
2786
2850
2787
2851
2788
2852
2789
2853
2790
2854
2791
2855
2792
2856
2793
2857
2794
2858
2859
2796
2860
2797
2861
2798
2862
2799
2863
2800
2864
2801
2865
2802
2866
2803
2867
2804
2868
2805
2869
2806
2870
2807
2871
2808
2872
2809
2873
2810
2874
2811
2875
2812
2876
2813
2877
2814
2878
2815
2879
2816
2880
2817
2881
2818
2882
2819
2883
2820
2884
2821
2885
2822
2886
2823
2887
2824
2888
2825
2889
2826
2890
2827
2891
2828
2892
2829
2893
2830
2894
2831
2895
2832
2896
2833
2897
2834
2898
2835
2899
2836
2900
2837
2901
2838
2902
2839
2903
2840
2904
2841
2905
2842
2906
2843
2907
2844
2908
2845
2909
2846
2910
2847
2911
2848
2912
2849
2913
2850
2914
2851
2915
2852
2916
2853
2917
2854
2918
2855
2919
2856
2920
2857
2921
2858
2922
2859
2923
2924
2861
2925
2862
2926
2863
2927
2864
2928
2865
2929
2866
2930
2867
2931
2868
2932
2869
2933
2870
2934
2871
2935
2872
2936
2873
2937
2874
2938
2875
2939
2876
2940
2877
2941
2878
2942
2879
2943
2880
2944
2881
2945
2882
2946
2883
2947
2884
2948
2885
2949
2886
2950
2887
2951
2888
2952
2889
2953
2890
2954
2891
2955
2892
2956
2893
2957
2894
2958
2895
2959
2896
2960
2897
2961
2898
2962
2899
2963
2900
2964
2901
2965
2902
2966
2903
2967
2904
2968
2905
2969
2906
2970
2907
2971
2908
2972
2909
2973
2910
2974
2911
2975
2912
2976
2913
2977
2914
2978
2915
2979
2916
2980
2917
2981
2918
2982
2919
2983
2920
2984
2921
2985
2922
2986
2923
2987
2924
2988
2989
2926
2990
2927
2991
2928
2992
2929
2993
2930
2994
2931
2995
2932
2996
2933
2997
2934
2998
2935
2999
2936
3000
2937
3001
2938
3002
2939
3003
2940
3004
2941
3005
2942
3006
2943
3007
2944
3008
2945
3009
2946
3010
2947
3011
2948
3012
2949
3013
2950
3014
2951
3015
2952
3016
2953
3017
2954
3018
2955
3019
2956
3020
2957
3021
2958
3022
2959
3023
2960
3024
2961
3025
2962
3026
2963
3027
2964
3028
2965
3029
2966
3030
2967
3031
2968
3032
2969
3033
2970
3034
2971
3035
2972
3036
2973
3037
2974
3038
2975
3039
2976
3040
2977
3041
2978
3042
2979
3043
2980
3044
2981
3045
2982
3046
2983
3047
2984
3048
2985
3049
2986
3050
2987
3051
2988
3052
2989
3053
3054
2991
3055
2992
3056
2993
3057
2994
3058
2995
3059
2996
3060
2997
3061
2998
3062
2999
3063
3000
3064
3001
3065
3002
3066
3003
3067
3004
3068
3005
3069
3006
3070
3007
3071
3008
3072
3009
3073
3010
3074
3011
3075
3012
3076
3013
3077
3014
3078
3015
3079
3016
3080
3017
3081
3018
3082
3019
3083
3020
3084
3021
3085
3022
3086
3023
3087
3024
3088
3025
3089
3026
3090
3027
3091
3028
3092
3029
3093
3030
3094
3031
3095
3032
3096
3033
3097
3034
3098
3035
3099
3036
3100
3037
3101
3038
3102
3039
3103
3040
3104
3041
3105
3042
3106
3043
3107
3044
3108
3045
3109
3046
3110
3047
3111
3048
3112
3049
3113
3050
3114
3051
3115
3052
3116
3053
3117
3054
3118
3119
3056
3120
3057
3121
3058
3122
3059
3123
3060
3124
3061
3125
3062
3126
3063
3127
3064
3128
3065
3129
3066
3130
3067
3131
3068
3132
3069
3133
3070
3134
3071
3135
3072
3136
3073
3137
3074
3138
3075
3139
3076
3140
3077
3141
3078
3142
3079
3143
3080
3144
3081
3145
3082
3146
3083
3147
3084
3148
3085
3149
3086
3150
3087
3151
3088
3152
3089
3153
3090
3154
3091
3155
3092
3156
3093
3157
3094
3158
3095
3159
3096
3160
3097
3161
3098
3162
3099
3163
3100
3164
3101
3165
3102
3166
3103
3167
3104
3168
3105
3169
3106
3170
3107
3171
3108
3172
3109
3173
3110
3174
3111
3175
3112
3176
3113
3177
3114
3178
3115
3179
3116
3180
3117
3181
3118
3182
3119
3183
3184
3121
3185
3122
3186
3123
3187
3124
3188
3125
3189
3126
3190
3127
3191
3128
3192
3129
3193
3130
3194
3131
3195
3132
3196
3133
3197
3134
3198
3135
3199
3136
3200
3137
3201
3138
3202
3139
3203
3140
3204
3141
3205
3142
3206
3143
3207
3144
3208
3145
3209
3146
3210
3147
3211
3148
3212
3149
3213
3150
3214
3151
3215
3152
3216
3153
3217
3154
3218
3155
3219
3156
3220
3157
3221
3158
3222
3159
3223
3160
3224
3161
3225
3162
3226
3163
3227
3164
3228
3165
3229
3166
3230
3167
3231
3168
3232
3169
3233
3170
3234
3171
3235
3172
3236
3173
3237
3174
3238
3175
3239
3176
3240
3177
3241
3178
3242
3179
3243
3180
3244
3181
3245
3182
3246
3183
3247
3184
3248
3249
3186
3250
3187
3251
3188
3252
3189
3253
3190
3254
3191
3255
3192
3256
3193
3257
3194
3258
3195
3259
3196
3260
3197
3261
3198
3262
3199
3263
3200
3264
3201
3265
3202
3266
3203
3267
3204
3268
3205
3269
3206
3270
3207
3271
3208
3272
3209
3273
3210
3274
3211
3275
3212
3276
3213
3277
3214
3278
3215
3279
3216
3280
3217
3281
3218
3282
3219
3283
3220
3284
3221
3285
3222
3286
3223
3287
3224
3288
3225
3289
3226
3290
3227
3291
3228
3292
3229
3293
3230
3294
3231
3295
3232
3296
3233
3297
3234
3298
3235
3299
3236
3300
3237
3301
3238
3302
3239
3303
3240
3304
3241
3305
3242
3306
3243
3307
3244
3308
3245
3309
3246
3310
3247
3311
3248
3312
3249
3313
3314
3251
3315
3252
3316
3253
3317
3254
3318
3255
3319
3256
3320
3257
3321
3258
3322
3259
3323
3260
3324
3261
3325
3262
3326
3263
3327
3264
3328
3265
3329
3266
3330
3267
3331
3268
3332
3269
3333
3270
3334
3271
3335
3272
3336
3273
3337
3274
3338
3275
3339
3276
3340
3277
3341
3278
3342
3279
3343
3280
3344
3281
3345
3282
3346
3283
3347
3284
3348
3285
3349
3286
3350
3287
3351
3288
3352
3289
3353
3290
3354
3291
3355
3292
3356
3293
3357
3294
3358
3295
3359
3296
3360
3297
3361
3298
3362
3299
3363
3300
3364
3301
3365
3302
3366
3303
3367
3304
3368
3305
3369
3306
3370
3307
3371
3308
3372
3309
3373
3310
3374
3311
3375
3312
3376
3313
3377
3314
3378
3379
3316
3380
3317
3381
3318
3382
3319
3383
3320
3384
3321
3385
3322
3386
3323
3387
3324
3388
3325
3389
3326
3390
3327
3391
3328
3392
3329
3393
3330
3394
3331
3395
3332
3396
3333
3397
3334
3398
3335
3399
3336
3400
3337
3401
3338
3402
3339
3403
3340
3404
3341
3405
3342
3406
3343
3407
3344
3408
3345
3409
3346
3410
3347
3411
3348
3412
3349
3413
3350
3414
3351
3415
3352
3416
3353
3417
3354
3418
3355
3419
3356
3420
3357
3421
3358
3422
3359
3423
3360
3424
3361
3425
3362
3426
3363
3427
3364
3428
3365
3429
3366
3430
3367
3431
3368
3432
3369
3433
3370
3434
3371
3435
3372
3436
3373
3437
3374
3438
3375
3439
3376
3440
3377
3441
3378
3442
3379
3443
3444
3381
3445
3382
3446
3383
3447
3384
3448
3385
3449
3386
3450
3387
3451
3388
3452
3389
3453
3390
3454
3391
3455
3392
3456
3393
3457
3394
3458
3395
3459
3396
3460
3397
3461
3398
3462
3399
3463
3400
3464
3401
3465
3402
3466
3403
3467
3404
3468
3405
3469
3406
3470
3407
3471
3408
3472
3409
3473
3410
3474
3411
3475
3412
3476
3413
3477
3414
3478
3415
3479
3416
3480
3417
3481
3418
3482
3419
3483
3420
3484
3421
3485
3422
3486
3423
3487
3424
3488
3425
3489
3426
3490
3427
3491
3428
3492
3429
3493
3430
3494
3431
3495
3432
3496
3433
3497
3434
3498
3435
3499
3436
3500
3437
3501
3438
3502
3439
3503
3440
3504
3441
3505
3442
3506
3443
3507
3444
3508
3509
3446
3510
3447
3511
3448
3512
3449
3513
3450
3514
3451
3515
3452
3516
3453
3517
3454
3518
3455
3519
3456
3520
3457
3521
3458
3522
3459
3523
3460
3524
3461
3525
3462
3526
3463
3527
3464
3528
3465
3529
3466
3530
3467
3531
3468
3532
3469
3533
3470
3534
3471
3535
3472
3536
3473
3537
3474
3538
3475
3539
3476
3540
3477
3541
3478
3542
3479
3543
3480
3544
3481
3545
3482
3546
3483
3547
3484
3548
3485
3549
3486
3550
3487
3551
3488
3552
3489
3553
3490
3554
3491
3555
3492
3556
3493
3557
3494
3558
3495
3559
3496
3560
3497
3561
3498
3562
3499
3563
3500
3564
3501
3565
3502
3566
3503
3567
3504
3568
3505
3569
3506
3570
3507
3571
3508
3572
3509
3573
3574
3511
3575
3512
3576
3513
3577
3514
3578
3515
3579
3516
3580
3517
3581
3518
3582
3519
3583
3520
3584
3521
3585
3522
3586
3523
3587
3524
3588
3525
3589
3526
3590
3527
3591
3528
3592
3529
3593
3530
3594
3531
3595
3532
3596
3533
3597
3534
3598
3535
3599
3536
3600
3537
3601
3538
3602
3539
3603
3540
3604
3541
3605
3542
3606
3543
3607
3544
3608
3545
3609
3546
3610
3547
3611
3548
3612
3549
3613
3550
3614
3551
3615
3552
3616
3553
3617
3554
3618
3555
3619
3556
3620
3557
3621
3558
3622
3559
3623
3560
3624
3561
3625
3562
3626
3563
3627
3564
3628
3565
3629
3566
3630
3567
3631
3568
3632
3569
3633
3570
3634
3571
3635
3572
3636
3573
3637
3574
3638
3639
3576
3640
3577
3641
3578
3642
3579
3643
3580
3644
3581
3645
3582
3646
3583
3647
3584
3648
3585
3649
3586
3650
3587
3651
3588
3652
3589
3653
3590
3654
3591
3655
3592
3656
3593
3657
3594
3658
3595
3659
3596
3660
3597
3661
3598
3662
3599
3663
3600
3664
3601
3665
3602
3666
3603
3667
3604
3668
3605
3669
3606
3670
3607
3671
3608
3672
3609
3673
3610
3674
3611
3675
3612
3676
3613
3677
3614
3678
3615
3679
3616
3680
3617
3681
3618
3682
3619
3683
3620
3684
3621
3685
3622
3686
3623
3687
3624
3688
3625
3689
3626
3690
3627
3691
3628
3692
3629
3693
3630
3694
3631
3695
3632
3696
3633
3697
3634
3698
3635
3699
3636
3700
3637
3701
3638
3702
3639
3703
3704
3641
3705
3642
3706
3643
3707
3644
3708
3645
3709
3646
3710
3647
3711
3648
3712
3649
3713
3650
3714
3651
3715
3652
3716
3653
3717
3654
3718
3655
3719
3656
3720
3657
3721
3658
3722
3659
3723
3660
3724
3661
3725
3662
3726
3663
3727
3664
3728
3665
3729
3666
3730
3667
3731
3668
3732
3669
3733
3670
3734
3671
3735
3672
3736
3673
3737
3674
3738
3675
3739
3676
3740
3677
3741
3678
3742
3679
3743
3680
3744
3681
3745
3682
3746
3683
3747
3684
3748
3685
3749
3686
3750
3687
3751
3688
3752
3689
3753
3690
3754
3691
3755
3692
3756
3693
3757
3694
3758
3695
3759
3696
3760
3697
3761
3698
3762
3699
3763
3700
3764
3701
3765
3702
3766
3703
3767
3704
3768
3769
3706
3770
3707
3771
3708
3772
3709
3773
3710
3774
3711
3775
3712
3776
3713
3777
3714
3778
3715
3779
3716
3780
3717
3781
3718
3782
3719
3783
3720
3784
3721
3785
3722
3786
3723
3787
3724
3788
3725
3789
3726
3790
3727
3791
3728
3792
3729
3793
3730
3794
3731
3795
3732
3796
3733
3797
3734
3798
3735
3799
3736
3800
3737
3801
3738
3802
3739
3803
3740
3804
3741
3805
3742
3806
3743
3807
3744
3808
3745
3809
3746
3810
3747
3811
3748
3812
3749
3813
3750
3814
3751
3815
3752
3816
3753
3817
3754
3818
3755
3819
3756
3820
3757
3821
3758
3822
3759
3823
3760
3824
3761
3825
3762
3826
3763
3827
3764
3828
3765
3829
3766
3830
3767
3831
3768
3832
3769
3833
3834
3771
3835
3772
3836
3773
3837
3774
3838
3775
3839
3776
3840
3777
3841
3778
3842
3779
3843
3780
3844
3781
3845
3782
3846
3783
3847
3784
3848
3785
3849
3786
3850
3787
3851
3788
3852
3789
3853
3790
3854
3791
3855
3792
3856
3793
3857
3794
3858
3795
3859
3796
3860
3797
3861
3798
3862
3799
3863
3800
3864
3801
3865
3802
3866
3803
3867
3804
3868
3805
3869
3806
3870
3807
3871
3808
3872
3809
3873
3810
3874
3811
3875
3812
3876
3813
3877
3814
3878
3815
3879
3816
3880
3817
3881
3818
3882
3819
3883
3820
3884
3821
3885
3822
3886
3823
3887
3824
3888
3825
3889
3826
3890
3827
3891
3828
3892
3829
3893
3830
3894
3831
3895
3832
3896
3833
3897
3834
3898
3899
3836
3900
3837
3901
3838
3902
3839
3903
3840
3904
3841
3905
3842
3906
3843
3907
3844
3908
3845
3909
3846
3910
3847
3911
3848
3912
3849
3913
3850
3914
3851
3915
3852
3916
3853
3917
3854
3918
3855
3919
3856
3920
3857
3921
3858
3922
3859
3923
3860
3924
3861
3925
3862
3926
3863
3927
3864
3928
3865
3929
3866
3930
3867
3931
3868
3932
3869
3933
3870
3934
3871
3935
3872
3936
3873
3937
3874
3938
3875
3939
3876
3940
3877
3941
3878
3942
3879
3943
3880
3944
3881
3945
3882
3946
3883
3947
3884
3948
3885
3949
3886
3950
3887
3951
3888
3952
3889
3953
3890
3954
3891
3955
3892
3956
3893
3957
3894
3958
3895
3959
3896
3960
3897
3961
3898
3962
3899
3963
3964
3901
3965
3902
3966
3903
3967
3904
3968
3905
3969
3906
3970
3907
3971
3908
3972
3909
3973
3910
3974
3911
3975
3912
3976
3913
3977
3914
3978
3915
3979
3916
3980
3917
3981
3918
3982
3919
3983
3920
3984
3921
3985
3922
3986
3923
3987
3924
3988
3925
3989
3926
3990
3927
3991
3928
3992
3929
3993
3930
3994
3931
3995
3932
3996
3933
3997
3934
3998
3935
3999
3936
4000
3937
4001
3938
4002
3939
4003
3940
4004
3941
4005
3942
4006
3943
4007
3944
4008
3945
4009
3946
4010
3947
4011
3948
4012
3949
4013
3950
4014
3951
4015
3952
4016
3953
4017
3954
4018
3955
4019
3956
4020
3957
4021
3958
4022
3959
4023
3960
4024
3961
4025
3962
4026
3963
4027
3964
4028
4029
3966
4030
3967
4031
3968
4032
3969
4033
3970
4034
3971
4035
3972
4036
3973
4037
3974
4038
3975
4039
3976
4040
3977
4041
3978
4042
3979
4043
3980
4044
3981
4045
3982
4046
3983
4047
3984
4048
3985
4049
3986
4050
3987
4051
3988
4052
3989
4053
3990
4054
3991
4055
3992
4056
3993
4057
3994
4058
3995
4059
3996
4060
3997
4061
3998
4062
3999
4063
4000
4064
4001
4065
4002
4066
4003
4067
4004
4068
4005
4069
4006
4070
4007
4071
4008
4072
4009
4073
4010
4074
4011
4075
4012
4076
4013
4077
4014
4078
4015
4079
4016
4080
4017
4081
4018
4082
4019
4083
4020
4084
4021
4085
4022
4086
4023
4087
4024
4088
4025
4089
4026
4090
4027
4091
4028
4092
4029
4093
4094
4031
4095
4032
4096
4033
4097
4034
4098
4035
4099
4036
4100
4037
4101
4038
4102
4039
4103
4040
4104
4041
4105
4042
4106
4043
4107
4044
4108
4045
4109
4046
4110
4047
4111
4048
4112
4049
4113
4050
4114
4051
4115
4052
4116
4053
4117
4054
4118
4055
4119
4056
4120
4057
4121
4058
4122
4059
4123
4060
4124
4061
4125
4062
4126
4063
4127
4064
4128
4065
4129
4066
4130
4067
4131
4068
4132
4069
4133
4070
4134
4071
4135
4072
4136
4073
4137
4074
4138
4075
4139
4076
4140
4077
4141
4078
4142
4079
4143
4080
4144
4081
4145
4082
4146
4083
4147
4084
4148
4085
4149
4086
4150
4087
4151
4088
4152
4089
4153
4090
4154
4091
4155
4092
4156
4093
4157
4094
4158
4159
4096
4160
4097
4161
4098
4162
4099
4163
4100
4164
4101
4165
4102
4166
4103
4167
4104
4168
4105
4169
4106
4170
4107
4171
4108
4172
4109
4173
4110
4174
4111
4175
4112
4176
4113
4177
4114
4178
4115
4179
4116
4180
4117
4181
4118
4182
4119
4183
4120
4184
4121
4185
4122
4186
4123
4187
4124
4188
4125
4189
4126
4190
4127
4191
4128
4192
4129
4193
4130
4194
4131
4195
4132
4196
4133
4197
4134
4198
4135
4199
4136
4200
4137
4201
4138
4202
4139
4203
4140
4204
4141
4205
4142
4206
4143
4207
4144
4208
4145
4209
4146
4210
4147
4211
4148
4212
4149
4213
4150
4214
4151
4215
4152
4216
4153
4217
4154
4218
4155
4219
4156
4220
4157
4221
4158
4222
4159
4223
4224
4161
4162
4163
4164
4165
4166
4167
4168
4169
4170
4171
4172
4173
4174
4175
4176
4177
4178
4179
4180
4181
4182
4183
4184
4185
4186
4187
4188
4189
4190
4191
4192
4193
4194
4195
4196
4197
4198
4199
4200
4201
4202
4203
4204
4205
4206
4207
4208
4209
4210
4211
4212
4213
4214
4215
4216
4217
4218
4219
4220
4221
4222
4223
4224
)


// ************************************************************************* //
