/*--------------------------------*- C++ -*----------------------------------*\
| =========                 |                                                 |
| \\      /  F ield         | foam-extend: Open Source CFD                    |
|  \\    /   O peration     | Version:     4.0                                |
|   \\  /    A nd           | Web:         http://www.foam-extend.org         |
|    \\/     M anipulation  |                                                 |
\*---------------------------------------------------------------------------*/
FoamFile
{
    version     2.0;
    format      ascii;
    class       faceList;
    location    "constant/polyMesh";
    object      faces;
}
// * * * * * * * * * * * * * * * * * * * * * * * * * * * * * * * * * * * * * //


272
(
4(1 10 91 82)
4(9 90 91 10)
4(2 11 92 83)
4(10 91 92 11)
4(3 12 93 84)
4(11 92 93 12)
4(4 13 94 85)
4(12 93 94 13)
4(5 14 95 86)
4(13 94 95 14)
4(6 15 96 87)
4(14 95 96 15)
4(7 16 97 88)
4(15 96 97 16)
4(16 97 98 17)
4(10 19 100 91)
4(18 99 100 19)
4(11 20 101 92)
4(19 100 101 20)
4(12 21 102 93)
4(20 101 102 21)
4(13 22 103 94)
4(21 102 103 22)
4(14 23 104 95)
4(22 103 104 23)
4(15 24 105 96)
4(23 104 105 24)
4(16 25 106 97)
4(24 105 106 25)
4(25 106 107 26)
4(19 28 109 100)
4(27 108 109 28)
4(20 29 110 101)
4(28 109 110 29)
4(21 30 111 102)
4(29 110 111 30)
4(22 31 112 103)
4(30 111 112 31)
4(23 32 113 104)
4(31 112 113 32)
4(24 33 114 105)
4(32 113 114 33)
4(25 34 115 106)
4(33 114 115 34)
4(34 115 116 35)
4(28 37 118 109)
4(36 117 118 37)
4(29 38 119 110)
4(37 118 119 38)
4(30 39 120 111)
4(38 119 120 39)
4(31 40 121 112)
4(39 120 121 40)
4(32 41 122 113)
4(40 121 122 41)
4(33 42 123 114)
4(41 122 123 42)
4(34 43 124 115)
4(42 123 124 43)
4(43 124 125 44)
4(37 46 127 118)
4(45 126 127 46)
4(38 47 128 119)
4(46 127 128 47)
4(39 48 129 120)
4(47 128 129 48)
4(40 49 130 121)
4(48 129 130 49)
4(41 50 131 122)
4(49 130 131 50)
4(42 51 132 123)
4(50 131 132 51)
4(43 52 133 124)
4(51 132 133 52)
4(52 133 134 53)
4(46 55 136 127)
4(54 135 136 55)
4(47 56 137 128)
4(55 136 137 56)
4(48 57 138 129)
4(56 137 138 57)
4(49 58 139 130)
4(57 138 139 58)
4(50 59 140 131)
4(58 139 140 59)
4(51 60 141 132)
4(59 140 141 60)
4(52 61 142 133)
4(60 141 142 61)
4(61 142 143 62)
4(55 64 145 136)
4(63 144 145 64)
4(56 65 146 137)
4(64 145 146 65)
4(57 66 147 138)
4(65 146 147 66)
4(58 67 148 139)
4(66 147 148 67)
4(59 68 149 140)
4(67 148 149 68)
4(60 69 150 141)
4(68 149 150 69)
4(61 70 151 142)
4(69 150 151 70)
4(70 151 152 71)
4(64 73 154 145)
4(65 74 155 146)
4(66 75 156 147)
4(67 76 157 148)
4(68 77 158 149)
4(69 78 159 150)
4(70 79 160 151)
4(72 153 154 73)
4(73 154 155 74)
4(74 155 156 75)
4(75 156 157 76)
4(76 157 158 77)
4(77 158 159 78)
4(78 159 160 79)
4(79 160 161 80)
4(0 81 90 9)
4(9 90 99 18)
4(18 99 108 27)
4(27 108 117 36)
4(36 117 126 45)
4(45 126 135 54)
4(54 135 144 63)
4(63 144 153 72)
4(8 17 98 89)
4(17 26 107 98)
4(26 35 116 107)
4(35 44 125 116)
4(44 53 134 125)
4(53 62 143 134)
4(62 71 152 143)
4(71 80 161 152)
4(0 1 82 81)
4(1 2 83 82)
4(2 3 84 83)
4(3 4 85 84)
4(4 5 86 85)
4(5 6 87 86)
4(6 7 88 87)
4(7 8 89 88)
4(0 9 10 1)
4(9 18 19 10)
4(18 27 28 19)
4(27 36 37 28)
4(36 45 46 37)
4(45 54 55 46)
4(54 63 64 55)
4(63 72 73 64)
4(1 10 11 2)
4(10 19 20 11)
4(19 28 29 20)
4(28 37 38 29)
4(37 46 47 38)
4(46 55 56 47)
4(55 64 65 56)
4(64 73 74 65)
4(2 11 12 3)
4(11 20 21 12)
4(20 29 30 21)
4(29 38 39 30)
4(38 47 48 39)
4(47 56 57 48)
4(56 65 66 57)
4(65 74 75 66)
4(3 12 13 4)
4(12 21 22 13)
4(21 30 31 22)
4(30 39 40 31)
4(39 48 49 40)
4(48 57 58 49)
4(57 66 67 58)
4(66 75 76 67)
4(4 13 14 5)
4(13 22 23 14)
4(22 31 32 23)
4(31 40 41 32)
4(40 49 50 41)
4(49 58 59 50)
4(58 67 68 59)
4(67 76 77 68)
4(5 14 15 6)
4(14 23 24 15)
4(23 32 33 24)
4(32 41 42 33)
4(41 50 51 42)
4(50 59 60 51)
4(59 68 69 60)
4(68 77 78 69)
4(6 15 16 7)
4(15 24 25 16)
4(24 33 34 25)
4(33 42 43 34)
4(42 51 52 43)
4(51 60 61 52)
4(60 69 70 61)
4(69 78 79 70)
4(7 16 17 8)
4(16 25 26 17)
4(25 34 35 26)
4(34 43 44 35)
4(43 52 53 44)
4(52 61 62 53)
4(61 70 71 62)
4(70 79 80 71)
4(81 82 91 90)
4(90 91 100 99)
4(99 100 109 108)
4(108 109 118 117)
4(117 118 127 126)
4(126 127 136 135)
4(135 136 145 144)
4(144 145 154 153)
4(82 83 92 91)
4(91 92 101 100)
4(100 101 110 109)
4(109 110 119 118)
4(118 119 128 127)
4(127 128 137 136)
4(136 137 146 145)
4(145 146 155 154)
4(83 84 93 92)
4(92 93 102 101)
4(101 102 111 110)
4(110 111 120 119)
4(119 120 129 128)
4(128 129 138 137)
4(137 138 147 146)
4(146 147 156 155)
4(84 85 94 93)
4(93 94 103 102)
4(102 103 112 111)
4(111 112 121 120)
4(120 121 130 129)
4(129 130 139 138)
4(138 139 148 147)
4(147 148 157 156)
4(85 86 95 94)
4(94 95 104 103)
4(103 104 113 112)
4(112 113 122 121)
4(121 122 131 130)
4(130 131 140 139)
4(139 140 149 148)
4(148 149 158 157)
4(86 87 96 95)
4(95 96 105 104)
4(104 105 114 113)
4(113 114 123 122)
4(122 123 132 131)
4(131 132 141 140)
4(140 141 150 149)
4(149 150 159 158)
4(87 88 97 96)
4(96 97 106 105)
4(105 106 115 114)
4(114 115 124 123)
4(123 124 133 132)
4(132 133 142 141)
4(141 142 151 150)
4(150 151 160 159)
4(88 89 98 97)
4(97 98 107 106)
4(106 107 116 115)
4(115 116 125 124)
4(124 125 134 133)
4(133 134 143 142)
4(142 143 152 151)
4(151 152 161 160)
)


// ************************************************************************* //
